1
10
21
25
35
50
57
58
65
70
76
77
81
83
97
100
105
110
114
115
118
139
152
156
163
190
191
223
236
257
277
279
280
281
283
284
288
289
290
291
292
306
308
312
333
334
335
336
340
385
386
397
398
409
410
425
433
450
460
461
462
479
511
526
527
531
542
544
559
560
572
584
589
600
601
603
616
639
640
644
654
667
672
680
682
702
703
706
734
739
749
756
773
774
780
788
793
795
798
804
809
820
822
863
869
872
880
885
889
890
891
906
915
919
923
925
926
927
928
944
945
952
978
980
988
989
998
1014
1036
1037
1076
1088
1096
1097
1099
1141
1142
1171
1172
1173
1174
1175
1185
1196
1197
1198
1206
1207
1209
1245
1247
1248
1251
1256
1260
1267
1286
1288
1289
1297
1299
1300
1310
1312
1323
1327
1329
1338
1352
1358
1361
1365
1366
1367
1369
1370
1377
1406
1407
1409
1412
1413
1422
1423
1426
1427
1437
1438
1444
1447
1453
1454
1473
1474
1490
1491
1495
1505
1506
1513
1514
1520
1521
1530
1531
1545
1549
1551
1552
1558
1559
1562
1567
1568
1569
1592
1594
1601
1602
1614
1615
1633
1634
1666
1669
1712
1722
1726
1733
1734
1748
1753
1754
1758
1775
1792
1808
1810
1825
1839
1845
1874
1907
1908
1909
1911
1923
1924
1945
1959
1971
1980
1982
1988
1991
2012
2017
2026
2027
2068
2144
2151
2177
2178
2186
2195
2205
2228
2229
2231
2237
2286
2287
2292
2316
2324
2325
2333
2335
2336
2343
2347
2374
2439
2447
2449
2453
2454
2508
2509
2519
2520
2526
2541
2573
2602
2613
2643
2667
2670
2694
2698
2699
2738
2741
2779
2780
2781
2814
2818
2819
2829
2832
2869
2873
2878
2917
2918
2924
2957
2958
2959
2960
2977
2984
2985
2995
3018
3019
3021
3022
3035
3071
3117
3156
3161
3187
3188
3191
3234
3235
3245
3254
3274
3281
3291
3298
3325
3386
3387
3388
3392
3393
3420
3421
3438
3439
3444
3445
3457
3480
3481
3504
3608
3626
3646
3653
3664
3665
3720
3749
3765
3773
3778
3794
3810
3823
3824
3863
3866
3886
3896
3920
3921
3942
3943
3987
3988
4028
4030
4032
4033
4080
4081
4146
4150
4155
4159
4171
4177
4185
4190
4214
4218
4238
4239
4249
4268
4270
4271
4281
4283
4290
4314
4316
4317
4339
4370
4382
4455
4456
4458
4459
4519
4524
4531
4532
4551
4642
4686
4699
4700
4747
4848
4849
4859
4871
4872
4936
5017
5026
5042
5051
5065
5088
5095
5096
5129
5150
5197
5201
5202
5247
5255
5270
5289
5299
5306
5311
5314
5404
5412
5419
5420
5491
5508
5552
5561
5586
5638
5654
5670
5672
5739
5750
5776
5777
5784
5787
5788
5789
5825
5827
5843
5849
5862
5920
5952
5994
5999
6102
6285
6293
6295
6496
6578
6637
6837
6839
6900
6908
6983
7089
7188
7200
7227
7260
7336
7337
7377
7399
7420
7425
7426
7429
7433
7445
7467
7468
7478
7479
7485
7502
7540
7549
7566
7572
7596
7597
7598
7637
7638
7642
7643
7649
7652
7659
7662
7671
7707
7708
7709
7721
7722
7728
7741
7817
7830
7838
7839
7892
8114
8135
8277
8321
8329
8452
8458
8532
8568
8569
8590
