1
5
6
10
17
21
36
47
57
58
60
77
82
83
90
91
94
97
101
102
107
110
114
115
118
124
126
130
139
140
142
147
154
160
170
174
175
178
179
180
186
187
188
190
199
223
232
246
257
263
274
277
281
283
284
288
289
300
306
319
335
336
354
404
419
430
444
450
454
481
482
526
543
549
555
556
568
572
575
584
592
608
616
624
633
639
640
648
651
653
669
670
671
679
680
683
692
699
701
702
703
724
728
732
734
739
741
748
756
758
763
776
780
788
794
798
800
801
803
804
810
822
823
826
843
844
863
869
870
872
885
891
893
894
898
906
919
923
925
926
932
936
942
944
945
952
959
960
978
1014
1019
1032
1040
1049
1059
1088
1096
1097
1099
1105
1109
1110
1111
1119
1120
1123
1141
1147
1173
1174
1175
1201
1206
1207
1213
1226
1234
1245
1248
1251
1256
1261
1265
1266
1267
1268
1272
1283
1286
1288
1289
1295
1297
1299
1300
1305
1335
1365
1366
1367
1368
1377
1378
1379
1391
1401
1402
1406
1407
1423
1429
1437
1438
1453
1454
1461
1465
1470
1473
1474
1479
1495
1499
1505
1506
1512
1513
1519
1520
1528
1530
1531
1533
1559
1567
1568
1595
1601
1602
1611
1614
1615
1643
1669
1701
1722
1726
1734
1746
1748
1753
1754
1758
1775
1786
1806
1809
1812
1813
1825
1834
1842
1864
1880
1882
1885
1898
1909
1914
1938
1945
1946
1954
1960
1970
1971
1988
2059
2062
2084
2147
2150
2155
2161
2169
2170
2176
2177
2182
2187
2225
2227
2231
2242
2261
2308
2324
2325
2328
2333
2335
2336
2346
2351
2403
2420
2430
2475
2488
2503
2514
2518
2519
2524
2526
2541
2573
2581
2594
2613
2651
2652
2671
2677
2698
2699
2715
2779
2780
2787
2802
2818
2819
2820
2822
2823
2824
2865
2869
2878
2890
2901
2905
2924
2958
2979
2984
3018
3019
3020
3021
3022
3030
3035
3050
3071
3135
3136
3156
3187
3188
3191
3193
3254
3281
3291
3342
3346
3358
3379
3392
3393
3409
3410
3412
3436
3438
3439
3444
3445
3447
3451
3467
3480
3481
3486
3488
3512
3526
3555
3606
3622
3626
3643
3657
3664
3665
3691
3699
3720
3741
3742
3743
3747
3753
3754
3810
3819
3820
3823
3824
3829
3846
3848
3866
3886
3896
3904
3920
3921
3942
3984
4020
4028
4030
4056
4066
4068
4123
4132
4145
4146
4154
4171
4177
4196
4214
4224
4231
4235
4254
4261
4265
4270
4271
4284
4290
4292
4294
4317
4318
4334
4348
4370
4382
4411
4414
4419
4430
4447
4456
4457
4458
4502
4524
4526
4543
4551
4575
4615
4635
4655
4686
4699
4700
4731
4747
4757
4761
4820
4821
4823
4832
4833
4834
4846
4848
4849
4859
4864
4865
4936
4944
5017
5018
5021
5022
5026
5042
5050
5051
5071
5079
5178
5181
5197
5247
5289
5299
5311
5315
5333
5402
5406
5408
5412
5420
5422
5435
5491
5505
5515
5517
5522
5526
5559
5561
5586
5587
5588
5599
5648
5654
5670
5744
5766
5778
5787
5788
5798
5805
5825
5849
5862
5908
5920
5952
5994
6028
6101
6108
6155
6156
6285
6295
6347
6496
6637
6781
6798
6837
6839
6875
7089
7188
7200
7227
7240
7260
7282
7336
7337
7377
7397
7399
7402
7418
7420
7436
7455
7467
7468
7478
7479
7483
7485
7493
7495
7498
7499
7502
7520
7529
7536
7539
7540
7549
7566
7568
7569
7581
7591
7596
7597
7598
7614
7626
7637
7638
7642
7643
7652
7657
7662
7671
7696
7707
7721
7722
7770
7785
7817
7830
7892
8021
8135
8277
8318
8329
8452
8479
8543
8767
8863
8986
