1
2
35
50
52
53
83
103
106
107
110
117
130
137
139
142
147
148
151
174
175
186
187
199
208
235
242
246
263
281
283
284
288
331
333
336
343
352
354
386
390
391
422
431
450
457
468
469
475
476
479
494
502
503
511
515
526
528
534
543
545
555
568
584
589
602
616
624
648
652
668
677
683
688
702
703
705
710
722
728
732
734
756
775
776
788
802
803
804
821
823
834
840
842
855
857
863
869
872
889
891
894
902
906
919
923
925
926
927
928
935
936
939
945
952
969
978
988
999
1000
1014
1015
1040
1059
1087
1088
1096
1097
1099
1105
1109
1110
1120
1123
1141
1142
1146
1147
1170
1172
1174
1175
1178
1182
1193
1206
1207
1226
1231
1232
1236
1242
1245
1247
1248
1253
1267
1268
1270
1282
1284
1286
1288
1289
1290
1305
1312
1323
1345
1359
1365
1366
1367
1369
1370
1371
1391
1410
1423
1424
1429
1434
1453
1454
1465
1470
1505
1506
1525
1527
1533
1541
1548
1554
1562
1592
1611
1629
1722
1734
1740
1748
1758
1775
1776
1786
1791
1806
1813
1842
1845
1847
1864
1885
1909
1923
1924
1938
1946
1988
2026
2027
2036
2058
2059
2084
2144
2147
2155
2159
2160
2162
2176
2177
2180
2182
2198
2231
2237
2268
2289
2316
2328
2333
2351
2378
2420
2430
2449
2482
2488
2492
2500
2501
2514
2566
2613
2669
2677
2715
2748
2779
2787
2794
2801
2802
2815
2818
2823
2829
2842
2868
2869
2878
2901
2904
2942
2984
3014
3018
3019
3020
3021
3024
3050
3071
3077
3085
3117
3206
3271
3279
3346
3358
3379
3392
3393
3421
3436
3438
3439
3444
3445
3451
3457
3467
3475
3506
3507
3512
3533
3554
3555
3564
3606
3607
3608
3615
3664
3691
3699
3708
3720
3741
3742
3744
3751
3753
3754
3810
3820
3823
3824
3848
3854
3855
3882
3886
3896
3904
3920
3921
3922
3929
3946
3953
4002
4028
4030
4056
4066
4068
4080
4115
4125
4130
4217
4270
4281
4290
4322
4419
4434
4437
4447
4452
4457
4458
4507
4526
4543
4551
4565
4575
4609
4635
4653
4692
4699
4700
4701
4704
4757
4834
4846
4848
4849
4865
5007
5017
5019
5051
5066
5079
5084
5115
5123
5188
5214
5311
5319
5326
5354
5412
5420
5487
5512
5515
5517
5522
5599
5617
5670
5702
5739
5752
5766
5778
5787
5788
5805
5825
5829
5843
5849
5862
5908
5920
5994
5999
6101
6136
6141
6155
6156
6295
6318
6409
6575
6578
6600
6637
6767
6837
6854
7052
7058
7059
7062
7089
7171
7200
7227
7260
7317
7336
7337
7377
7399
7407
7408
7420
7436
7448
7455
7480
7483
7493
7529
7540
7557
7568
7581
7598
7626
7636
7637
7638
7642
7643
7645
7648
7652
7657
7667
7673
7675
7696
7704
7707
7709
7721
7722
7731
7745
7809
7839
7892
7989
8050
8111
8285
8329
8348
8458
8491
8523
8543
8568
8569
8616
8674
8852
8861
8863
8986
9100
9512
9534
9535
9538
9547
9548
9603
9616
9722
9723
9729
9734
9735
9746
