1
10
25
35
42
50
52
53
57
58
63
77
82
83
89
91
94
107
108
110
114
118
119
126
130
142
143
147
148
174
175
177
199
208
235
236
246
252
254
263
281
283
284
288
294
331
333
352
359
360
362
402
404
409
410
422
430
438
450
469
480
511
515
526
528
534
543
545
549
556
559
560
568
589
600
601
602
617
619
624
639
640
644
651
653
695
702
703
732
748
756
766
768
780
788
794
800
801
804
809
810
823
834
839
840
844
847
857
869
872
889
891
893
894
906
909
915
919
925
926
927
928
930
932
936
939
949
952
959
969
978
988
996
997
999
1000
1055
1059
1087
1088
1096
1097
1102
1103
1105
1123
1132
1141
1142
1147
1161
1162
1170
1174
1175
1181
1183
1213
1226
1231
1245
1248
1256
1265
1267
1268
1270
1284
1288
1289
1297
1299
1300
1305
1312
1323
1334
1338
1343
1344
1355
1365
1366
1367
1368
1377
1378
1379
1391
1423
1429
1435
1437
1438
1447
1453
1454
1465
1473
1474
1479
1505
1506
1527
1533
1536
1544
1549
1556
1559
1567
1568
1569
1592
1595
1611
1614
1615
1682
1683
1722
1726
1734
1748
1758
1775
1792
1810
1812
1813
1847
1874
1898
1905
1906
1907
1908
1909
1914
1922
1923
1924
1938
1946
1954
1961
1971
1988
1989
1991
2036
2068
2084
2119
2144
2151
2161
2169
2170
2180
2182
2205
2225
2227
2231
2237
2261
2316
2346
2430
2449
2482
2508
2509
2514
2515
2517
2518
2524
2581
2594
2613
2628
2651
2664
2667
2671
2680
2698
2699
2715
2759
2760
2779
2802
2822
2824
2869
2878
2901
2958
2984
2995
3009
3020
3035
3071
3077
3089
3090
3117
3175
3191
3193
3234
3235
3241
3273
3274
3291
3346
3379
3392
3436
3444
3445
3454
3457
3480
3481
3506
3512
3549
3555
3606
3608
3626
3646
3657
3720
3741
3744
3751
3754
3765
3773
3784
3810
3820
3823
3824
3829
3866
3886
3896
3920
3921
3929
3984
4030
4045
4056
4068
4070
4109
4145
4167
4177
4185
4215
4217
4224
4238
4239
4270
4290
4316
4370
4419
4447
4452
4457
4458
4459
4519
4551
4578
4579
4609
4615
4653
4655
4688
4699
4700
4757
4821
4834
4835
4848
4849
4858
4873
4944
4991
5017
5026
5050
5051
5066
5197
5220
5289
5299
5306
5308
5311
5314
5330
5371
5404
5406
5412
5416
5420
5422
5512
5513
5517
5552
5556
5599
5617
5714
5739
5744
5778
5784
5787
5788
5804
5825
5827
5849
5862
5883
5920
5952
5994
5999
6141
6155
6156
6285
6295
6496
6620
6628
6637
6781
6837
6839
6854
6862
6875
7052
7059
7089
7188
7200
7227
7260
7336
7337
7377
7397
7401
7420
7436
7438
7455
7478
7479
7493
7495
7498
7520
7536
7539
7540
7568
7569
7581
7598
7602
7614
7626
7636
7637
7638
7642
7643
7648
7649
7652
7662
7667
7675
7696
7704
7707
7709
7721
7722
7745
7749
7817
7825
7839
7892
8021
8050
8315
8329
8348
8452
8458
8532
8543
8568
8674
8767
8852
8861
8863
8986
