contig 0
  1998  -1995  1991  -1989  1983  412  -4620  -4622  -1849  2993  -5349  -6935  -4211  7600  -2002  -1975  -301  5955  -2189  -3079  -8391  -3078  -3077  2001  -2000  2994  -1999  2079  1996  -1994  -1993  -7610  1982  4661  4631  4630  -2007  -9077  7913  8418  -2998  -2009  2006  2003  -1706  4570  4588  -8768  8181  -4573  4574  -7316  4575  4543  6624  -2094  7576  -4544  4592  -1767  1715  -1768  171  3125  -7572  7900  -1723  -1725  2168  2167  -2165  8604  -2164  2362  -2361  7614  2161  2158  -2157  7613  3363  3362  -3576  -3360  6187
contig 1
  3027  -8571  2963  -6974  2959  3051  -7021  386  -5324  -390  -1943  5932  -351  -5933  8674  5947  -406  5934  -6081  -5936  5948  -355  3043  -356  -2064  391  7252  357  -5950  -2065  3047  2066  4495  -4496  -7093  -4497  6347  -4411  6348  1409  5214  -5213  -5235  5211  -334  5330  8056  -1922  432  1921  -1918  -431  -5293  -1913  3026  2955  931  -2033  8363  -1908  -1906  -2032  1904  -5221  -1900  -452  -930  6708  330  8358  -1903  -1905  -1907  -4401  4499  2942  -8066  5257  2944  -5217  -5256  -5215  6463  -1917  7863
contig 2
  223  -4859  7862  -907  4972  -4971  4857  4969  8467  2722  2900  -227  -254  -4968  4967  -4966  -4952  4965  -2684  7859  -2686  -229  -2881  8079  1649  -230  1802  68  69  -5336  7843  70  -2695  -2696  -2898  2697  2726  1675  6509  2700  -1669  -7485  8088  7514  8264  -7512  5313  -5415  209  -4839  4911  4910  -5479  1661  -5480  5417  -4907  4904  5342  8107  -5483  5484  -5343  4903  -4902  7510  -4901  -4828  -5314  -4900  -1687  1637  -57  58  -1638  -2714  5420  2715  -2716  -7882  916  7857  -1681  5423
contig 3
  -2757  2753  -1281  3818  824  3817  -3816  -4106  7895  -3863  -2829  -1262  4058  3980  -4706  -884  -3859  821  -1607  1606  -7084  -8556  -4020  -1261  -1260  4019  4760  3758  4787  -1233  -1258  4017  4111  -1252  -4758  1207  -1206  -855  2746  6268  4102  7083  4101  -3803  -2744  -2743  -2741  797  -3801  -2742  -6815  -875  4013  1204  6774  -4014  -4151  -3882  3883  2851  818  2672  4116  -4115  -2832  -6260  -1221  -8586  -1612  1611  -823  -7233
contig 4
  3867  -3872  2730  -80  5905  7431  -4726  3966  8552  3964  8248  -3963  4012  1271  7395  -3777  -815  2808  -3781  4120  780  -925  -926  2729  -2733  6796  3868  -3782  -3968  -3967  -3965  4725  -3778  -3962  3961  -3746  3959  2667  -7823  1211  4011  7822  -7429  7184  -4024  -4761  -140  4045  3765  -7061  -3766  4771  7887  4109  -7888  -3768  -3769  2665  3771  -2845  -2805  -813  6055
contig 5
  -484  6201  -568  5522  590  1535  5834  -5835  -3314  3319  5809  2421  -582  -8164  -559  -1127  -7264  3458  -1135  5853  -605  -607  2259  2262  3459  -480  -3460  -3461  -5503  3309  -481  -482  -7645  5830  -5516  -5514  -5513  7360  -1187  -9086  6157  -6156  -6155  6242  6256  986  -632  -120  6590  -6594  989  8192  988  -253  -251  1473  -1474  8633  7526  -6922  8083
contig 6
  5979  2221  -5981  -6641  -5982  9146  -7044  5983  -6754  5601  2560  -2561  -2562  4450  -652  4205  5018  -4292  -7339  -4517  4516  466  1294  2636  -7673  -4286  6338  1351  -7089  4290  -8612  7995  -2521  -693  -5678  2522  -2523  -7980  -736  -7650  2525  -5676  6555  -1334  -6899  -7132  -6910  6911  -8333  1350  -4341  4339  4338  8613  8615  4337  6324  -6323
contig 7
  8197  1338  6678  -769  8002  657  -5149  8203  -8204  -6340  1374  -5063  -658  2639  5064  4463  -2497  2547  -707  5151  -2548  4464  -706  -5065  -8911  -2544  2638  8428  -680  2541  -5016  -2538  -5015  4303  767  -2495  1327  -5055  5163  5054  4453  5052  4284  679  678  -4307  -1354  -1341  4518  676  675  -2648  -2647  -597  5041  -5040  -5038  -8331
contig 8
  6830  -1292  2553  -5683  -2517  651  2518  7081  -5681  -1486  5069  -5155  6450  -1335  2519  -4291  5680  8730  -7994  692  1295  -5839  -5841  -5842  3494  3493  2269  -3491  -3490  -3489  -3488  124  -6521  -6520  9025  1476  -6884  -7128  5004  -5002  -5001  -7832  -1383  8113  4376  4085  4084  4233  -7833  -7537  -4379  4236  -4083  4082  4239  4081  -8569
contig 9
  7199  -2202  -594  -1112  8307  3684  -3414  -3415  2399  -5974  -3559  -3560  -2402  -2307  3472  -3481  -3480  -3478  -2347  3477  3476  1159  -7939  -3474  -2311  -7940  3473  -2310  2309  2306  -3470  -2304  -2401  -2303  1140  1115  3558  1114  3557  6190  -1113  -5844  1567  -1568  595  -6579  5845  5783  -3556  503  2396  8644  8645
contig 10
  3107  243  -3117  2010  444  36  -2101  3104  3132  2138  -3102  -3131  -38  4591  -4590  1417  -5369  5361  -3103  8180  -2100  -1712  3100  -2135  2093  -346  2134  8224  2988  -5368  3127  -1985  -2986  -7573  172  -7027  323  3089  -2109  -2108  -1971  -1726  4594  -4552  -8037  4551  -1722  -1719  1718  1716  418  -4546
contig 11
  2411  -9038  -2410  2409  -2407  -2427  -2406  -153  3496  2317  2192  7621  -2190  -3537  -3536  -2187  -5505  3406  -2420  2351  6198  -3534  -3384  -7938  2181  2368  -7950  3381  3380  603  7617  -2179  7210  2177  -2176  -3529  2174  -7948  -2173  -7963  -2171  3514  -8314  2170  2169  8489  3375  -1109  -1110  -1111  -7268
contig 12
  6812  -4159  2841  -6064  -800  -801  6787  -6786  -6283  -1241  -2793  -2794  2795  -3762  8589  -2663  -2664  809  -8044  7580  2801  -2802  -7581  -3770  -3772  -2666  -2806  -7914  -7915  -814  -3780  -3747  1272  -6282  3970  3971  -3975  -7433  7434  1619  -3976  2670  -783  4732  3972  4730  -7824  4729  4727  7432
contig 13
  -4061  1745  -1620  4795  -4796  7435  1618  -3977  -1276  1617  3978  -7437  -1427  788  7399  -2677  -789  4043  -791  -6266  -3788  8278  -2738  -3753  -891  -893  794  -1266  -6874  -4709  -8015  -4793  -4060  -4059  1264  7549  822  -4105  7080  8046  3864  3757  -4114  4117  3813  3812  2751  8585
contig 14
  -6275  3924  3923  -4038  3921  3920  -3995  -828  -2762  -2763  -858  4064  -4755  7281  -854  -4015  -4056  4757  -4785  -4786  -1259  -4057  -6783  6970  -1605  -7413  -7067  4022  -4789  4707  4708  8253  -3983  -1609  -4107  4108  825  2752  2755  6686  -8043  4158  4110  3861  2870  2759  -3750  7292
contig 15
  948  332  333  -5255  2059  -932  -4403  -4501  338  8563  -339  -6098  -342  -6099  -5350  5351  434  3015  7695  3016  -2035  6616  -2081  5326  -2080  -5931  341  -8504  340  8365  961  3041  3040  5944  1924  -6628  -2948  -1920  -8273  -2947  1919  1916  -1915  -1912  1911  5216  -4402
contig 16
  1818  -117  -165  -115  -3254  6673  4603  8641  147  1305  -4118  -4602  -4204  -6299  4565  -4564  -5906  1737  -162  6964  -4596  -1412  -4560  7907  622  -6207  -6008  -6039  -6009  6010  1060  -1301  -4561  -1061  3269  -126  -8767  -8924  6211  1182  125  -5880  -145  7255  -6142  -6119  6118
contig 17
  7819  7818  -7817  -6285  -6293  -877  2842  -8690  2785  -2784  -3760  -3759  -3885  4160  2783  -2843  -7577  -8896  -2788  3761  -2790  1245  -804  -1247  -805  4161  -807  138  4028  139  4027  4026  4025  4023  -7820  -7786  8778  7821  4154  -810  -4155  8009  -3743  1234  -4723  -5883  8923
contig 18
  6828  -6328  -6327  -4279  4269  -7839  -7838  2471  -2476  4096  4267  -5646  -4266  4265  -5648  -5014  -6439  6020  611  4073  -4075  7836  4260  8567  -4259  4512  2640  82  7539  5105  -5106  5107  5109  -2502  2501  -2499  5651  6551  5649  -4074  -4264  -7837  4097  -8472  -2473  -686  7873
contig 19
  6697  -7018  802  -8047  -2786  2787  -803  -2789  -2791  -7234  -2792  -1248  -3886  -7287  -3763  -3887  -7579  3767  3888  7474  7062  -4010  -3744  -1235  7063  -3773  4724  -4794  -81  -3776  3889  -4156  2804  -3745  -7235  -3774  6261  -3775  -3779  924  4121  1230  -928  -2727  -2731  -8889
contig 20
  -6829  6553  -5711  -663  -7134  -1325  713  -6900  -7336  7337  -6909  6441  -1376  6904  6905  -5110  -2563  -4460  -6036  4461  5111  764  4360  1370  -1358  -5703  -4320  -4319  -8844  -5034  2570  -5159  5035  -719  -6031  4314  4280  2574  -5039  7991  6847  5045  -5046  9164  -677  -8201
contig 21
  6278  6277  4040  -3932  -3931  4678  7401  1598  -3928  3927  -1614  1615  -8016  4039  2680  -3922  -3994  -2681  827  1616  1279  4772  -4741  4742  4744  3926  1613  -7400  -4745  -862  -4792  -1608  -1263  6876  -4710  1265  3984  6784  4712  -6269  4714  4715  -3986  3987  -9072
contig 22
  5910  -192  -1884  191  6853  6401  -6402  -4632  -5533  -8187  4647  -7479  7478  -3177  -7481  7771  -995  -8530  -880  -8634  4934  -5437  -5464  -1433  -5385  -236  1434  -4881  -4889  4890  -4886  -4887  -6513  -8296  -1065  7123  -7124  -233  -6896  -1804  -2  2862  46  -6607
contig 23
  -3900  -833  2917  3911  -6071  -2919  8221  4066  -3904  -2676  835  -2933  -3905  3907  -840  4213  8185  -838  6694  837  4750  4003  4777  4769  448  -5274  2067  -2068  -329  957  403  -1899  1901  -1902  -7498  404  -5220  -5218  2941  3025  -6496  -1909  8984  -8572
contig 24
  3834  3832  3831  3939  -7758  4681  -2669  -2770  3869  849  1250  -3942  1251  4048  850  -4779  4691  -3945  -4050  3943  -1600  4104  7393  4047  -1599  -8242  1627  1626  -1253  -3949  -148  7899  -164  -1736  -7924  1735  -163  -3658  -3274  -1022  -3272  -3271  3656  7054
contig 25
  -6996  6746  -8941  -5987  -6183  6182  2305  2321  3501  570  -5643  -1563  6564  -6948  -3405  3385  2370  -5976  5975  6643  2183  1122  3382  -3379  3741  -5585  -2178  2175  8933  -2172  8606  3376  5765  -509  -498  -3528  -8518  2365  -300  -2324  -2325  473  7945
contig 26
  2634  -8193  5154  4449  -4448  650  685  2632  7674  2516  -4294  4123  7652  -6837  -5684  -8001  1337  -5066  708  4466  4465  -684  -2549  -2546  5150  728  683  1375  -768  5062  7988  5060  5059  -4285  -5688  -1340  -4302  6801  7975  4300  1485  -7172
contig 27
  4483  2976  -7494  -3034  -6352  364  -8972  -6303  1402  4502  -395  4092  4406  -1403  -6451  6461  -429  -2047  3037  -2049  6111  -7312  -5318  6794  -6795  4091  -4405  4477  6353  -7097  -4426  -4425  4067  7495  1954  7244  1953  -2972  7864  -9155
contig 28
  -4053  3950  -866  8431  2940  -8430  -2936  -6072  -9162  137  876  -2749  -2747  2750  -857  4018  -1209  -819  8025  3808  -3884  -7678  -6276  1205  -4055  8336  2745  -853  -3804  -3805  -3880  3881  3806  -2748  -7396  8292  -3810  -2779  -6271
contig 29
  4888  6484  -6427  6426  6425  4891  294  49  245  -2865  246  -50  -8039  -73  2868  -72  51  4932  -1429  2901  6078  -2886  -1764  8355  -2887  2888  2889  4998  8375  -5000  -4938  -8372  -4939  8093  -5492  5490  1477  6432
contig 30
  6882  4879  -4878  -8373  -4993  4992  1517  8378  -4871  -1514  -8468  1828  -7158  -4869  4867  4866  4983  2891  -7159  7529  4865  4864  4975  -4861  5394  -1436  6921  9116  -6424  -4858  908  5447  -1472  -8108  -5399  7131  -1803  8951
contig 31
  -6240  -6241  985  7258  6126  -9052  -8915  8914  9135  -8927  -8929  -633  7770  3171  8446  -994  -3174  -2435  -996  1867  -156  4219  -4220  4221  1866  4670  4651  -158  -8545  -1888  1857  -1858  -1860  -4641  7321  5882  -6859  -6591
contig 32
  -7189  -1875  -4666  6858  -1877  5912  6410  -4668  6852  -186  -5908  187  -188  -1880  189  3573  -5590  -5588  -5587  3342  -3341  5756  5763  2180  -7705  5755  2182  -1123  3383  6744  -3533  -2184  -3408  -8481  2188  -569  -8303
contig 33
  -6903  6902  -5124  -9168  -7133  7139  7140  4136  7335  6907  -6908  -6332  4327  -5019  2612  963  -1346  -8316  5020  7982  -4326  151  1705  -531  -977  -976  -7041  3416  -3543  -3418  -3544  5507  530  -8397  3545  -500  -8888
contig 34
  -6653  485  9194  1145  6197  -1165  -3513  7972  -7971  -2285  -3403  -2289  562  -5870  -5614  532  1539  2355  -2354  1156  -5542  3574  -5820  -1157  5817  -8595  3526  -575  -5876  -1084  5536  -5535  5813  -8157  5537  -8158
contig 35
  -704  5071  -5181  -2491  2655  2483  -2482  5089  -8852  -700  750  -5143  5085  -5133  -5082  -5081  2487  5080  -753  -6671  -2490  756  2613  -757  -2589  -2528  7877  -7842  5660  8734  5183  -5074  -5184  4371  8330
contig 36
  -4922  -4923  -4842  -5409  -9097  4951  -5337  -8105  -5454  6508  -231  -4953  -5335  -67  -9118  903  4851  4962  -4852  5449  -5450  4964  -5306  -6505  -4961  5406  -7520  4959  4958  4957  -4846  -1470  -4955  -256  6966
contig 37
  5560  -596  -6116  5563  -1555  -5843  -5858  5564  -3469  -5808  8166  6164  -5807  2308  5559  -507  5558  2312  -5500  1143  -2346  1088  -5805  -1552  6577  5780  -1121  3679  -6193  -7946  -2207  3452  5784  2376  -5785
contig 38
  4513  -5104  7996  -5102  2504  5098  -2507  740  -2509  -2474  4247  -4246  856  4242  7538  4380  697  698  -5091  -749  -5087  -2485  -5086  -2486  -5142  -4374  -4188  8114  6550  6549  6318  -6548  9047  8904
contig 39
  6627  -6626  -94  4655  6804  -4658  4659  6534  -5645  8600  3497  -6745  -1138  1139  -8231  8441  -8236  -5642  -6533  -6195  -6532  7961  6571  -6573  6563  -521  -3502  2320  5997  -2319  -3500  -3499  -6736  -7359
contig 40
  -7305  -4332  -4134  6343  5713  -4133  4334  4132  -7099  4335  -7973  -6003  -1368  -1367  -1366  -1365  -1411  -2494  -2616  2626  6901  5174  2628  -5172  5131  -712  -2603  -2630  4515  762  5128  -2604  -2605  8497
contig 41
  1772  2863  295  -2864  6516  1435  6483  -1761  -87  -1940  1941  2951  -6080  -352  2037  -6609  -2038  8069  6101  -354  -5328  -447  3042  -353  2036  8353  -4487  -2954  -8067  -8068  8354  -385  387  2949
contig 42
  -6693  -6063  1286  863  846  3856  -845  3851  3850  -2825  -3849  -3895  -2876  8624  -7553  8479  -6798  8281  -3845  -2819  2818  -2809  -7554  3899  7555  -7556  2815  6782  4004  -8282  7240  -843  8283  7891
contig 43
  1699  1698  1677  -5494  4946  5334  -7487  -4824  -6420  4896  -56  -8259  8  7855  1640  1641  4947  -132  -7164  -247  -1682  -7856  1685  -5425  133  -5309  7348  8636  -4818  -4817  -1458  901  -6681
contig 44
  1693  -8564  1692  -1657  1688  -1469  4845  -4954  -904  -7232  6679  1654  1653  -1652  2690  -2689  -1648  1789  -1647  -6604  -1788  255  5403  -5402  1643  -1642  -2682  6077  -2724  -2723  -9058  -8950  -8949
contig 45
  -6769  3727  -3238  7772  -3243  -8240  1035  -7762  3649  -3650  3719  -7428  7806  3648  -3647  -1178  1321  1311  -3300  3299  -3646  3240  6122  -3239  7773  -3644  7807  3236  6171  1031  -3637  -6215  -8930
contig 46
  3503  -527  7209  -528  2278  -2280  -3508  -5768  564  565  -3522  -7632  -6000  7178  -2224  -3547  -7611  -2143  2144  -2359  2146  -2148  -2360  -7211  2151  7934  2152  -2153  2155  3699  -5761  -5581  6538
contig 47
  2104  2103  2989  7588  -8577  -4571  4572  -1710  7574  4548  1717  2987  1984  1720  4593  4553  4583  -1970  319  -3121  5367  8919  -2130  -317  -42  316  3119  6714  6091  -314  -4558  1968  -8578
contig 48
  -6213  6216  -6217  -1036  6253  1030  -3232  -3639  6218  -3642  3645  7419  3298  -8011  -7418  1201  6469  4504  -1057  7425  -6134  -3633  -3616  3713  -3618  -3619  -1076  -6135  3203  3204  -3206  -8256
contig 49
  -7193  -310  -3111  3110  309  -3286  -1045  7256  3167  3674  3165  8458  -3162  -3678  -3157  3607  -6760  -3605  -3154  -1081  5267  -4185  4474  -1405  -5199  -5200  6288  4431  4429  4428  6345  -7700
contig 50
  -6423  6422  4914  5475  -1668  -5389  5476  -8380  -7531  1666  -2704  2705  7886  2706  1663  7490  -15  -1662  -2710  -2711  7884  -6690  -78  1464  216  -9062  -4826  1461  1701  215  -8090  -8091
contig 51
  4872  4870  7129  5010  -1513  -1512  -7345  5439  5441  4979  8082  5436  -5440  -5008  5435  -2905  5009  -213  -4873  -8258  8566  -1496  -7347  -4996  -6435  6881  9022  6880  4876  4994  -7534  8109
contig 52
  3800  -4150  7546  3802  -798  -870  874  -7894  -3798  3797  4099  -795  -8028  -4098  4153  4152  -793  3789  -792  -4717  -3992  2679  -2678  -550  1257  -3787  -6265  -860  7544  -787  -1212  3874
contig 53
  6670  2585  -2583  -723  710  2581  5050  7998  2580  -4305  -8324  8323  5694  -1355  674  -4310  -2575  6334  -6831  4315  1874  984  -109  1893  108  -5911  -1892  1891  -8543  -107  -1897  8436
contig 54
  -8509  -4926  -4927  -1443  1444  -5310  -5308  -899  6431  -8635  8104  -8103  -5468  5467  -5339  4986  5466  4988  -1683  905  -4945  1700  2718  -2717  -9  59  -5846  7177  -8590  -7643  -7642  8702
contig 55
  4929  222  8377  -4985  -1428  -4821  5422  7530  -8102  -8106  5456  -4843  5455  -4844  2694  6602  -8266  4956  1655  2692  -6603  -8570  1651  1650  1646  2688  2687  -7858  -2685  1644  6070
contig 56
  -5171  -5127  -4355  -2602  2600  711  761  760  -8206  -2624  -2620  -2533  2618  2530  4436  4437  4511  -8657  2619  4141  -4353  4139  4138  -5715  -6554  5134  5157  -2610  5125  9000  -9170
contig 57
  3718  -3717  3589  1188  -1002  -4394  -1000  -3583  638  -3584  3180  -8913  -5881  -3181  3183  3186  1070  3231  -8547  -1004  -6223  6133  3264  8451  7808  7802  1006  7801  1389  1388  -6918
contig 58
  2051  -2050  111  4413  -4415  2026  2056  -2057  400  -4416  1960  -7499  -8370  -4414  -3030  -5195  5196  -5264  5265  -3031  1069  3176  997  -2436  634  2434  -3173  -993  7102  -4639  -8532
contig 59
  2193  2194  7198  5969  2196  -545  1129  6650  2271  2272  -123  6748  3495  -525  6636  2214  -2215  -2216  -2217  -3422  6175  3338  5546  5547  5786  8529  2268  -3484  7953  -9138  -7261
contig 60
  -8591  -3680  -3451  -1120  8141  -3449  -3448  -3447  -1119  -3736  -1553  -1087  -5804  5782  -1160  -6721  -5506  -508  -5868  5631  8232  1141  2403  8135  -5561  6576  5859  5565  3740  -6578  -9043
contig 61
  5709  4356  1326  -4330  4329  1362  2527  -1347  7974  5708  666  6333  1361  -4282  4323  4322  5706  -4126  4281  8495  -8609  -4129  1519  -1520  -765  5704  -1369  1371  -2568  -8337
contig 62
  -7375  -2423  -7204  -7205  -2416  -2352  2353  8485  8593  2356  -2287  2288  -2291  -1168  534  -5619  585  -5872  5620  -8663  -5570  -6189  -8947  6188  8948  -8819  3424  -3423  -3577  -9140
contig 63
  2203  6749  -1128  -1545  3682  -7050  -544  -5792  6115  -5624  5552  5795  5796  8229  2206  5625  -7253  5866  -8233  6163  -2378  8140  3563  979  3681  5781  -8413  7624  -7372
contig 64
  3661  146  -3660  6244  -128  -127  -1034  -7142  1382  745  5118  -5119  7338  -5121  6444  5146  6445  -6446  741  2514  742  -8540  -689  -4080  5653  -5654  -944  5604  5603
contig 65
  -1227  5239  6473  3182  -3184  -3185  -1050  -7315  -1390  -7028  -1051  -7790  8557  -1071  -5244  5245  -5246  4471  1005  7761  3262  643  -8642  7249  -6718  -8386  8387  -8388  8389
contig 66
  5144  -6026  -743  -5120  -5092  744  -2653  -8207  -2479  -4441  8202  2481  -746  -7997  -747  -8732  5090  -5088  6832  -2484  -2656  -8541  -5084  -5013  -4231  -701  -4187  4189  9015
contig 67
  -4606  1816  4604  1815  -1012  6176  -1014  616  -6168  3279  -617  -618  6117  -6169  8916  -6205  6170  -1016  6725  6177  -1017  6206  -6208  -6245  -7217  8766  -6178  6179  -6247
contig 68
  2197  -7959  -546  2199  3456  3572  3455  -3566  -2205  8139  -2377  -3323  -5555  -1550  -5799  5800  5801  5626  -3324  5627  5628  -5629  -5803  5630  -5556  5557  1142  5501  8487
contig 69
  2764  2761  3824  3823  -8285  -3860  2760  3751  4743  -3925  -122  492  -3356  -3354  -3353  -8304  3352  7966  7633  -7965  3518  -3519  -5999  3520  5740  -578  -6943  -5635
contig 70
  -4451  725  6546  1353  5687  -7976  -1352  4299  -7649  2545  2498  7090  660  -1291  -6019  -6005  -2550  -6378  -1310  -7675  -5067  2552  7224  -2554  -2555  -5068  1336  -6342
contig 71
  -7896  2813  7558  -6274  -2814  7242  6799  -842  2817  -3847  -2822  -6781  7591  859  2823  -3848  2824  -844  -6684  847  -3897  6267  6797  9108  -9114  9109  -3957  9113
contig 72
  3982  1610  -8251  -7457  -4790  820  -6775  -3815  4788  -3814  -3809  817  3807  3756  -4016  203  -6873  4784  -4756  -4754  -882  -8247  -2671  3829  4748  4747  -885  4746
contig 73
  -5248  7475  1049  -3291  -6235  -3726  645  3728  -3730  7229  644  -3289  3725  -1859  4227  4228  -8655  8420  119  6130  6131  -998  -8335  7405  3708  -3709  -3711  -8238
contig 74
  3703  7952  3368  -3369  2163  3371  -3374  3515  9198  8149  3377  5764  510  -1044  2366  -3378  7949  3530  511  3531  2367  602  7704  -5762  8235  -1590  -6084  -6706
contig 75
  -5474  5413  -9190  5312  4837  -4835  -5344  5478  -4836  -4838  4912  -5477  -1466  -1664  1665  -8267  -2703  2702  -1695  2701  1696  -6601  1799  1800  -1671  -1672  -8562
contig 76
  4263  -4262  -5650  -4076  4079  -649  6820  -4248  5659  4245  5729  7173  -1331  -5147  5145  -6658  -2652  6028  -2477  -2478  699  763  2480  655  -4190  -4191  -4373
contig 77
  7969  -6230  5998  -6645  -3358  -2147  -7951  -2149  3737  -3361  2150  1256  -8602  -2154  -2159  8940  3365  -7970  551  2162  3702  496  -3527  -3372  2166  -3373  -8952
contig 78
  3938  -4679  -4680  -886  -4683  3941  -4684  -1603  1283  724  -4459  5162  -776  -4457  4519  -6898  5053  5056  726  8322  7648  4304  -1484  -722  5051  4458  5161
contig 79
  7349  5432  -6924  4812  7848  -4811  4810  -5370  -4805  7825  -4804  7388  5372  -5373  -1447  -1446  -4800  7391  5433  -7847  7846  5376  -4819  -5307  4984  900  -9193
contig 80
  2279  3507  -3506  3505  -526  -5862  1559  -556  6141  -2294  -7936  -5510  -5860  -7373  -5824  -2302  7707  5825  -5827  7176  -5829  2264  -3462  -8596  2263  1162  -3347
contig 81
  -8614  5673  -6004  8315  6803  4343  4345  6337  -694  -8729  -5719  5679  -6556  8129  4143  2520  7657  -734  4382  5670  4288  8492  -2635  265  -1549  5553  -9165
contig 82
  2543  -681  -2540  2637  -682  5686  4298  -4297  -5685  4148  -729  -5152  -8534  -5153  1339  -4296  1309  7977  -4295  -6825  4122  4193  2558  -7978  -5682  -4293
contig 83
  -6854  -7105  -6855  -7322  4657  6321  -22  200  -1838  411  -4643  413  25  -4618  201  4621  -414  4623  -4624  4662  -4208  4209  1850  -1851  -2995  9129
contig 84
  -2371  -6566  -6565  -1523  -9008  5504  3407  2186  -2349  2419  2350  -2185  -303  -3532  2373  -2372  -553  2369  -7619  8172  5586  -572  -6542  -6543  -6572  6544
contig 85
  -6897  4913  5414  5416  -6523  -1465  -4834  -4833  4832  -4909  -4908  -5482  -4905  4831  -4906  7880  -1463  5485  -4830  -7486  -7885  1634  -1462  4827  208  8086
contig 86
  -4135  7074  -6560  4328  1348  -4362  -5726  4361  -4325  1359  -5705  667  -4321  -1518  -4130  1604  4445  7993  -5027  -4444  4203  1356  4283  5701  4202  8112
contig 87
  1714  -347  1713  -152  -7921  -1709  -1708  4113  -394  -348  349  297  -7220  -714  6669  -6668  -6667  -6657  7001  6677  -6674  -771  -1296  -6047  6046  -7221
contig 88
  3139  3141  -3143  -8237  -2433  -3145  3148  3149  3150  -3603  1079  -3155  -3707  -8012  -9051  3158  -3159  3161  3608  -3164  3166  -3673  -6761  -9092  -6589  9013
contig 89
  -4455  4454  -4452  2587  -2584  2582  5049  -7990  5048  775  -721  5044  772  8318  -4456  5042  -673  -4147  5721  -5700  -4468  -4313  672  -5037  2571  7214
contig 90
  -3226  3227  3228  2445  3612  2446  100  101  102  -1847  1890  -4612  -177  -8554  -4230  1593  1853  -181  -4523  -6406  -3615  -1856  -180  -174  1042  -9078
contig 91
  -7203  -967  8665  6722  5613  -5869  561  -5541  -8225  -7727  -8165  -6174  -1093  5821  -1540  -5543  5871  5848  -5849  -584  2211  2212  536  -6654  563  8939
contig 92
  3467  -5515  -7708  -502  -7957  1195  3548  2330  3549  -8608  -7623  -2301  2300  2298  -7935  -2296  2293  -1533  -263  -2413  -5638  2414  2283  -8444  8437
contig 93
  -1126  6181  -1133  588  604  -479  3313  5833  5831  1161  -1136  -3463  -2266  -3346  -5517  5828  1534  3332  -3331  3330  -3329  8169  2331  -8168  8234
contig 94
  -2880  2879  -5496  -4950  -5497  9117  278  4949  4948  -6885  -234  5317  7926  -5288  235  -4880  6418  -4937  -5287  1432  -1431  6938  -5460  879  5901
contig 95
  7126  1440  5384  -6939  -1315  5438  44  260  -2858  -240  1438  -1437  -2721  -262  -5381  4883  -282  -5378  7125  -4882  5499  5345  5498  -8371
contig 96
  -2105  8287  168  4567  4462  -2567  -2535  2645  -709  -5025  -7671  -5026  1377  669  -5028  -1482  5030  -2569  718  5036  4467  -670  671  4469
contig 97
  4918  -1468  5411  -1674  -8089  5472  -5470  8096  -4920  4924  -1697  2698  -2699  -1797  -6599  -79  -6691  -2708  2709  2493  -4140  4435  -4434  5180
contig 98
  -4088  4087  370  -439  -3009  438  -1399  -2019  -7344  2020  2022  8029  -2023  2024  -1962  2025  935  3012  3013  -2029  -8675  -2040  -2039  -8983
contig 99
  -6129  3172  4526  -3742  -2437  -9134  -1868  3175  421  -4671  4672  -4642  -1887  6585  7031  4638  4640  -6409  7108  -7109  -987  6128  6127  -8928
contig 100
  5966  388  6928  -6929  91  7569  -4595  7570  4168  416  -1418  6490  -453  2107  -41  -322  -89  -2106  -2131  5940  -320  6093  -7156
contig 101
  -2973  2974  2975  7826  -362  455  5298  5321  -5320  6481  -292  -1413  291  1415  -8381  8124  -8123  -8122  -4541  289  160  -6007  6006
contig 102
  -3712  -2453  -2462  2461  1102  1104  -3252  1191  -3631  -7048  6225  -2438  -8241  -3199  -3200  -7783  7768  -2440  -3205  -3207  -3634  1192  -7047
contig 103
  6596  1703  4539  -8290  -7925  -3666  -3662  6249  3723  1185  1184  2460  3270  1062  4599  112  6296  7602  -4562  -1740  161  -3281  -8277
contig 104
  -6621  2073  -5962  -3029  -6113  5960  5275  -5965  -8076  5319  -5964  -5954  -2044  -5953  1958  2978  425  -8073  2077  -777  937  3054  8054
contig 105
  2921  -2838  -2675  -834  2924  -4214  6262  -2930  3914  -2931  836  -8429  839  -8414  3908  -6291  2925  -2926  -3909  3918  3919  2939  6800
contig 106
  5271  -5272  4427  4473  -628  6112  -365  -9174  28  -6393  -196  195  194  -4525  8457  3277  1840  1841  -7744  -4636  1844  -1846  8423
contig 107
  5291  -1910  331  -7871  -2943  -3024  959  -1898  5329  -451  8629  328  -6103  3050  -450  5952  3049  -3048  7197  -7195  6976  5937
contig 108
  -6977  -5191  -1401  -936  4419  2058  -7492  1299  -1300  1400  4417  1963  5262  -5263  -5194  437  8051  -8052  -3002  -3005  3006  -8502
contig 109
  5363  1499  -454  -2110  -3091  -1498  3090  -3087  -3123  -941  3086  3122  6092  940  -4555  -6862  8299  2982  9177  -315  5968  5967
contig 110
  -8291  2728  -927  816  2807  -2846  -2803  -7011  -2800  -6683  2797  2844  -808  3764  -6263  1243  -806  -4762  -4774  1242  -8449  -8560
contig 111
  5391  5392  -8260  -4862  -1475  913  8902  4973  -5445  5397  -5446  -252  6510  -5398  -2725  909  -7343  -4963  5451  -5404  5405  -5407
contig 112
  -955  -8348  4174  4173  -4490  4491  -8668  8059  -358  3045  -3046  929  -6818  6455  -4498  -6817  6350  -6715  5259  -6816  5258  -5219
contig 113
  -5224  -4390  -4389  -4387  6365  6807  6808  -1189  6312  -6383  -1052  -6367  -6840  -6839  8452  8551  3215  7812  -8339  3212  6236  7314
contig 114
  2123  -5938  2124  -5939  2126  -2127  2128  -43  6097  -6710  321  -3088  417  6384  -415  -2129  -3120  3114  -2122  -3113  -5365
contig 115
  8280  3793  2833  2739  -871  -2740  848  -8027  8340  2850  873  3879  1213  1595  2668  -134  799  4753  -7440  7798  8500
contig 116
  3004  3003  8503  -7683  3053  -956  8356  7682  3008  3010  -3011  1987  -7606  1979  -1981  299  3073  -85  -3074  -2078  5348
contig 117
  2918  2674  7680  865  4700  4699  4781  -4698  4697  1284  4780  -4696  7326  4695  -4693  -7470  4002  1419  841  -4001  8619
contig 118
  8553  -6971  -7325  2810  7324  -4008  -1621  -5878  7759  7757  -6870  7398  2820  3846  -2821  8294  -7890  -8293  3852  3855  -9106
contig 119
  -2448  3613  7482  -7811  7780  3714  103  -3614  6033  -6137  3190  980  -3195  -3196  -6407  -8191  4645  1594  -4646  4644  9093
contig 120
  7162  -1479  4944  -8632  -881  257  -5491  5886  -1806  -1786  8351  -1790  1791  4894  5458  1430  -52  -921  -5903  5902  8937
contig 121
  7294  -4071  1297  -4177  1947  -1949  -1950  -2971  1951  359  -1955  402  5266  -5202  -5300  -5299  -3035  -1957  9065  -9064
contig 122
  6615  2045  -6631  -457  -2046  2048  8077  -3038  -3039  8078  5961  -6980  6981  -2072  2041  6792  -7144  -5276  -6344  -6833
contig 123
  -1385  1055  1075  7424  -3632  -7426  9125  -3617  9124  -2439  -3201  6159  3202  6229  -3621  8558  7785  -3622  -8617  -7422
contig 124
  3538  -3389  -3386  -2382  -7630  -8399  -3426  2237  -513  -7721  7722  7709  5778  5599  5600  5639  8410  -7045  -8155  5597
contig 125
  -6371  7095  4509  -1322  5278  6919  -6466  8125  -8515  5280  -3653  4508  6851  3654  -3248  7415  -7416  6664  4507  -9014
contig 126
  -3093  2111  -2132  -170  -942  4549  -4166  -4547  -4545  1986  -3129  -7748  2096  -3101  -93  -1349  5942  5941  2118  8218
contig 127
  -2042  -401  -6630  1956  -363  -427  2977  424  360  1952  5943  -1948  5192  -6920  -5261  -5190  5189  5188  -4421  -8971
contig 128
  1456  5303  249  1452  7849  -5431  6524  1450  -9143  -8935  5899  1808  5923  -7517  5302  5427  5301  5426  -8257
contig 129
  4676  4611  7749  -4613  -4614  7106  178  -179  1059  -4615  4225  -4616  -1854  -104  8189  4226  -1855  4617  8190
contig 130
  -4392  6382  1969  -1732  -1769  -1307  -4559  -1733  -443  313  -5366  6108  90  -6107  3115  -6106  311  -3112  -6105
contig 131
  -3594  3593  -3135  -648  3705  -3591  2429  1817  7086  8862  3261  -8338  3258  1023  -3667  -3665  3664  3253  4538
contig 132
  2085  -2086  8393  8516  -1416  -445  -1730  -6597  1729  4536  -6821  -3061  -5359  8392  422  1978  1977  5355  8422
contig 133
  -4044  -3991  1217  -8480  -1239  4719  3752  4718  -7792  -890  4713  -1268  1267  892  894  -872  923  -3877  8342
contig 134
  -5360  1329  4653  7731  6806  -6805  4654  -121  -8220  1852  -1810  -7601  -2992  1997  7916  -2991  -1992  -8298  -8477
contig 135
  6074  -5487  -6075  8938  9141  9027  8827  -6076  -5900  1455  -5488  5341  -66  -8936  5896  64  -4815  -4816  6877
contig 136
  4210  -154  274  9075  -6148  6149  4521  8255  3611  -7804  -4522  -4674  -1592  1845  -8184  -4216  1066  -3345  7033
contig 137
  6758  -3578  7266  6733  -5531  -7716  -5812  5814  7717  -6953  1537  -1538  -5815  5816  -7718  5539  -1158  -7036
contig 138
  -6224  -642  3671  3672  -3267  -3268  -3292  -3293  -6144  3295  3306  -6145  -3216  -7803  -6146  -6147  8018  8019
contig 139
  1323  -3245  2596  -2456  -1033  -3242  -3241  6173  -6172  1032  -3643  -3237  -3234  7777  -6012  6016  -6765  7789
contig 140
  -1167  3402  533  -2290  1541  -2292  -5822  6527  5618  -5569  -5836  5838  5571  -1153  -5837  1542  5568  8527
contig 141
  -6001  -8152  8151  -3735  6259  2209  -978  -5994  5797  5554  -5794  -5551  -6581  3457  -2198  6750  -6191  6192
contig 142
  -3698  489  -7947  -488  2222  7964  486  2141  -6646  2357  2142  -3355  -2145  3357  -3694  7968  6202  3701
contig 143
  2095  6486  -2097  2136  -2098  -2099  3130  393  -4589  -244  1707  4569  -7901  -4568  -7590  4587  1765  5879
contig 144
  4566  1303  3657  -114  -1304  4600  -4601  -4576  -1063  -1306  -1064  -3663  3668  -3255  -3256  -116  3659  -8921
contig 145
  -2923  2922  3903  -1254  1244  -4701  -4702  4783  -3954  7453  -7455  -142  2776  -2777  2781  7284  3841
contig 146
  4728  2847  2734  2735  7542  6814  -786  7239  1290  -8284  -2156  -3364  2160  -3366  -3704  494  5576
contig 147
  3169  -3168  -3163  -6125  -3160  -3677  -3675  -3609  3170  7406  -7809  7407  -7810  6764  -7409  -1229  -8239
contig 148
  5225  -5228  -5232  -1394  5233  4386  -1393  -6472  -5240  -6311  -5241  5242  -1391  -1226  -4385  -4472  8345
contig 149
  8200  5166  -6440  -8208  8209  8535  8536  8537  -8215  -8384  4367  5736  -5734  7476  -6776  5735  -8327
contig 150
  8243  -4704  3956  4054  8616  -1220  7751  -7752  -7753  8244  -8245  -8246  4765  -3854  -8459  -7243  -8561
contig 151
  -4306  5695  -1343  5160  8195  -8196  7376  2576  -2573  -4146  4128  -4127  4125  -8325  -4324  5707  -8610
contig 152
  5867  -3350  -3564  5798  1019  6248  -110  288  -7892  -1734  286  7112  8478  284  -283  -7911  -5904
contig 153
  -5892  232  -5408  214  -6515  -5473  -4919  4841  -4840  -7515  5311  5412  4917  -8087  5388  4916  6437
contig 154
  -1489  -5252  435  -7503  -5206  5207  5208  5254  -950  8055  5332  -336  335  1926  -1925  1923  -8357
contig 155
  -3304  -3305  1037  -1173  1174  -1175  1039  -3655  3250  -1091  -5532  -576  1053  -8987  -6468  6914  5279
contig 156
  -4626  -1872  302  3080  -442  -95  -3081  -2418  2374  -3409  -3410  -6185  6199  3498  2318  -5644  8667
contig 157
  3395  -3394  -3393  -3392  2231  2232  3391  -3390  548  3387  2234  2235  -8599  -3425  -3427  3428
contig 158
  4673  8433  1762  97  4936  5463  -1776  1775  -2869  53  -5885  1763  -946  -1805  -8931  -5928
contig 159
  1601  -1602  4778  4689  4687  83  4686  4685  -4682  -1282  3940  2769  -2768  2767  8975  -7797
contig 160
  -4253  7174  5655  5656  4250  7302  2643  8425  -5176  6447  2510  -5094  2511  -2512  2515  -7491
contig 161
  7219  2651  653  8473  4243  4244  -688  -5658  -6363  6362  4249  -5095  -5097  -2505  5099  8574
contig 162
  -4485  -4484  4068  7493  -4424  4422  -5260  -426  4070  5187  -4420  4072  -7484  5945  -1965  -9044
contig 163
  2247  -7267  -2250  2252  2392  2255  -470  5988  -471  -6194  -3442  3685  2249  5978  -5977  2391
contig 164
  6158  3265  -6143  3266  -3290  -6165  -637  -3729  3294  1007  -6167  3211  3213  -3214  1009  7791
contig 165
  2385  -579  2236  2384  -2424  -2383  -549  -5744  5745  -6568  -6540  -539  2233  -540  -541  6998
contig 166
  7763  105  -3198  -3275  6123  -3276  -3676  1181  -1308  -4664  184  6400  -185  4667  6809  9016
contig 167
  2606  5135  -5126  -5129  8049  -7690  5714  -8909  5733  -4142  -4351  -4350  4349  -4196  -4348  -4347
contig 168
  1085  1086  296  -5802  1551  7636  9085  -8167  5806  7370  -1554  -8402  3561  -3475  8148
contig 169
  -7908  -7909  -7910  -3280  -6728  3230  -3229  -1124  -3630  3218  3217  6478  636  6368  -8447
contig 170
  -2030  8347  -1298  -7870  1966  8274  6986  -7869  7497  6104  -1967  7868  -7496  7829  7827
contig 171
  -8128  8992  8127  -6580  -6575  8126  -6530  2200  -3412  -592  9137  -3683  2201  505  -8161
contig 172
  -1487  1488  5677  -5675  -4344  695  7002  6999  4342  -6823  4340  -5672  7071  7072  7073
contig 173
  5689  5669  -2588  2649  -8205  -2537  2650  2496  -5057  5058  -1320  -2539  5061  727  9049
contig 174
  3582  -991  3580  3581  990  -6220  6228  -6227  6153  6152  6151  6732  6162  -6161  6160
contig 175
  -5728  1332  -2508  -5177  -5096  2506  5100  5101  5103  5178  739  6065  -4688  -7559  -7560
contig 176
  -4093  7196  -6716  -7019  -3036  6460  7145  6916  -428  7501  -8369  -8075  456  -2043  -8362
contig 177
  -1780  8349  -1753  -1754  -1781  -19  17  -960  5444  4860  -6433  -4974  -7127  4976  -7329
contig 178
  2641  737  3951  1285  7448  4782  864  8533  8179  -1255  8461  7449  -3755  -8177  -2920
contig 179
  -2082  -343  -5325  5290  5333  2062  9150  -2060  3052  -8074  7502  7830  5205  -5204  -4404
contig 180
  -626  -8013  2591  3147  -150  3152  3153  -3156  5920  1821  -166  6140  1078  -6793  8576
contig 181
  8981  8121  -8120  3023  -3022  3021  8065  8064  -7696  -3020  3019  -3018  -3075  6085  9103
contig 182
  6022  2472  -4409  -2470  4407  4094  4270  6295  -4271  -8271  -8272  4272  6819  7304
contig 183
  8094  7508  -4897  218  -220  -1639  221  -6878  -4822  5421  5424  4820  -898  8361
contig 184
  -6041  -3273  -630  647  1021  -629  1020  6210  6209  -1068  1018  6246  6040  -6731
contig 185
  -5897  -5898  5893  -902  -7850  -7516  8095  8092  -4925  -5429  5428  -1694  248  -5922
contig 186
  6286  4178  -4181  -8060  8368  6102  8900  -8682  -4182  4478  -6355  6346  7699  -7697
contig 187
  -6889  -1454  1453  -5489  -65  -7238  9030  -5430  -6923  -7878  4813  -1451  -5924  -7016
contig 188
  6685  -2874  -3890  -1218  -2754  -3930  2756  3754  -3820  3929  -3821  3891  3822  7551
contig 189
  -4885  6421  4825  2713  -1636  7854  -915  1635  1633  1632  -1631  1630  1629  5894
contig 190
  8491  -6545  -8334  4336  6912  -7137  1333  7308  -5674  -9120  696  -6325  -7999  -9083
contig 191
  -6397  6396  6395  -9017  1870  -1869  -8186  4656  -6320  1096  1097  945  -1099  6724
contig 192
  5182  -5072  705  6341  5661  -4277  -8261  5662  5664  7874  5665  -5668  -4273  8736
contig 193
  6470  -4503  1058  5236  -1077  8321  -7984  3208  7985  -5237  8004  -8005  -8866  8385
contig 194
  5362  -35  -3116  -3133  -3106  3105  -37  -2139  2140  419  -5315  2102  7737  8421
contig 195
  4255  -4258  4257  6322  -4078  4077  -7135  -609  6443  5023  5024  -608  4261  5108
contig 196
  -5652  4442  -5731  -4378  -7536  -748  -4235  2475  4234  -4377  4375  -4372  -7087
contig 197
  2590  627  1025  3706  -3602  2592  2593  3151  -3604  3606  -2594  4609  -9094
contig 198
  -2246  -2244  2389  7626  -3436  2242  3435  -1090  2388  1152  6747  -517  3432
contig 199
  6655  -6640  -6994  -591  5519  3310  -3311  -567  2261  5526  -5527  -3317  8163
contig 200
  -1481  -275  -237  -48  -1785  -1778  1796  1774  8269  1783  9196  -5927  -6967
contig 201
  -5769  -5770  5636  -3396  5752  5580  6942  -5579  -5754  5753  -5771  -3542  -7040
contig 202
  3539  2381  2229  -2226  -3401  -3521  3571  -487  2316  3517  -8942  -8143  3738
contig 203
  5434  -4797  8474  -4798  -1445  7390  -4802  -7389  1792  -4803  8958  8959  -8934
contig 204
  -5895  8828  -5340  -4928  -5387  -7879  -5486  5469  63  -1684  2719  7853  -7852
contig 205
  -1770  -1727  3063  -6110  6109  -378  -2999  6701  3062  -380  1974  408  -8297
contig 206
  7130  4977  5442  4980  -211  -1793  -2890  1825  -1826  1824  -2902  -1822  8390
contig 207
  6614  5956  7190  -376  -377  6610  1973  -7586  -6699  7246  -6927  -446  6934
contig 208
  2013  2014  -7295  3001  5238  -2017  -2052  2053  2016  -8053  3000  436  7298
contig 209
  1103  -2455  7813  1177  1101  7782  -3251  6014  3249  1171  -1038  3651
contig 210
  -4933  -4931  -4930  5459  5005  5007  5338  -4997  -4999  -5921  -1807  8100
contig 211
  383  -2070  -1934  1933  -1931  1929  -4179  9153  -4479  -6357  -6358  6359
contig 212
  6027  639  640  -8021  3588  -3635  -1003  -7679  -1072  -3285  -7029  -7259
contig 213
  7776  -6013  -2595  3641  7774  3640  7775  -3638  3235  1029  7778  7779
contig 214
  -1397  -9161  -4391  -5223  -5226  5227  -1001  1396  -5230  -6308  5234  8989
contig 215
  7845  -4806  4807  -4799  -4801  -8268  -5371  1448  4809  5925  -5926  9100
contig 216
  3283  781  3599  -3140  468  -3144  -3601  3146  1026  1027  1028  -7055
contig 217
  -1426  1424  1278  -4738  1289  1288  785  -4735  -888  -6777  -784  6813
contig 218
  2599  -7003  -6044  -2625  6042  -2534  2629  5130  5173  5136  -6043  -9082
contig 219
  6995  2417  -5995  -598  -5985  2422  -543  3512  3511  8592  -1130  -7933
contig 220
  6186  -501  -5530  5611  -31  1132  5610  5529  8406  5528  -566  7039
contig 221
  8171  5502  5583  -5743  -1562  7929  -7928  3429  1527  1528  1147  -8408
contig 222
  1832  -4628  -4629  938  7607  1813  1812  1835  1834  4224  4223  -4222
contig 223
  -5772  -3307  -5518  -8525  -8526  5521  -5523  -5832  -5524  3312  -3315  -8162
contig 224
  -702  -703  2657  -754  5077  -5076  755  -6067  -54  -5073  -2492  -8194
contig 225
  -7181  318  7902  4554  -4167  -40  1497  3124  324  3092  2112  -8182
contig 226
  3504  8486  -6767  5747  5748  5749  -8160  5751  -2220  5776  -9202  5984
contig 227
  238  -1831  7328  1794  1827  4982  -20  -4981  4978  210  -6436  7119
contig 228
  -2720  1686  2882  1680  -61  -1679  -1678  8110  -5495  -5465  1459  6428
contig 229
  6772  -6219  1198  -1196  -3192  8464  7480  3189  3715  3716  1751  -8022
contig 230
  1760  -5884  1759  276  -76  1773  8040  1758  1  -1757  -2861  7009
contig 231
  7273  6762  -8548  7272  -3623  2443  6139  3210  2442  -3209  8450  -8546
contig 232
  3108  -7023  3109  7609  -7567  -308  -4579  7566  306  -7565  -4163  6297
contig 233
  5289  -77  6514  -280  -5377  7118  4  -7881  4877  4995  8508
contig 234
  4363  -4364  -6826  -1410  2662  6656  -1363  2536  -7981  8317  6339
contig 235
  -2614  2529  2615  -2531  5021  758  -5022  -5122  759  5123  -2617
contig 236
  5043  2578  -1345  8961  6021  5112  5179  -2566  5671  8424  7306
contig 237
  -1724  -1721  2985  2115  326  2117  -173  -3126  -3096  2114  -3094
contig 238
  -3421  504  3413  -7035  -506  1569  8153  6574  2400  -8649  -5857
contig 239
  -459  -464  1937  -1938  2958  -463  -462  -458  -1936  384  -2965
contig 240
  5193  6620  -2027  -2055  2054  1961  -2021  -6619  1959  -3007  7025
contig 241
  -2597  -2598  6726  -1172  6314  -5419  -4506  4505  -8116  1054  -8454
contig 242
  -5594  -5593  -5767  -5766  3555  5632  469  -3441  -3686  2251  -6997
contig 243
  -2736  2737  -889  3990  -4716  4773  3988  3985  6785  861  -7291
contig 244
  -6304  -6305  6462  8275  -4482  399  4423  5186  1946  -7483  7831
contig 245
  -7446  -3947  7799  -4694  -868  -3948  7293  -867  2839  -3952  7794
contig 246
  259  -6936  -6887  -45  -2859  920  -6680  -241  906  -281  7014
contig 247
  -7056  -6239  1041  -3343  3344  -176  175  130  99  -3610  9087
contig 248
  71  1658  4884  4921  -6517  -5452  8097  1471  4853  5305  1645
contig 249
  -8957  -1777  75  47  277  1779  6  -5  1784  -279  -9142
contig 250
  -6817  -6816  5221  5257  -5217  4402  1409  -1911  -5256  1914  5294  -1916  2947  1920  -432  2948  5255  950  -4403  -5208  -433  5206  -5253  1490  5204  -434  -7830  -7502  -1493  339  5254  4501  -2059  -5211  -332  333  -1926  336  8627  335  -1925  1924  1923  8056  -8357  -431  -6463  5216  8066  2955  4499  4411  -6347  7093
contig 251
  -7798  4013  4754  -4784  -203  -4015  -1205  3881  -3882  -3807  2750  8292  3809  819  3814  4116  -2832  884  -4789  4706  -1221  -3980  -1612  -3757  4707  8253  -1609  -824  1281  3929  3822  2870  -3751  2759  -2760  8285  -2761  -2762  4719  4718  -4716  3988  -3987  4713  1267  -891  892  1240  894  -2833  8028
contig 252
  5909  -6401  -1883  191  -1881  1880  -9016  5908  186  -6809  185  -5912  1875  1893  -6810  5918  -8780  4665  -1874  -4316  -4315  -670  -672  4468  -5721  2576  5039  8196  -5042  6847  -5046  721  -5047  -5048  -5161  -5049  723  4459  -6898  -5163  2496  5015  6801  1353  -1320  8203
contig 253
  7365  5694  5695  -5696  -1483  773  772  2578  4202  1357  4320  4203  4129  1518  -764  7989  -5111  -4462  -4587  4570  -1707  -8768  244  2139  324  -8577  394  4572  1708  7921  -1713  4575  -1714  1710  393  -2138  8180  -296  5798  1019  -7946  3452  8306
contig 254
  -7221  -2662  2659  5116  4435  4364  1326  4136  6907  -6900  7337  -5019  6441  6904  -297  -1360  -243  -6036  -242  4281  -4321  -668  2645  -6021  717  1345  4467  -719  671  6831  5700  -4146  -6334  4128  -5706  -4323  -4324  -1359  5707  4325  -8610
contig 255
  -4253  -2506  -2507  5177  6447  -1332  -4244  1331  -4242  8473  -4245  4246  -5728  2474  5176  2509  -5096  -5097  5099  5100  5102  5178  739  -6375  -5106  -6374  2501  -4260  -4261  -4074  5648  5647  5646  -4096  -2471  -4409  1381  -4095  7839  8568
contig 256
  6985  -372  -2952  391  8059  3946  -4494  -6818  957  5258  6348  -931  -6496  1910  1912  -430  1915  -1917  1918  -1919  8273  -1921  1922  6628  -5330  -5332  -949  -8055  -3040  -337  -961  -6098  -6099  5351  -5352  -5326  5252  7695
contig 257
  -6385  1524  -6565  6948  5505  -9008  1565  -2188  3406  -3405  -2185  2184  2373  -553  -7619  7617  -2178  8933  -3514  8149  -8518  2176  5763  7949  -3380  -1122  -3383  -2182  -6536  -5755  -5584  7704  8235  5586  -572  571  6532  6533
contig 258
  6352  -2977  363  7494  7495  1954  -2974  1952  -2972  2971  -7829  7864  1950  -1947  7496  1967  -8073  7869  -1966  1298  -1401  -8347  1948  -1949  -5943  1951  -1953  2975  -7244  7826  2976  1956  -402  5266  -6462
contig 259
  -5083  5013  -6318  4084  -2475  8852  8732  5731  944  1839  -4661  411  -2078  1989  1992  1994  -1997  1999  2000  -5316  7600  421  4672  -993  7031  1859  6594  120  -9135  6128  -6126  -8928
contig 260
  -2876  -7553  -8294  6781  3847  3899  2814  -3865  7240  -7896  4751  6273  -6274  -3866  -2815  7243  7556  6799  -2818  2819  3846  -2822  7591  -8479  -7890  2825  -8293  -3851  3855  -3856  8045  -3897
contig 261
  4929  5469  222  -4985  -5468  -5339  -8102  -1459  -8106  4951  -4843  4845  -231  -4954  4955  4846  4956  -4957  4848  -4849  903  230  -2689  2881  2687  -7859  -2685  2684  -5402  -914  -2900  -8467
contig 262
  6161  -1181  8434  -1892  -1594  4644  6407  -980  -4617  -4226  7480  1854  -4225  -180  -174  -1853  -6033  -1593  4614  4612  1878  4668  6858  6410  1877  4666  -184  -6857  4664  -109  -7764
contig 263
  7130  -4978  -7529  4981  -4982  -4983  4869  -5439  1512  1513  2905  -5435  5440  -2890  5441  7159  7158  7345  -5010  8468  -4870  4989  -8378  4990  -1517  4993  -7534  8373  -3045  8508
contig 264
  6639  -501  -1039  -1174  3248  -1172  -1038  7415  6919  7428  3247  1037  5280  4508  -1190  -1171  -3655  -6664  3249  -1175  7416  3250  2462  2455  7766  3634  -2438  -3618  -2439  7230
contig 265
  -5025  -5026  -5028  5030  5031  -5034  -2571  766  -5159  4318  5722  4314  4313  4280  -2573  8331  2575  5040  4147  -5699  4308  1355  4307  -5693  1341  -4458  -5051  4519  -2587  -5052
contig 266
  3736  -6001  8151  -8140  2209  5994  978  -3679  -2378  3350  5626  5627  -5629  5805  5806  3476  -1143  -1554  5500  -5630  -5628  -5781  3324  1553  3447  3449  -979  3451  -1121  8591
contig 267
  6265  -1211  -6777  -4795  7433  4733  -3971  -2847  -3872  -3968  6282  3966  -3965  -3962  -4724  3961  -81  7915  2806  7235  -2803  2666  -2665  3743  7822  8460  -7474  -7821  7786
contig 268
  1245  -805  2795  806  -807  6263  4028  139  4026  -140  4024  4154  -4723  -4010  -3959  7395  -3775  -3777  -814  2808  3780  3779  -3776  7914  3774  -3746  3773  2667  -7011
contig 269
  5712  6553  5710  4356  7305  -1325  -6560  1362  2612  -5726  5020  1361  -4326  -4282  4322  -4125  -5705  4127  4360  -715  1370  765  1358  1520  1371  -667  2567  5179  8424
contig 270
  2829  2828  3816  825  2755  2757  -862  -4744  3925  -4742  -1616  3921  2681  -2764  -3825  3826  8587  859  2768  3834  -2769  1249  -2771  -144  2773  4103  -7393  1600  -8588
contig 271
  -7795  828  -3994  3995  3922  -4039  -1615  3926  -3927  4745  3928  3930  -826  3890  -4708  2568  -8251  -1611  -7457  829  -4790  4058  820  4117  3812  -818  2751  3758  8585
contig 272
  4216  -1845  2449  1592  3721  -2447  -2446  -2445  -8255  -1042  -6149  -1041  6148  3278  -8457  1099  -945  -6855  4525  -4656  -195  -6393  22  -4657  194  1096  1097  -9010  6790
contig 273
  -4847  7843  4844  5337  -5408  1658  2726  8564  1675  8089  6509  4841  -7515  -2699  1670  2700  -2899  -2702  -79  -2708  5416  -5479  -1465  -4834  4837  4838  4839  -5414
contig 274
  5677  -7650  -5676  -6803  4205  7339  734  -4291  -8129  1295  -5841  265  5553  5625  -5797  -1550  1085  -5799  5801  -5802  -5804  -8167  5782  3477  -1088  7370  1159  8402
contig 275
  3453  2204  6749  7959  3328  545  -3457  5548  -1546  1130  2194  7932  2196  770  4516  -2635  -8193  2561  4449  2517  650  -8329  5017  5682  -2558  2557  2556  5068
contig 276
  2364  3374  -2166  -2162  -7952  3366  3364  550  -3699  -2155  -2152  3361  -3576  -3737  -6230  7211  -6645  -2147  -2148  6202  3360  -2149  -2360  -3695  -3356  -491  2358  -3739
contig 277
  -4561  1739  -125  -6211  -7054  630  3272  3274  127  163  4602  -146  1063  -7924  -4600  4565  -3271  -4564  7602  -1183  1737  6964  1068  145  6248  6246  6208
contig 278
  -3522  -3521  -487  -7632  2316  -7964  7965  -7966  488  2357  -2143  -492  7968  122  -4743  4741  3924  -1279  3923  -827  3860  -3823  -3824  -2763  -8286  3828
contig 279
  -6418  -235  -49  -6425  -4886  -6513  6516  -1065  -6427  1435  4889  6483  -2865  -50  1762  -8039  2868  51  -4934  -1430  2886  -1763  -5459  -2901  1429  -8634
contig 280
  -7939  3561  -5506  -2312  -2311  -2310  -3472  -3470  3559  -8307  -2201  3412  59  5494  -1700  -4822  -905  -1680  1685  133  -1686  7853  -10  5895  -64  8955
contig 281
  3259  1023  -115  -3667  -3666  3663  -116  6249  1185  -3658  6244  -3273  -1022  2460  1062  647  3269  -3656  -3270  -1184  3657  6041  -3659  3660  -3661
contig 282
  4317  -2526  -1344  1356  4319  4359  5723  5703  5704  -1519  8609  2535  -8495  4126  5671  4460  5110  665  -6905  -714  1376  6909  7336  6908  -4329
contig 283
  2634  5154  -4448  685  5683  -4294  4123  -4122  7652  -6837  -8001  1338  4295  1310  5685  658  4297  -5686  1352  -4300  5059  -2538  2537  -5056
contig 284
  7624  -3481  -3480  -2347  6193  -6259  -3680  -1120  3735  3681  -1119  1551  1552  -5803  -5556  -1160  5557  -6721  -508  -7940  8232  -5558  1141  8135
contig 285
  6034  -6153  -6241  6227  -6155  -6157  6242  986  6220  -988  -6129  -8929  7770  3173  4526  -3174  995  1868  -3176  999  -3583  -3178  3180  7107
contig 286
  -2800  810  -8778  7820  -4025  -4045  -138  3802  -870  -875  882  -4753  -853  -6268  -3804  855  -4056  -4785  4758  -4111  7678  2851  3884  -8025
contig 287
  2499  -2500  7135  -5109  -654  -5104  2510  -6362  -5094  -2512  688  2515  742  6446  -5147  -743  -6658  5121  -2652  5119  -2478  -2653  698  -8207
contig 288
  8108  225  5398  -4972  4858  252  -8084  -251  7525  -4973  8633  -913  -5443  -6436  4977  -211  -4866  5436  -4867  -5008  5009  -1514  -213  8513
contig 289
  7349  -6524  5432  5431  7878  4814  5489  1454  -7850  5303  8095  -4925  5302  5301  -249  -5340  -5310  -7879  5307  5425  4819  -8935  -8938
contig 290
  4984  -542  -1444  5387  1443  -8263  -248  -5426  -5427  7517  7516  1453  -65  -5488  5428  8747  -4815  -4926  -6430  -4928  1458  4818  -7348
contig 291
  6906  -5184  5137  754  6671  -2488  -5079  -5080  752  5081  -5085  2485  5143  5087  5088  -2482  -5089  -5090  7997  -700  -2656  -2486  -8541
contig 292
  6048  -696  -7137  -1488  -5720  5679  -6053  693  -692  -7995  -1351  -2519  -2636  -4517  2562  -2518  -651  -266  7081  -1486  -8492  -5670  6450
contig 293
  7004  -617  6117  -620  8916  -6007  -6038  -6170  6169  1015  -619  -6037  6168  -6728  1014  -6238  -3630  6250  1010  -8551  3212  -3211  -7814
contig 294
  -1833  4627  -4628  -4223  2119  -4224  -1834  -1812  -4630  -21  1980  8417  567  5835  -590  -480  -3461  -1136  3309  -3463  -6201  1137  -8309
contig 295
  3130  38  -348  5361  -3132  -8181  -7588  -5315  3117  -2989  4569  -4568  4567  -168  -1705  -1706  2104  -151  4588  4589  -374  -1416  -5356
contig 296
  -8218  -1984  -2133  5368  -8224  345  3128  169  1717  -4548  -4166  1767  -4545  -7576  -7748  -3101  -2097  1712  -152  -1709  4573  4571  -8325
contig 297
  -1698  -2716  2717  -7882  -7856  1684  1681  -1679  -916  -1678  -5495  -247  -5465  -5466  5421  -5467  -5422  4821  4820  899  -2882  -7852
contig 298
  5135  762  -5127  2603  5128  -5131  761  -2628  -4139  5733  -4351  -4198  4133  -1480  2536  771  662  6674  6675  713  -7001  6667
contig 299
  681  4299  768  -7649  -1375  -728  5065  -5150  706  -4463  -2545  683  -1374  682  7988  -2540  -5058  5149  725  2649  726  8205
contig 300
  3639  3638  -3640  -3235  -3642  -538  3645  -3238  -6122  -3299  -8011  1036  -7762  2457  -3650  -3719  -612  -7260  3720  -3305  3302  -6474
contig 301
  -2541  680  -7976  1485  -5062  -6340  -2638  2639  -2497  660  -4464  2546  -1291  2548  -8534  -4465  -708  -7675  -2551  -1337  -2555  -7674
contig 302
  6928  91  -3115  -90  4558  -6091  -3119  315  -3114  2129  42  6862  415  -940  -6384  4554  -417  -4583  -4167  1725  -4552  -7900
contig 303
  -2701  5388  1695  2703  -8380  -7512  -7531  -1665  2705  2706  -6691  -2710  5417  -5482  4904  1464  -1462  7854  4899  -1702  -2713
contig 304
  -6026  6028  -5118  744  -2477  -745  -2479  699  763  2481  -5091  1034  8240  -2456  3243  -3298  -7772  -3239  -3237  7774  7775
contig 305
  -5499  1  -279  -1774  -8040  1778  1804  -4949  5497  5496  -1785  1796  1779  -7118  1758  77  46  8565  2721  -87  6892
contig 306
  8002  -1339  5151  657  -8204  -8428  2544  5064  2498  4148  7090  -729  2547  -6019  2549  -6005  769  7977  4283  5702  8132
contig 307
  7538  1330  4380  -4080  -4081  4238  -4082  -4236  -5654  7537  -747  -6054  -7536  -748  4234  -5086  -4085  -8113  7832  655  9015
contig 308
  -6922  5395  -5394  -4975  4976  -210  280  -7125  -6514  5378  -5380  5381  1437  -1438  45  8270  -260  1756  -44  -239  8350
contig 309
  8575  -328  -329  451  1898  -959  -1899  1900  1901  404  2032  -1905  -5220  -8363  3024  2941  2942  7871  -1909  -331  8984
contig 310
  -797  -4150  -798  2743  3803  1204  -4014  4016  -1207  6276  -4017  1233  4018  1260  -1209  -3813  3815  -821  6775  -6260
contig 311
  -7912  2998  -7913  2007  -4631  1837  200  -23  -4643  -414  -4624  2996  -301  8391  3080  95  6805  -7731  -1329  7982
contig 312
  3483  -3487  3690  -8529  -5788  -5787  2426  5842  5839  -216  8819  -6188  6189  -1153  5570  1542  5569  5568  -5620  7356
contig 313
  7412  7410  6771  6131  -1069  -8024  2013  370  3011  -3008  -2022  -2021  7344  -1399  8051  2052  -8052  2017  -2014  -8503
contig 314
  8053  -1959  3053  8356  -438  8029  2024  3010  -2054  -1962  935  -1400  3012  1300  -1299  -2029  -7681  7492  441  -8054
contig 315
  3229  -1012  -7043  616  3279  7052  -6205  -1016  -621  6725  -1017  -6008  -7217  -6009  -6178  6142  -291  -6481  -456  -5321
contig 316
  5391  -4863  5393  -4862  -4861  -1475  4974  -5444  6921  8902  -5445  -5446  6510  -4971  4969  1690  909  2724  1644  8951
contig 317
  2141  -7611  3697  -3355  2144  3357  -2359  -3354  -8304  3547  8143  3518  -5999  5740  -3524  3401  -2227  -2225  -2226  2380
contig 318
  3759  8690  6064  6285  -7818  6787  -6283  -1242  4762  -1243  -3764  -2663  4027  -4761  7062  3768  -4109  -7580  -3767
contig 319
  1734  7892  -289  -6039  8766  -6040  6179  5880  -6210  -6120  629  1740  -1182  162  5906  -6296  4598  -112  1811
contig 320
  -5376  7845  -7846  -4806  7847  -7391  -1445  -4802  5373  -7388  4805  -4810  -7848  6924  1450  -4813  -1452  6923  7844
contig 321
  2171  2173  -2177  2366  -3741  3379  -2367  3382  -3531  3381  -3530  -2179  2175  -2172  2365  -1044  5585  2180  -8172
contig 322
  -8338  -3254  -3665  3664  -648  3134  2430  624  -2452  3626  -3220  3261  3258  3255  -3253  3668  -3256  -623  8638
contig 323
  -5474  4916  5475  5476  -5415  -6523  208  4832  -4908  -4907  5342  -5483  -5343  -1463  7510  -4829  915  -5314  8094
contig 324
  -6796  2731  2728  928  -927  926  925  8023  -780  3781  -816  -4121  -3778  -4012  -3964  -7431  80  8291
contig 325
  7160  -6493  -8041  -1441  -946  5007  -1791  -4997  1806  -4938  897  1476  4942  -8374  1477  7128  -5491  8098
contig 326
  6812  -877  -7018  2842  802  3760  7919  -2786  -803  -8896  2790  2788  2843  -4160  4159  6293  -3885  9104
contig 327
  4771  -7888  1234  -3769  -2802  -3770  -1235  3771  -2804  -2805  4156  -3993  -4720  -7399  -788  1270  -3979  8017
contig 328
  -4797  -4798  -4799  7390  -7389  -4803  -4809  7825  5371  -4804  5372  -1447  -1666  -8267  5389  9190  1668  6599
contig 329
  1460  4898  -1461  -1636  1635  7885  1632  1630  1691  -4831  -4830  -4828  -4900  -4826  -6421  -4896  4895  6420
contig 330
  3418  -2352  8485  2356  -3416  976  -2285  -2287  -3403  -533  -583  -5870  1155  -5821  6174  7727  5541  5507
contig 331
  -2039  1965  777  -5945  6986  7497  5189  4420  -4070  4424  4484  4426  -3034  -2978  5298  -5320  -2043  -6084
contig 332
  4700  4699  3952  4697  -2675  1284  3949  7447  3948  -4696  8242  -7799  136  7750  -852  2777  -3836  -7918
contig 333
  6299  -1304  4204  -4601  -1817  -1024  3629  3222  -6136  3135  3594  -3137  3598  781  -6759  3599  7278
contig 334
  -2838  4066  -3997  3998  8559  1223  -9162  3999  3909  -2925  -3908  -6289  8429  2931  -6262  1599  -3943
contig 335
  -6976  -7197  -2068  -4498  -6715  403  -1902  -1904  1906  -1907  1908  2033  1903  2943  2944  1913  8572
contig 336
  2116  -3098  -170  -942  -4547  -4592  -3129  346  2095  2096  -4543  -347  7316  -4590  -4574  1417  4113
contig 337
  -5134  -5171  712  2600  -5130  8049  711  5172  5136  4366  -4355  -5129  -2629  -7690  5173  -5174  -8206
contig 338
  6470  6471  5236  7659  8321  -1193  6229  -2442  -6139  8558  -2443  7785  -3622  7231  -9127  -6762  -9126
contig 339
  4063  -3978  1424  -1617  -1212  -4738  -1618  1289  4796  -1290  -4734  4730  4729  7432  -3967  3747  -9188
contig 340
  7181  -303  -3534  -6744  5975  2183  2181  -7950  603  -511  3378  -3529  -7948  -7963  8606  -3377  -9198
contig 341
  -1607  7413  -7084  1605  4788  -4020  4057  3808  817  2748  -1206  -4757  854  -4055  2745  -7440  8500
contig 342
  -8178  -1255  832  -833  7449  4701  -7448  4781  -1285  -4698  -737  -4053  -866  -8544  -2939  6061  8416
contig 343
  4222  2009  -4229  -1813  2092  1988  2003  3072  -7606  -1809  -1987  7920  2984  2997  -2006  6502  -9077
contig 344
  3556  6579  504  -594  1556  1569  -1567  1113  2401  -3558  -1140  5564  -5563  8166  -5807  5559  -5631
contig 345
  -3428  3425  7630  -2235  -3387  3390  -2233  -3391  -541  -2382  2424  7729  579  7728  -1562  5775  -9178
contig 346
  7245  -340  2060  -2062  -5333  5325  -951  3015  3016  -6085  -3017  3018  -3019  -3076  -8111  -8121
contig 347
  7335  1348  7974  -1346  6333  4361  37  3106  -36  -444  2140  2102  -2010  3116  7737  -7739
contig 348
  2421  581  6234  6181  -1127  -1134  604  -2260  3459  1161  8526  5518  -3346  -5517  1534  -5516
contig 349
  4076  4262  -4073  -4264  -4265  6373  -7873  -2473  -687  2472  -2470  -4408  4407  1378  6372  6442
contig 350
  -6683  -809  2844  3762  -4161  2794  7287  2792  -3761  -2787  8047  2785  -2783  801  -2841  -6697
contig 351
  -5828  -5829  7645  -3307  -591  3310  -5523  -5833  589  479  -2259  605  1135  7264  559  7944
contig 352
  -5868  2403  507  -1142  -3473  3474  -3475  -2346  3478  3448  -8141  -3563  5780  -3564  -1555  -8649
contig 353
  -2688  -255  6604  -1789  -1650  -1653  8570  -2692  7232  68  904  -1470  -256  -6602  -2695  2898
contig 354
  3014  -3013  -400  -2056  1964  5193  -5263  -4416  -7499  -7298  5196  5265  -111  4596  4562  -4599
contig 355
  223  -4859  -907  4857  -2725  2722  -227  -5400  -7343  5451  -5306  -8097  -4962  -4960  4959  -4850
contig 356
  -2720  -2719  898  -5424  -1428  -5423  -8104  -6431  -8377  -63  5308  5486  8636  900  1787  -9193
contig 357
  -123  3495  3577  3422  3423  2217  -6636  -524  5546  5786  -2272  3493  -3491  -8488  3486  -3484
contig 358
  5347  -2983  -2005  -437  8370  -1960  -1961  -2023  439  2026  -2055  -2025  -3009  -7682  -2020  -6619
contig 359
  3395  2231  548  2383  -2236  -6204  -7045  -5602  -8155  -5777  5768  -5751  6950  3508  -557  -3503
contig 360
  -6307  1314  4089  1396  1395  -6308  6309  5234  8990  4385  -6311  5242  6222  -7790  -1072  -7029
contig 361
  -4702  -2674  4783  7453  3957  4054  -1220  -7456  -7752  8244  -4767  3857  -8246  4775  -4763  -6412
contig 362
  2543  -727  -5687  -6546  -5688  767  1327  5054  -5053  4454  4453  -4452  7648  2588  1484  -8322
contig 363
  -4043  -860  7793  1427  -7438  7437  -7436  1278  1277  3977  1288  -888  -3976  3975  1210  4732
contig 364
  7560  843  8282  -6869  -6782  -6875  -7397  7757  7242  7554  7398  3845  2820  -2821  -8281
contig 365
  -1498  -322  -2107  -3087  -2106  5940  319  5367  -2130  -416  -7570  1969  1418  -4555  8299
contig 366
  -7102  -633  3171  4228  3172  8446  -2434  119  -997  6130  -998  3163  -3675  3166  -7256
contig 367
  -2797  -2664  3765  -3766  7887  -7579  -8044  2801  -7581  -3772  -3745  6261  -813  -2807  4120
contig 368
  6774  -4755  7067  -4130  -7671  4520  2646  5033  -2569  2570  718  5035  -7514  8087  -8088
contig 369
  3149  -3603  3153  -1081  -3155  3157  -8012  -3159  -3677  -8458  -3674  3168  -6761  -6589  6588
contig 370
  5653  746  -2480  4441  1382  5092  7338  5120  -5145  5146  689  6445  741  2514  -7491
contig 371
  2554  -2553  -2552  1292  5067  -5066  6378  4466  -684  707  -4296  -6825  4193  -7978  -4293
contig 372
  -800  2784  -7577  -2789  -4112  -2791  -1247  -1248  -3886  -1241  4774  -3763  808  -3887  -7061
contig 373
  4772  3750  8016  1614  1613  -1598  1597  1218  -4108  3817  4107  7895  -4105  -3863  7080
contig 374
  5245  1005  6133  3262  -642  3264  3265  3266  -7802  3672  -7808  -3725  -644  -1074  -5250
contig 375
  1832  938  -4660  412  4621  -4622  4625  -4208  1850  -2995  -7601  5349  2079  1849  -4663
contig 376
  8546  -3623  -8450  3621  3210  -3209  3207  -4383  3205  -3203  -3202  -7768  3201  6135  -9124
contig 377
  -1656  -69  1655  1654  -6603  -1652  1651  -1649  2690  -1648  -1647  1646  -1788  229  -7858
contig 378
  6688  2873  8046  -7540  869  -1262  -4114  -4022  4115  -2672  4760  -1259  -4019  6970
contig 379
  -5885  879  -4894  1790  124  -8931  1807  -5000  6883  -4939  4940  -6884  881  -7740
contig 380
  4705  8616  1286  9114  -6797  -3858  4764  3853  -845  -3852  3850  -3895  3848  8624
contig 381
  5318  -6345  -4429  -4430  -4431  -8072  367  -397  5199  -4474  -5268  -5197  4185  -6302
contig 382
  -1669  -7485  5311  5412  5413  5312  5313  1466  -4912  4836  4911  -5344  -5480  8086
contig 383
  1601  -1602  4689  2775  -2774  -2772  -1250  -3941  -4682  886  2669  3940  -3939  4679
contig 384
  -2093  2094  2136  -2099  3131  963  -3103  349  2101  -3105  3133  419  35  8287
contig 385
  6195  8236  8231  1138  5643  -6745  3502  -9009  2410  -2411  6996  -2412  6531  -6644
contig 386
  3527  8147  -2164  -495  2163  2165  -551  -3365  2161  2159  2158  7613  3362  8602
contig 387
  2914  -6057  -6063  863  7751  -7753  7459  -8245  4765  -7755  -3854  2827  -7460  8007
contig 388
  -5603  1537  -5815  -7718  -530  -5869  -8225  -5543  -1168  5871  -5616  6527  -563  5618
contig 389
  -8018  6146  3216  -3213  6167  3295  -6166  -3294  -3730  3293  6165  3292  3267  -8451
contig 390
  3384  -3385  -6198  2420  -2419  -2418  -2186  2374  -3407  -3409  -3410  3537  -6185  -3496
contig 391
  -4485  -359  -5260  -3003  1946  -7868  -6104  -8274  7870  -7484  -5192  3054  2040  -9044
contig 392
  3005  3031  5264  5195  -7295  3000  3007  -2019  -4414  -436  2016  7683  -3001  -6633
contig 393
  6456  4180  4174  -4184  -1406  -398  5201  6459  -5272  1078  4427  5275  -5276  -7700
contig 394
  -5809  5528  -5526  3314  -5834  5831  -5521  -5503  8596  -481  -482  6640  -2264  -6655
contig 395
  2361  -3369  -8403  -2363  -8952  -2168  3375  2167  8604  -3371  -3702  2362  7614  -8940
contig 396
  3097  325  3126  2117  -2118  -173  -2988  6094  -6095  -3100  2135  -5369  3102  -3104
contig 397
  -8939  -584  -5872  5852  -5836  -1145  -5571  577  -8947  8948  3424  2216  -2214  -9140
contig 398
  8997  4289  5719  -736  2525  -4344  -1334  -7308  -7132  -1333  -5674  1350  4339  9189
contig 399
  4379  4442  7833  -4235  -4233  -4377  -4231  -701  1383  -4190  8114  -4191  -7087
contig 400
  5036  5037  -6031  -720  2574  5038  2577  6557  -674  -8195  2647  4456  -5160
contig 401
  -2613  -756  -5181  5073  -5183  2491  705  5661  7842  4278  -8261  5664  6558
contig 402
  4518  677  676  5044  2585  -722  2581  5050  2580  -7990  -776  -4457  7667
contig 403
  -3055  2075  -6087  6709  2980  6489  6089  7249  -7153  -6718  -7698  -8386  8396
contig 404
  5910  -1884  190  -6587  188  1879  -187  -6852  -4667  -6400  984  3676  6255
contig 405
  -5933  -352  5947  2037  -2038  5948  6101  354  3043  -2064  -5949  -407  8668
contig 406
  4676  -4217  1890  178  -179  1066  -102  -101  4674  -1844  99  3343  9087
contig 407
  -6871  6870  7557  -7759  7324  5878  -4009  -4008  1621  84  -1624  -7558  -8030
contig 408
  -3837  -2780  8295  -2778  887  4104  -4688  851  4779  -4049  -850  4047  -4046
contig 409
  -5335  -4958  4921  5407  7520  -5406  -5452  4961  -4852  -5405  1471  -5449  7523
contig 410
  7987  -4447  1293  4124  1336  -5681  5018  -4292  -7657  -1335  -7089  4290  -7994
contig 411
  2195  -3682  -6750  1129  3456  1128  3572  2271  483  -7623  2299  -2415  -7937
contig 412
  2830  -3864  -3862  -822  -3983  4059  4793  4709  3984  -6785  -794  893  4711
contig 413
  2522  -7980  4145  -4345  -5675  6555  695  -8315  1544  -3327  -5621  -1543  -5789
contig 414
  2123  2124  2126  2128  -5968  43  2127  5939  -314  5938  1968  -1732  -8578
contig 415
  -4219  1866  -1886  3175  -4671  3742  -8545  -1887  1857  4638  -4639  4640  -8532
contig 416
  276  277  6  -5  -2  -5345  4882  241  5382  262  7165  -920  -6068
contig 417
  4888  6426  4891  7926  294  245  -4880  -4937  97  4936  -4634  -4137  7299
contig 418
  3332  -7708  7360  -3329  2331  5826  -5825  -7707  -966  -7935  2294  -2296  7936
contig 419
  -71  -5409  5456  -5454  5336  -4953  -67  -5453  -6517  4851  6505  5404  4853
contig 420
  -7241  -6072  2926  3907  837  2933  -2932  -3914  -835  3912  -4215  834  7293
contig 421
  -6458  -4476  -381  8068  -4486  8067  4487  405  6100  8674  -6081  -353  6609
contig 422
  2524  2611  -694  -5132  4358  -4144  8998  -735  -6556  -5680  2520  8643
contig 423
  6116  6164  -8152  2402  -2303  5974  595  5845  -5847  6575  -8127  8128
contig 424
  6145  636  -8452  6839  6367  -5249  -4171  5247  -1388  6383  1048  6842
contig 425
  -4372  6550  9047  -5072  -2492  704  2493  757  -8426  7874  -6331  8736
contig 426
  -6822  1294  -4288  -4382  -4286  -4143  8730  -8612  -2521  -5678  7979  8729
contig 427
  1365  -5745  549  7960  -3426  5739  5743  -5502  3386  -2232  3392  9091
contig 428
  6196  -485  9194  6197  -2212  536  -1165  -585  -2211  -3513  -7955  -7971
contig 429
  3188  -3187  -3717  -1002  -3183  5881  -1000  638  -7478  7479  1864  3586
contig 430
  3193  -1856  181  3189  -4675  -100  4522  175  130  -3228  -4521  3226
contig 431
  -4922  -4884  -4923  4924  -4842  1688  -232  -70  -908  1473  -1474  6424
contig 432
  -2375  -1545  5549  5864  6115  1548  598  6581  5795  5554  -5552  5550
contig 433
  -1432  -236  1761  1434  5288  4890  -4887  -6484  -5317  -6507  -234  8296
contig 434
  2591  -3602  -150  2593  -3604  -2594  3678  3161  -3164  -8335  3286  3287
contig 435
  5928  -1786  2887  1764  -6078  54  5903  1776  -5464  5287  -1433  6522
contig 436
  -1167  1170  -2428  5990  2292  -5544  562  -5614  1539  -2354  2416  7204
contig 437
  -5984  6754  7044  5982  -2221  2050  3002  3030  5238  -2053  956  6354
contig 438
  6490  -6093  -3086  89  -40  2108  2110  -323  3124  3092  -1499  -8182
contig 439
  -8371  -278  -75  -48  -2863  275  -6896  4948  -5498  5377  1784  -9142
contig 440
  6559  5718  -4200  1366  1367  1368  -7702  7973  7099  -4443  -5124  6829
contig 441
  5993  -2295  -5862  1533  6141  -2293  -2298  -2302  8608  -5512  -2330  7206
contig 442
  -5565  -6576  596  5561  2308  5501  2306  -2304  3469  3560  1114  5843
contig 443
  610  -7837  4266  4097  -4267  2476  686  -4268  7838  4094  -4269  -8272
contig 444
  8999  -6313  -4272  8271  -6295  -4270  5012  -4271  5011  -8733  -9079  9081
contig 445
  4945  8110  1683  1682  -61  132  4823  -60  -7487  -1641  -7855
contig 446
  1941  -390  5932  -6080  -351  5934  -5936  -355  -5328  3042  7252
contig 447
  -1045  3169  7405  3170  -8550  -7809  7058  -7810  5915  6764  -3711
contig 448
  -2686  5305  4963  -4964  5403  5450  -4965  1643  1803  -9058  -8949
contig 449
  1303  -114  128  -1735  1736  -4576  164  4118  -7899  -148  -8641
contig 450
  4412  4413  5194  -5262  -4087  -4417  -2058  4418  -4419  936  -8983
contig 451
  1307  -7569  -199  -7568  7319  -4579  4578  308  3108  -2121  3109
contig 452
  -4502  6452  -7097  -4425  -401  -1955  -6630  -427  -5300  -1957  -9064
contig 453
  -7627  -3433  -8483  -516  -8136  -2238  -515  -3429  1146  -5583  -8171
contig 454
  -2704  1664  -1662  -1661  -4910  5478  4835  -2709  -7490  -209  -8264
contig 455
  -3669  3712  1075  -3632  6225  -3616  -3617  7215  -1076  -1077  5281
contig 456
  4611  -4613  7106  1059  -4615  -4616  -104  -4523  8189  -1855  8190
contig 457
  6841  4471  6312  1389  1189  1071  7679  -3231  -1051  -1003  8557
contig 458
  4659  -5645  1563  -570  -5997  -2321  8932  2407  2408  5987  -6746
contig 459
  -6150  108  3276  3275  -8543  -106  -3198  6123  983  -1308  6317
contig 460
  -1751  -8184  3345  -1846  -1847  7749  -177  3613  3714  -4230  -3614
contig 461
  -2770  -6696  849  -3942  -1603  724  4304  -5669  4284  679  5690
contig 462
  1115  6190  -2399  3414  7035  1112  -3413  592  -2200  503  8644
contig 463
  3963  1272  4726  -5905  1745  -2670  1620  -7434  4735  1232  7435
contig 464
  -599  -6992  -1091  3251  -1101  -2461  -1177  -1054  1179  2453  -8453
contig 465
  -8220  6804  6300  1852  -7735  -1810  1851  -4209  -154  153  8441
contig 466
  7063  -2845  2846  -3889  924  1230  8344  3871  -2727  2729  -8889
contig 467
  -2534  -2533  8657  2530  -2615  -1411  -2529  -2494  4436  4511  -2617
contig 468
  8431  -6800  -2938  6062  -6292  1224  6264  -3917  -2934  -6290  8890
contig 469
  1865  -4221  -4647  5533  5813  5814  -6953  5816  -5817  -1158  8665
contig 470
  4172  -6455  -8057  -8058  -4493  -8630  2065  358  -5951  5950  6498
contig 471
  2197  -546  -6650  2198  2199  2376  3455  3454  -3566  5623  -6941
contig 472
  2248  -2250  3686  2252  3441  6194  -3444  -3445  -2257  -555  -2314
contig 473
  2353  8593  -2355  -532  -1540  2288  977  -2290  2289  1541  -5545
contig 474
  -6228  985  6156  7258  -6127  -8915  253  5447  226  -6969
contig 475
  -7151  -1033  -3241  7773  -3643  7807  -3234  3232  6013  7778
contig 476
  6247  -6010  -8123  -4541  -4560  622  6245  -6206  7904  -8917
contig 477
  5532  5531  -31  5875  1132  8226  5610  3320  8164  -5810
contig 478
  4756  6873  876  3806  -3756  -7396  1258  -4786  1261  -6783
contig 479
  1640  -221  2714  -58  57  -218  -7508  -56  -1634  7486
contig 480
  6344  -4428  -6288  5270  5200  5198  -5269  1405  -4186  8506
contig 481
  -948  5213  -5215  5214  -5235  5209  932  -5210  334  8966
contig 482
  -6353  4405  -1403  6461  -7145  6795  -2047  -6794  5277  -8679
contig 483
  1349  2098  93  -6486  6485  -1986  7574  -418  5942  3127
contig 484
  -2237  3427  8599  -2234  3389  540  -3538  3393  539  3394
contig 485
  4220  156  996  -2436  7771  2435  634  994  -880  4933
contig 486
  -2960  2959  463  -385  386  -2957  -2956  387  -1940  -5324
contig 487
  1568  5844  6574  -3557  6578  -5859  -5808  -2307  -2309  8487
contig 488
  6475  6478  -6368  -3214  -7803  -3217  7812  -3218  -6147  8019
contig 489
  3507  3505  527  1559  263  -5510  2297  -7373  -2300  7622
contig 490
  -5897  5893  -5487  9030  -6075  9141  -5899  9027  -1451  9143
contig 491
  5904  3280  7909  -285  -7893  -286  6177  6119  -1018  -7255
contig 492
  -702  -703  2487  -753  -2489  -2490  -5076  5074  -5071  5117
contig 493
  2044  2045  5954  -429  5964  -2046  3037  6111  6112  -9174
contig 494
  -3550  -3549  -1163  -5827  5513  -3330  5514  5515  -3467  -7207
contig 495
  -2082  -2081  -343  -2080  5350  962  341  -6707  3041  5944
contig 496
  5971  -1131  2345  3322  7374  597  8844  1482  5701  8112
contig 497
  3619  -3713  -7425  3252  1040  -1105  -1055  -1104  7813  -3670
contig 498
  787  3787  -1238  -1239  2737  8278  -3753  2739  -2740  7889
contig 499
  5219  -930  4497  4496  -2067  -3049  450  -3050  5329  8629
