contig 0
  2974  2975  7826  402  6630  -2976  -359  -1951  -5260  -426  1946  -7483  -1297  1967  -7497  7869  -1966  7870  -7484  5945  -1965  2039  -9044  -4418  -441  9604  1964  2055  2027  -2026  -935  -2025  2054  -3009  -8029  -1399  -2019  -4414  -436  -3000  8053  -2016  -1959  -9610  -2052  -437  -4415  2028  3014  2058  -7492  7681  2057  -2056  370  -439  1962  6620  -3008  1961  -5194  -3030  -5195  5196  -5264  5265  -3031  -111  -6248  126  -112  1811  1034  7418  8011  -3241  -3644  -3237  -3637  -7777  -3638  2595  6013  -7776
contig 1
  -5049  -2581  723  4459  2583  722  -710  4519  -679  5669  -4304  -7648  4452  -4454  4455  -2537  2496  5015  2538  5058  7172  -1352  -1375  5064  5065  -1292  2552  7224  -2554  -2555  -2558  2632  -2631  5068  4123  -4122  -8001  1337  5067  -5066  7675  6378  708  2550  -1309  4296  -1339  5153  8534  5152  -2548  729  -7090  -4148  2497  -706  -4463  658  728  683  -768  -4299  7976  -657  -5151  707  -8911  -2547  680  5149
contig 2
  3834  3832  3831  3939  -3940  4682  4685  -3942  1283  -4686  -798  -875  1204  7440  -4753  -853  -2745  -3804  876  855  -4056  4757  -4785  6276  7678  1233  -4787  -3808  -8025  -1209  -819  -818  -2851  -3883  3882  2748  -3881  1207  -1206  2746  -4013  -2774  83  -3929  3930  -4108  4107  -2828  -3863  -7540  869  -2829  823  -1611  3757  9618  3980  4789  7067  7413  1605  -6970  6783  4057  -4018  857  -8861
contig 3
  -2898  2697  -1692  2726  8564  -1693  -1659  8089  6509  -7515  5311  5412  5413  -9190  5312  -7512  5313  4913  5477  -4912  4911  -4835  -2710  5417  -4909  -4908  -4907  4904  -5483  5484  -78  6692  1631  -215  4827  -4825  6420  221  -9  1678  1679  61  -1680  -7856  1685  -5307  7348  8636  -4818  -1458  4816  -5896  -8092  8936  66  -5341  -7238  9030  -6075  -5899  1452  4813  8934
contig 4
  2716  1698  1677  -5494  -59  -597  -8196  7376  -5040  -5038  -4468  -4313  -671  -5722  -4318  5159  -2570  5034  -5033  8844  4319  4320  5703  -669  7671  4130  -1369  -1370  -9551  715  -4281  7989  -9584  5179  -2566  242  -2565  2564  8316  -9337  9336  -6657  6900  -713  6560  -7074  7000  -9560  9471  -1296  7981  -2536  9184  1363  4334  9448
contig 5
  -7982  9592  5726  -1362  -4329  4330  9795  7101  -6677  -7001  -6332  2527  4327  -6909  6441  -1376  5020  6905  -5110  -2563  636  6839  -3302  3305  -3720  7260  612  3719  -7428  3650  -3647  -1312  1323  -1178  1201  -1385  1055  3634  -2438  -3618  -3619  -3617  9124  -6135  -3200  -7783  7768  4384  7985  4439  -2442  8558  7785  -9656
contig 6
  -6305  4067  7495  7244  360  1953  2971  1949  -296  -1086  -9685  5800  3564  -2378  -6259  -8151  6001  5781  -5803  7624  -3480  -2347  6193  5994  978  1085  7253  1550  5797  -5625  5555  3323  2377  3452  5784  -5798  -5799  -2209  5801  -3680  -5780  -5802  1551  5805  -1088  5806  7370
contig 7
  -7306  9183  -7838  2471  687  2473  8472  6030  5647  -6373  5014  -6049  4262  -6443  609  7135  -5109  -6322  -654  -2652  -5120  -7338  744  -2653  -2479  -4441  2480  2481  -5091  -749  -2483  6832  -2484  9576  -5086  -5013  -4187  -5128  -762  -2630  4515  4137  5169  7136  -8537  -8536
contig 8
  -7165  -5382  5380  6518  -241  -46  6514  5498  -1796  -4948  -4949  -278  -9117  4950  7124  -7123  1065  -2864  2880  -1760  -755  4371  -9557  -9558  4373  -9015  -4189  4188  -655  -7832  -9575  4085  -4234  -2475  8852  -2482  -5089  -5090  8732  -4442  5652  -697  4082  4080  -8569
contig 9
  -7073  -7072  -7071  5672  -9462  6823  -6999  6004  -7002  -695  4344  5675  -2525  7650  -5132  -4144  5678  2521  -7995  8612  -4290  7089  -1351  -2519  4286  4382  -5018  652  7673  -2636  4288  -1294  -4450  -5069  1486  4516  466  -5155  6450  -1335  -4291  5680  8730  -7994
contig 10
  3485  -3486  8488  3690  9355  -5786  -5547  -5546  -3338  -5574  5572  -9680  5838  5571  5986  6993  8527  -2212  -2211  584  5849  -5617  5616  1170  -534  5545  1168  -1541  -2289  -3402  -977  3403  1155  -976  3416  -3543  -8485  2352  2416  7205  7204  2423  7375
contig 11
  -2093  2135  -2097  7316  2136  1417  -2099  3130  38  3131  3102  -3132  -3104  37  -2139  -444  419  151  1359  4322  -4125  -5705  4127  -4128  4360  -5112  -668  -1371  -1520  -1358  -765  5704  -1519  8609  -8495  4126  -5706  1360  297  -7220  -714  6669  -6904
contig 12
  -4837  208  -1465  -4834  5344  -5416  2708  -209  1665  -8267  1668  6599  2701  1696  -1671  4919  5473  6515  -1658  -5409  -9097  4951  -232  4952  -5401  4966  -4967  4968  -7131  -909  -2900  1472  -2722  -8467  -4969  5398  -1474  8633  7526  -6433  -7127  4976  -7329
contig 13
  1117  3377  5756  -2365  5765  -509  2169  3375  2168  8952  2167  8604  -3371  -496  -495  3369  -3368  -564  -2225  3739  -2358  -490  491  -3461  -5519  591  -482  -2264  -7645  5829  -7176  5827  -5825  -7707  483  -7622  2299  -2415  -2295  -7937
contig 14
  -69  -5453  -4957  -4958  -4959  7520  -5452  4961  -4852  5449  4853  5305  -6505  -9641  -2690  -230  1802  68  904  4954  4953  -4845  1469  -5456  4842  -4924  4923  4884  4922  214  -1464  4833  -4910  5478  -15  4836  2709  2493
contig 15
  5274  -448  -8058  -2065  3047  2066  3048  4495  -4496  6455  6347  930  -6715  5259  330  8358  5221  1906  1908  4499  2943  7871  2944  -5217  -5256  -1916  1918  -1919  2947  1920  -1921  -432  2948  336  2059  -337  -8365
contig 16
  3868  -3782  2731  -2729  -3871  -1230  -4120  -4121  -924  3780  814  3777  -3776  3889  7914  2806  7235  -3745  3746  -3961  4724  3962  81  -4012  -3964  3965  -3966  4726  2727  3747  -9188  -6417  4794  3779  -3778  -8248  -8552
contig 17
  1062  4599  -4562  161  -9340  -1412  8124  -6010  -6179  6040  6039  -6206  1017  -6177  -6725  6006  6662  621  -6038  -6170  6169  -6117  618  -7004  6728  3280  7910  7909  -285  -7893  -7904  -1016  6007  8405  6531  -6752
contig 18
  -6403  -9574  191  -1881  1880  1879  -187  5908  186  -6809  -4667  4666  -6400  -184  4664  -9570  3276  -6123  3275  3198  -105  -7763  1594  -8555  8780  -5918  -3676  1181  -1308  109  -984  -1874  -185  6852  -190  9808
contig 19
  -2793  -807  -1243  6263  4028  139  -140  809  4024  -7184  7429  -2801  -7062  -4154  -4771  -4761  -4027  2663  -8589  3762  -806  -2795  -4161  2794  1242  9613  6283  -8449  -8455  4112  1245  -804  -1247  -1248  -3886  -7287
contig 20
  -1602  4778  -4048  -1251  -3869  2770  3941  -4684  -1603  724  -870  -6815  -4101  -7083  -4102  882  4754  -4755  -8336  4055  -4014  -4015  4016  3806  -3756  -3807  3809  2672  4116  6775  -820  4022  -1221  -8586
contig 21
  -1590  9064  5299  363  -427  424  -1954  4425  4426  7097  -6452  5320  -5321  -9383  -5298  2978  1957  5300  5202  -5266  2977  6462  5953  2044  5954  5964  -2046  2048  7312  -3039  8078  5961  -2073  6621
contig 22
  5990  2292  -5544  -583  -5614  1540  -5821  -7041  -2356  -2353  9834  8225  5541  -561  530  -7203  9688  -6722  -8665  967  -5869  -5820  3544  3418  8593  2354  -2355  531  -2285  -2287  2288  -2291  -5822  6527
contig 23
  7297  -1249  2769  -2768  -859  -8587  -3826  8286  2763  2761  3824  3823  -3860  2760  3751  -3753  3985  794  -1265  4710  -6876  1263  1608  -8027  3878  9818  2849  1213  1750  3796  -4099  -3797  7894
contig 24
  580  -1089  -1134  -3318  8528  3316  -2261  3313  5833  5831  1161  -1136  -481  -2265  8309  3467  -5515  3332  -3331  -502  -503  8126  -6530  2200  -3412  -595  9624  -7035  505  -3414  1556  -3415
contig 25
  -5912  -6858  1875  1893  -6810  -4226  104  1854  4616  -4225  -180  -6033  3614  4230  8554  177  4612  -4611  1878  4668  -6410  1877  -6857  -982  3195  -980  -4617  1855  -8189  4523  -3196  -6407
contig 26
  294  -6425  -4886  -6426  6427  -6484  237  2879  -5496  -5497  -1785  -1778  -7118  1758  1  2  6896  233  7157  -6885  -234  -295  -48  -2863  275  -1777  -1804  5377  1784  -279  -9142
contig 27
  -8169  1163  6748  5840  -6175  -2215  3423  -8948  6189  -1153  -586  5568  -5620  5872  -585  5619  -5569  -5836  5837  -587  6196  -9194  -8947  -8819  3424  2216  -3422  -2214  -6636  -3577  -9140
contig 28
  9708  -7107  -3180  8531  -8656  -7741  6221  4669  -4218  -2437  -2436  634  -9565  -4671  -8420  -4642  8655  -4228  -4227  -8929  7770  3173  -2434  4526  -3742  -4651  -997  -3176  999  -1000  -9737
contig 29
  2413  263  1533  6141  -2294  -7936  -5510  -5860  -7373  -2300  7623  -8137  8523  5512  -8608  2302  8173  -217  -4899  -7854  1462  -1634  -8090  4901  4902  4830  -5485  1463  -7880  4906
contig 30
  4812  -4811  1448  7825  5372  -1447  -1446  5433  -4802  5373  -4803  8958  -4809  -4805  -4804  7388  -1792  7389  -7390  1445  4798  -7847  4797  7846  5376  -4819  -5425  133  -5309  -5308
contig 31
  2280  5638  9396  -5749  -5578  -5748  -5768  -1559  5862  526  -3505  -557  -9342  -3503  -556  2277  -9498  9506  3688  -9335  -9334  -7367  -7368  -8301  8228  -8437  8444  -8886  -8440
contig 32
  -6913  4134  5710  662  -7134  -1325  4328  1348  -4362  -1347  963  -1346  -1329  -6611  -410  -6565  5505  -3410  3536  3537  2190  -6185  6199  3498  2318  -5644  8667  3497  9847
contig 33
  -1432  5287  50  1434  -4881  -235  -246  -6483  5288  -4889  4890  -1435  -4891  -4887  -6513  6516  7926  49  245  -2865  -1761  236  5463  -1776  2868  1775  -2869  51  4936
contig 34
  129  -7743  -4635  -1842  -1843  -7745  -174  4615  -1853  -1593  -178  -7106  4614  4613  -7749  -1890  4217  1847  -4676  -3345  7033  -1845  2449  1592  4674  4522  -3611  4636  5917
contig 35
  7556  -7555  -3899  7554  7398  2820  -3847  2818  842  2819  3845  3846  -2821  -6781  8294  7553  -8624  2876  3895  2825  -8293  3852  3854  3855  -4765  8246  8245  -9817
contig 36
  3317  5527  3314  -5834  -1535  -590  -5522  568  -3460  9626  6994  8526  3309  6640  -6655  1137  3464  7265  -3465  6184  -6991  -7207  -9354  -2332  2331  5826  2329  8598
contig 37
  5160  -5042  -4308  4311  5699  -6557  -2577  -4147  5721  -5700  720  672  719  -4315  6831  -9459  -4146  -2575  -2574  -4280  -4314  -5037  -4467  -5036  -2526  -718  2571  7214
contig 38
  -2013  8024  350  -3116  5315  -3133  3105  -2101  2100  -8180  2138  -393  4574  4590  4591  -152  4573  4575  4543  -2096  -6486  -2095  -346  3129  4592  -418  5942  3127
contig 39
  2545  2498  660  -1291  2549  684  -4465  -4466  -6678  -6326  -4295  -6825  -1485  -4300  -5016  -7975  -6801  4303  767  -2495  1327  6898  -1484  -2588  2649  -8205  -726  -5056
contig 40
  -3179  3584  -638  3583  4220  -4219  156  996  7771  -995  -8530  -993  1857  -1858  -1860  -4639  -8532  -989  8927  -9135  -253  6127  -6126  -7258  -985  6228  -9748
contig 41
  8260  5442  5441  4979  -4865  -7529  7159  2890  -2905  -213  4989  4990  -6879  -4992  -7534  8373  -9327  4878  -4879  -6881  6435  4996  7347  1496  -8566  8258  9281
contig 42
  -1428  -4821  -5423  8635  -898  1684  -5424  -5421  1681  -7857  905  -2717  1639  1687  4900  5314  1635  1633  7885  1632  -7510  1630  5894  -4903  5343  -12  2711
contig 43
  2401  -3558  2400  -1115  -5859  1555  3350  9163  -3449  -3448  -1119  8152  -6164  5563  3469  5858  1114  -9043  3557  6190  -1113  -6574  -8153  -1569  506  2202  -7199
contig 44
  -3119  9761  43  315  -9177  -2982  -8299  6862  4555  4168  -6384  -1418  3121  -319  320  3123  3087  -3090  -1499  3094  -2114  -170  -5941  169  -4548  -7574
contig 45
  -1126  477  2258  606  2259  -2260  3459  -480  3347  -1162  -2263  8596  3462  -2266  2267  6200  1144  -5788  -5787  -2269  8529  2268  3691  7953  -9138  -7261
contig 46
  3660  3659  -6041  -127  4565  -3271  -4564  7602  -5906  1737  -162  6964  -4596  6210  -3281  6247  -6119  -4560  160  -8476  4541  8122  -291  1413  -1301  -4561
contig 47
  -4874  4  4876  -4993  1517  8378  -4871  4870  -2894  -1514  -8468  1828  -5009  5008  -7345  -7158  -4869  4866  211  -1793  -5440  -5439  5435  1512  -5010  -9393
contig 48
  6158  -642  3265  -6143  3266  -7802  3672  -3267  -3268  -3290  -6165  -1074  -3293  3294  -7314  8452  6475  -6474  3306  3213  1009  1819  -1820  3154  -3707  -9051
contig 49
  3199  3633  6134  -6659  3631  -1191  1040  -1105  -1102  -3670  -6315  6379  -3250  -6726  2462  1179  2453  2455  -8453  -3252  -1057  8514  1075  -3632  -7426  9125
contig 50
  -4110  -3822  -3891  3821  3820  -3754  2875  -3819  -9349  824  1609  3983  -8253  822  -7820  -7786  8778  7821  -8460  -7822  -3743  -5883  -1211  -6814  -8291
contig 51
  -6157  9086  1187  3329  -7360  7708  5513  -3330  5514  5516  -1534  -5828  5517  3346  -5518  -8525  -9691  5503  5521  -5523  -5832  -5835  -567  -8417  9419
contig 52
  9174  365  -6112  628  -2433  -3145  -3602  2592  3150  -3603  3153  9830  -1081  -3156  -3159  -3160  8012  2594  -1079  -3151  -2593  -9454  166  -3604  9829
contig 53
  -5655  -7174  4253  4254  -6375  -4512  -4260  -7836  4075  -4073  -4264  -4265  -7837  4097  -7873  2472  -2470  4407  1378  5012  4279  4272  6313  6442  -8999
contig 54
  -2030  8347  -3054  1401  5192  -6920  5191  -5261  -2077  -5190  5189  -425  -1958  -6084  -6303  -6706  -395  6615  2045  -3036  6795  -6794  5276  7144  3029
contig 55
  1866  4670  -1867  4650  -1886  -119  3174  994  -8446  -1887  -3172  -3171  633  6585  7031  4638  4640  3582  -991  3580  3581  990  120  -9736
contig 56
  -6573  6563  -521  -1139  3501  -153  2993  -5349  -6935  8391  -5355  -1977  -1978  94  -6564  3407  -2374  -1524  -2420  2351  -2185  3533  -1525  -7175
contig 57
  1734  7892  -288  110  -6208  -6245  -7217  8766  -6178  -6246  -1018  1068  -1415  1060  145  -6209  5880  -1020  -646  1739  3282  -9721  -125  9706
contig 58
  3046  -3045  -4769  358  2064  -3043  447  -4489  4488  -6360  4176  8353  8963  -2951  -1941  -2950  -6975  -2034  1938  386  7865  5946  -1940  -8965
contig 59
  -8663  -5570  -693  8997  -8998  5720  -4358  7979  8729  694  -6556  8129  4143  7657  -734  5670  8492  -2635  2561  266  2517  5683  -2553  -9796
contig 60
  -5279  5280  4508  1038  -6664  1173  -1037  -3247  7806  -6919  -6467  -9073  -7309  9014  3652  -1190  -4507  1172  -3249  7416  -1091  3578  9197  6990
contig 61
  -5294  -1914  -8572  -1917  1922  333  -1923  -1924  334  -5211  -5235  -6628  332  5209  -335  -8627  -5331  -949  -6479  -4501  -5254  -5208  -339  7245
contig 62
  5434  8474  9804  1666  -9100  -9538  5926  -5925  8959  5900  6076  5430  1455  -5488  5923  5303  -4925  64  5427  248  8263  -4926  -6430  9098
contig 63
  -5974  -3559  2303  2304  -5808  8166  -5807  5559  -1141  -1142  -3473  7940  2311  3474  -5500  1554  -3475  -3477  -5782  -9085  1087  -7636  -7372
contig 64
  4663  -1849  -2991  4643  -411  23  -1837  4631  4630  -1809  7920  -1988  2984  1813  2005  6502  -2007  1834  4628  -4627  7912  -3071  7598
contig 65
  -772  -5044  -5048  -2580  -7998  -2582  2584  -2587  -4284  -5052  -4453  5053  -5054  -5163  5055  2650  4285  -5059  -5060  2540  -7988  -5062  -9583
contig 66
  -2274  525  -3495  9404  -524  123  -2272  -2271  -3572  -1129  6750  3682  -7050  -6191  1130  -8592  -3511  -3512  543  1548  -5550  598  5995
contig 67
  -3669  -7813  4504  1056  7424  -7048  6225  -3616  3713  1058  -2439  -1077  3202  3203  3204  -2441  7769  3208  3209  -3210  8450  -8546
contig 68
  -4620  201  4621  1993  1994  -1997  2992  7601  -274  9076  7059  6854  4656  -6790  -6405  -7105  -6855  -7322  4657  6321  -22  -8186
contig 69
  -702  -703  2657  -754  5076  2490  6671  -5139  4191  4190  -1383  4231  -5085  5143  5088  748  4378  5731  944  5537  5613  -9625
contig 70
  -2929  4215  -8176  7447  3914  -2931  -2933  836  -8429  -8890  -8414  -3907  -6291  3917  6056  -8895  2935  3919  2940  -6780  9814  -9815
contig 71
  7259  7029  3285  1072  -1004  7790  1003  594  3683  -9137  592  5845  -5783  5846  -3421  6575  7177  -8590  -7643  -7642  -8992  8702
contig 72
  7872  7500  -1490  5253  -434  -1408  2061  -3052  5206  -5290  -6099  -5350  2080  343  -5326  2081  -6616  3016  -2035  6085  9103
contig 73
  -2309  8487  5501  9681  -2308  2307  2402  3560  -9683  5565  3740  -6578  5843  -5844  -2399  -3684  -8307  1112  -3413  -504  9682
contig 74
  6163  7254  1019  -7946  -2207  -8139  2205  -3454  -2376  5623  -9099  5804  -5630  -5628  -5627  3324  -5626  1120  3451  -1121  8591
contig 75
  -80  7431  -1272  -2808  -8023  -925  -926  927  -928  -2728  -9809  3783  -1231  1290  785  -6777  1620  -4735  7434  1619  3975
contig 76
  -2008  2092  2003  8988  1980  3073  1839  -412  -1983  1989  -414  -4624  4662  -4208  1850  7734  -1975  -301  3077  939  -8579
contig 77
  3574  -1157  1158  -5539  5817  -5876  5815  1538  -1084  5536  5605  -5535  5813  5814  7717  -6953  5816  -3545  6741  -3526  -9694
contig 78
  -2042  455  -3035  9065  7094  456  -364  6352  3034  7494  -1956  362  -4424  -3003  1948  4421  4070  -5188  -9603  4071  -7294
contig 79
  7652  -6837  8197  1338  -769  6005  6019  -2546  5150  -2639  -2544  2638  6340  8204  1340  5688  6546  1353  5687  727  9049
contig 80
  4978  -4977  -7130  5443  5393  -4861  -4860  -6606  6921  913  8902  -5891  4973  -5445  -1473  251  908  5447  226  -6969
contig 81
  -6048  7171  8491  -8334  7999  6912  9594  -4338  -696  9120  5674  -7308  -6910  7137  4342  -4341  4205  4337  -6323  6545
contig 82
  -3450  3735  3563  979  -6577  1552  -5629  -5556  -8167  3476  5557  1159  -7939  3561  -5506  -2312  -5558  507  -8232  -5631
contig 83
  -3909  -3999  9162  6072  9544  3997  6292  -6061  -2937  2938  -7237  7468  737  -4697  4698  -4781  -4699  -4700  -865  -3911
contig 84
  1365  1366  1367  -7702  7973  -4132  4133  -5124  2533  -5122  4141  -4140  -4353  4139  2628  -761  -711  -2602  -2605  8497
contig 85
  93  -347  1713  -1709  -1708  -4572  4571  -394  -348  5361  -3103  3106  2010  -2102  -2140  244  36  -8577  5369  -1349
contig 86
  5291  -1910  331  1909  -3025  -2941  -1903  5218  -6348  -5258  1902  6816  6817  4498  2068  7197  -7195  6976  5937
contig 87
  4088  4089  1396  -4389  6365  -1394  5233  4386  -1393  -6472  1001  4394  640  -1188  -3589  1226  1391  -5242  5240
contig 88
  -7307  -1357  -4202  -4283  -1356  1344  5035  -4316  -670  -6031  -2573  8331  -2576  673  4456  6847  1343  -5046  9164
contig 89
  -4850  4849  -4848  -4956  -4846  -1470  -4955  -256  -6602  -2694  -2695  -2696  1697  5408  -5337  -8105  6508  -231  -7843
contig 90
  1092  5612  8156  -5812  1053  7782  6014  -9654  3655  -1039  1175  -1174  -3654  -6851  3653  8515  -8125  6466  -9650
contig 91
  7759  7757  -6870  9671  6799  7325  6971  -8553  7591  -8479  -7890  844  -6411  6412  -3849  4763  7755  -4764  -9106
contig 92
  -4490  -8668  -6498  5951  407  5950  -357  -4491  9638  355  -4173  -9348  2037  -6609  -5936  5948  -5328  2063  -5949
contig 93
  6589  6761  -3168  3674  3165  8458  -3608  -3161  -3157  3607  -3606  7055  -1028  -1027  -1026  -265  1350  4339  9189
contig 94
  1268  1267  -891  892  894  -872  923  -4793  4098  4792  -4059  862  -2757  2753  -2752  1218  -4106  7895  -4105
contig 95
  -7054  -3656  -2460  1022  3273  1304  114  3658  163  164  4118  -1305  -147  -8641  -4603  -4604  117  -1015  7906
contig 96
  2411  -2410  -2408  -6183  -2406  2305  -3502  2320  6745  -5643  -1563  5645  -6534  -1564  -9008  5504  -2187  -6948  7169
contig 97
  9078  -4521  -1042  7744  -1841  6665  -8457  1099  -945  9010  -1097  -1096  4525  -194  -195  28  -6393  -196  -9136
contig 98
  7109  -7108  6409  988  -987  -6256  -6242  -6156  6155  -6227  6241  6153  -6034  -9835  -9535  -9547  9548  -9534  9733
contig 99
  4728  2847  3971  -4733  784  888  -1288  -1289  1232  -3977  -1277  -4063  3979  -7793  -1270  788  6265  2677  -7399
contig 100
  -3356  2145  3355  -2142  -8304  3547  7633  -7965  3518  487  3521  -565  3524  -3522  -7632  -6000  5999  2316  -9620
contig 101
  4916  5475  5476  -5415  4838  9771  -5479  -5480  4832  1691  4905  5482  1797  -2700  2699  -1674  -8096  5470
contig 102
  -3890  -2754  2755  6686  -8043  4158  3861  2870  3925  -4773  4716  -3990  -4717  -3992  2679  -2678  -550  8940
contig 103
  1748  919  -136  -5888  4944  -8632  -881  -9763  7128  -5491  -1476  -4941  -897  4938  5000  9757  946  5885
contig 104
  5407  -5405  1471  229  4963  -4964  5403  -5402  -914  228  5399  2725  -4857  907  252  9750  6424  -9116
contig 105
  7219  653  8473  4243  -5729  -4245  -5659  -5658  4246  -5728  -6447  -5177  -5096  -5097  -2505  -2504  5099  8574
contig 106
  3613  -179  103  1059  -181  1856  -3193  -1894  1895  -1862  4646  1897  -1891  -4665  4677  983  7764  8918
contig 107
  -2740  848  2668  -134  799  -3803  -2744  -2743  -2773  -2772  -1250  4683  886  -1282  2669  7758  4680  4679
contig 108
  5928  5886  -1806  -1786  -8375  -124  -5338  5460  -2901  1429  1430  -6506  72  -921  -5903  -4934  8634
contig 109
  1234  -4723  -4010  2665  3771  -2845  -2805  2846  -3993  -3787  789  1427  7437  -3978  -1617  -1212  3874
contig 110
  -5385  -1762  87  -2721  -8565  -282  1368  -5378  7125  -4882  5499  280  -1757  1783  9196  -5927  -6967
contig 111
  1640  1641  -5334  4947  4946  -132  -7164  -247  -5465  8102  4820  2719  7853  -10  5486  900  -9193
contig 112
  -627  -468  -3664  3666  8130  148  1284  4780  868  4694  7446  -3905  839  6289  2925  -4000  4749
contig 113
  -8629  451  -5329  1898  404  -5220  -8363  2033  -931  4401  1907  1905  -1901  -1900  1899  -452  -9359
contig 114
  3786  -3873  -6778  -780  3781  -816  3967  -7432  -4727  -4729  7824  -4730  -3972  -4732  -1210  3784  -4062
contig 115
  7318  6860  7104  6861  9092  -9715  3167  3164  -3163  998  -6131  2435  3175  421  4672  -880  -9428
contig 116
  -7361  -766  -5031  -8496  4203  4129  4321  -667  2567  -4462  4460  4282  9790  665  5707  4325  -8610
contig 117
  -1597  -3932  -3931  4678  7401  1598  -3928  -4745  3927  -3926  1615  -4743  4714  4715  -3986  3987  -9072
contig 118
  6250  -1011  1010  6236  -3728  -645  -3238  3239  7772  -3243  -2596  3245  -3648  6380  8863  -8986  -7152
contig 119
  52  53  7010  -54  -9758  6078  1763  -1764  2889  -1805  4998  -4999  -6521  -5921  -1807  8100
contig 120
  -3115  312  -6705  -311  -6928  -388  -5966  -3109  2121  7023  -3108  -309  -3110  -7609  -3112  9517
contig 121
  5387  4928  901  -6681  4815  -1457  6074  -5487  902  -5893  -1808  8938  9141  9027  -1451  9752
contig 122
  -3818  1281  826  2756  7400  -1613  -1614  -4744  122  -3988  4152  890  -1216  1238  7323  6414
contig 123
  -5141  701  4084  4233  -7833  -7537  -4379  4236  -699  4239  5118  6658  -5145  5146  689  9786
contig 124
  6203  3483  -3487  3488  3489  3490  3491  2426  -3493  -3494  5842  3337  3335  -5573  -1295  9585
contig 125
  5635  6943  578  -5740  -3520  -486  -7964  3517  -8942  -1311  -2222  7947  -489  3353  3354  -9527
contig 126
  7281  -3805  -4151  -3880  -2749  -2747  4758  1252  -4111  -7396  -817  856  -4244  4242  -1331  -8395
contig 127
  -2132  -171  3126  1718  -2987  4549  1985  1716  -2988  -4166  345  -8925  1986  -6095  -6485  6504
contig 128
  4255  -4078  -6667  -2612  5019  -7337  7336  6908  -6907  -7335  -4136  -1326  -4364  -6045  2659  -8659
contig 129
  4480  -4412  -2050  2221  -5981  5776  9146  -7044  5600  5601  5639  8410  -7722  7721  9332  -8408
contig 130
  -9338  -2556  -2557  -685  1293  -650  4124  1336  -5154  2518  7081  -2562  4517  7339  4292  9586
contig 131
  -805  2792  7234  2791  2790  -3761  2788  8896  7577  2843  -2783  -4160  3885  -6293  -877  -7018
contig 132
  -6889  -9769  7850  -1454  1453  -5489  -4814  -6923  -7878  -5431  8935  9143  -1450  -5924  8827  -7016
contig 133
  -2477  -2478  763  -4249  -6362  -5094  688  2514  9577  7173  -5730  5144  -6026  -4081  6028  4238
contig 134
  -4606  1816  149  1815  -1012  6176  -3230  -617  6037  619  -620  -6205  6168  -6661  -6146
contig 135
  3097  -2116  325  3096  -3098  3099  -173  -2133  5368  -8224  -9664  -1715  -4546  4544  6624
contig 136
  -7780  7811  3716  1066  -102  -100  -2446  -3612  -2445  175  130  99  -3610  3343  9087
contig 137
  7867  2952  -4486  2954  353  6081  406  -5947  352  -8674  5933  -8050  2036  1944  9154
contig 138
  7183  -4109  -7887  3766  7061  3887  -3765  2664  -808  3764  3763  -4774  1241  8456  9677
contig 139
  5102  -7996  5103  739  -4691  4266  5646  -4267  -4096  2476  -4409  1381  -4268  -4095  -9446
contig 140
  -1970  -318  7181  -303  3385  -6744  6643  1123  -2182  -6536  -5755  -2367  3382  3381  3380
contig 141
  -4135  -7305  -4332  -4333  -7099  -6656  -2662  -2661  -7098  2660  -9004  5116  4435  6826  -4363
contig 142
  4170  -1006  8451  7808  -9187  1073  1049  -6235  -3726  -637  -3729  3730  -6144  3295  -6166
contig 143
  3870  -6270  -2916  -9616  -4704  -8662  -6063  1286  863  7460  4775  -2827  -8459  -7243  -8561
contig 144
  4403  932  5255  -5332  -8055  950  338  8563  -5207  1945  1495  2060  -9150  -2062  7502
contig 145
  3790  -793  -3752  -4719  -1217  -1257  -2156  -3364  -3366  7952  3702  -3373  -3374  -1111  -7268
contig 146
  7349  -6524  5432  -6924  7848  4810  -5370  5371  8268  4801  -4800  4799  -4807  4806  -7845
contig 147
  -4880  6418  -4937  97  5464  4634  -1431  5437  -4933  -4931  5459  -9368  5007  -1791  -4997
contig 148
  7405  3170  -8550  6763  -9345  -7809  3708  7407  7058  -7810  6764  9353  6863  1870  7863
contig 149
  -2718  -1700  4945  8110  1683  -5466  5339  -5467  8103  -8104  -6431  899  -2882  -1686  2720
contig 150
  -6428  -1459  4986  4988  -916  4822  6878  -2715  -5420  2714  1638  219  -58  8259
contig 151
  -7364  -6024  -5665  5660  -5070  -5072  2655  2528  2589  757  -2613  -756  5071  -9556
contig 152
  -5492  -8099  -8374  -257  -258  1479  5001  5002  -5004  -5490  6884  -4940  4939  -9766
contig 153
  2599  -7003  -6044  -2625  6042  -758  2617  -4511  -2616  -4436  2494  -8657  -5022  -4352
contig 154
  6679  1654  -1652  1651  -1649  1646  -1788  255  2688  2686  -7859  -2685  2684  -7523
contig 155
  3078  302  3081  2419  2350  -3405  -7938  2370  5975  2183  -3383  2181  1122  -3531
contig 156
  3515  -8489  -2170  8314  9198  8149  -8518  3514  2172  2176  -2177  -1044  2179  5585
contig 157
  322  41  -2107  6097  -6710  321  -3088  -4167  -40  1497  -3089  3124  454  -5363
contig 158
  5142  5084  -6318  8541  2486  2656  -750  700  -746  5654  -7997  -747  -6054  -7536
contig 159
  1355  5696  -5695  4306  582  6988  -1589  601  31  -5611  5530  501  3251  -2461
contig 160
  4039  -4038  3921  3920  -3995  -828  -2762  -3825  3828  -4746  -858  -7017  2872  -9816
contig 161
  -570  -5997  -2321  -8231  8441  -8236  -6533  -6195  -6532  -6182  6951  -3570  6996  8960
contig 162
  692  -5679  4289  5719  -736  5677  4145  -4345  -4343  -6899  -7132  -1333  -5673  8614
contig 163
  815  -6055  813  -4156  2804  3773  -7063  1235  4011  -8009  4155  -7474  -3888  -9160
contig 164
  -9052  -8915  8914  6859  9403  -5882  -7321  4641  -1859  1888  8545  158  1868  9134
contig 165
  -6187  3360  -2360  3576  2151  -2154  -2157  3365  -7970  -3704  551  2163  2165  8605
contig 166
  1782  -8350  2856  -2859  -6069  9759  920  6887  1439  4892  6939  -5384  -1440  -7126
contig 167
  -4224  -4229  -1704  -1981  299  -85  -1991  -5348  2078  1982  1838  1812  -9077  7913
contig 168
  4250  7302  -2474  5100  5101  2506  5178  5105  -5106  -6374  4077  608  -5649  -6551
contig 169
  -9812  -6787  -9811  8047  2785  -802  -2842  6064  -2841  4159  -6697  3760  -8690  9813
contig 170
  -6330  6331  9420  -7874  -6558  -5663  -5662  -5661  -6341  -705  2492  -5181  -2491  9450
contig 171
  867  -7293  3948  -4696  7326  4695  -4693  -7470  4002  840  1419  841  3908  -2926
contig 172
  2255  -470  189  188  1884  192  -9709  -4632  -4673  5881  8913  -6770  -7280
contig 173
  6749  -1128  -1545  5549  -1546  -5599  -5778  8155  -7709  2144  6742  6204  -7269
contig 174
  3951  1285  7448  -4701  3755  -2917  833  -832  135  6059  864  4703  -3955
contig 175
  751  -5140  5083  -752  5080  5079  2488  6906  6550  6549  5074  -6548  -9443
contig 176
  4041  -3936  -3934  1596  -2850  4060  4709  3877  3984  -6785  1266  893  4711
contig 177
  3737  -3361  2150  2152  2155  3699  -7613  -2159  2160  -7614  2361  -2362  -9600
contig 178
  3395  -3393  -3392  2231  549  -3386  -2384  -2236  8300  -5739  2237  -513  -7928
contig 179
  -3428  3427  3425  8599  -2235  -2383  -3387  3391  2233  -3390  2424  7729  7728
contig 180
  1149  3434  -6735  5777  -5597  1151  -6641  -5982  5983  -6754  -9202  6642  -9703
contig 181
  -8177  1254  -3903  -2922  -2675  9543  -8544  -6415  -3996  1224  -7241  8416  -8415
contig 182
  4839  -1466  -1664  79  7531  5389  2702  2899  7182  1799  1800  -1672  -8562
contig 183
  7256  -3166  3675  3677  -3162  -3678  5920  4609  1821  -9094  9401  9400  -9399
contig 184
  1198  -1196  3194  -3192  3191  8464  7480  -3615  3189  3715  -4675  8184  1751
contig 185
  6238  -7043  -1014  616  3279  7052  7911  283  -284  -8478  -7112  -286  7053
contig 186
  2373  -553  2369  -511  602  7704  -2180  -5763  8235  5586  -2178  2175  8933
contig 187
  -2246  -2244  2389  -3439  3438  3437  2279  3507  6767  -3506  528  -8486  -3504
contig 188
  -4392  -4087  -1963  -4417  -1299  -2029  -8675  -2040  -4419  936  -8983  937  6977
contig 189
  3310  -3311  -2262  605  -5853  1135  7264  1127  2344  -581  -2421  -5809  5528
contig 190
  4404  5204  951  -5205  -5325  5333  -8504  340  6098  961  3041  3040  5944
contig 191
  5791  3327  -1544  -6650  2198  545  -3457  -770  -2196  -5969  -544  -5792  6115
contig 192
  -5850  -7371  -5848  -5871  5543  532  1539  6174  1156  7727  -5542  5507  9422
contig 193
  4294  4193  -7978  -5682  -5017  8329  4447  732  4448  -4449  6802  -6342
contig 194
  2193  2194  7198  -5864  -5548  -3328  -546  2199  3456  3455  -3566  -5789
contig 195
  -6463  -1915  1911  5216  -2942  -3024  959  -403  6350  4411  -957  -8575
contig 196
  5716  6902  -4443  7221  -6046  -9168  -7133  7139  9457  -663  7140  9789
contig 197
  3897  -847  7459  3857  3856  -845  3850  3848  -2823  -6798  2822  8281
contig 198
  1184  3274  -3272  -630  3270  -3269  -8924  6211  1182  -1740  -629  6120
contig 199
  3943  -1600  4779  -4049  -850  -4046  -143  138  -2844  -2797  4045  4025
contig 200
  -6751  2412  -8400  6746  -9845  -9038  2409  -3568  8398  9009  -8932  -9148
contig 201
  941  -4583  -4553  -4593  -1720  -942  2986  -1984  -1712  -735  3101  7748
contig 202
  2489  753  -2487  5081  2485  5087  4235  -5653  -698  -4380  -1330  -6446
contig 203
  -2969  -1931  1929  -4179  9153  -4479  4178  -6346  -7077  -8900  -6102  -6355
contig 204
  533  -2290  -9057  5991  2428  5615  -563  6654  -536  -7356  5852  -3340
contig 205
  -6150  108  -5911  8434  1625  -1892  -8543  -107  106  -3197  4644  9093
contig 206
  7150  6222  -1071  -5244  -5246  4471  1005  7761  -6223  6133  643  -8642
contig 207
  3005  3002  4413  8370  -1960  -2023  3010  -3011  1987  -7606  -21  -9660
contig 208
  3801  -797  -795  -8340  3793  2833  2739  -871  1240  -3792  861  -7291
contig 209
  -4162  -6297  4163  7565  4582  6711  4532  -6963  6704  -374  -2089  -6110
contig 210
  -1827  -1794  -7328  1831  -2891  -1826  1824  8640  2903  1830  -8117  8390
contig 211
  2620  2624  8206  -2626  -760  -5173  -5130  8049  -2629  -712  -2603  -9582
contig 212
  -624  -2430  -6136  -3134  648  -7317  -116  -128  -1063  -7899  -1306  -3663
contig 213
  5451  -5404  -4962  -2881  -1789  1648  -1650  -1653  8570  6603  -2692  7232
contig 214
  1689  -225  -227  9058  2724  -1803  -6077  2682  1642  -1643  -9432  9367
contig 215
  5582  494  2162  2164  -8403  -8147  -3527  -2363  -9186  497  9324  9387
contig 216
  -6336  -2502  2501  2500  -2499  -4261  -5024  -5023  -611  -6020  6439  -7334
contig 217
  -4305  5692  5693  7365  5694  676  -1483  -6351  8195  674  -4310
contig 218
  1303  3657  4600  -6244  -1185  -4576  -1817  -1024  3629  382  6359
contig 219
  -2619  2618  2530  4349  -4196  -2615  -4346  8328  5718  -8611  5717
contig 220
  -3981  829  -4790  -1261  1259  -3758  -4760  -4019  1260  4020  8556
contig 221
  3775  7915  -6261  3774  3959  -2803  -7823  -7011  -2800  810  -6683
contig 222
  6598  -1628  -1629  6600  -4829  65  9755  249  8509  -8747  6968
contig 223
  1146  1562  5743  3426  8399  2382  3389  -5744  5745  -3538  9695
contig 224
  -4493  8352  -8630  -3946  -4692  -1599  2924  835  -2930  2932  7236
contig 225
  5193  -5263  -4416  438  -2022  7344  8051  2017  9405  7295  9636
contig 226
  -7862  -5397  5444  -912  5395  -5394  -4975  -4864  20  -4983  -9395
contig 227
  4502  428  -6916  4406  -6978  -7145  -6460  -5319  -457  8076  -9182
contig 228
  2648  -675  5698  -773  721  -775  -677  -4518  1341  1354  4307
contig 229
  7971  7955  3513  1165  -6197  -1145  -485  577  -6053  2520  8643
contig 230
  -6927  -446  376  -7190  -5957  -5956  -6614  -1731  -7897  7923  7561
contig 231
  3017  3018  -3019  3020  7696  -3076  8118  3022  -3023  8120  -8121
contig 232
  4659  -7735  -2996  -154  -1999  2079  1996  -1995  -1992  -8298  -8477
contig 233
  -1487  1488  -5676  -6803  -1334  4340  8613  -6325  8615  -4336  9381
contig 234
  6167  -1007  -3212  8551  -6478  3215  -3217  7812  -3218  3630  6251
contig 235
  8637  -3072  -9659  -2006  2009  2998  -8418  -4629  938  200  9760
contig 236
  -8639  3075  -6480  2084  -952  -8063  -8064  -8065  -8111  -3021  -8981
contig 237
  -1109  -1110  -498  -3528  -3376  -8606  7963  2173  7948  2366  -3378
contig 238
  -9021  764  -2535  2645  -709  1377  4444  -5028  -1482  5030  -9587
contig 239
  3086  3122  6092  940  -415  -2129  -3120  -7570  2127  -2126  5939
contig 240
  -1426  1424  1423  -7436  1278  -4738  -1618  4796  -4795  -4734  -3973
contig 241
  -2511  -2512  2515  -741  -9559  -4247  5176  2509  -5095  -2643  -6820
contig 242
  6300  -4212  1852  2002  5316  -2000  -1810  1851  -4209  -4625  -7111
contig 243
  9398  -6856  -6398  6395  -9017  -6394  7032  -1095  -9720  -6320  9410
contig 244
  4252  649  -82  -4079  -2640  4259  -8567  5651  -4074  5648  -6032
contig 245
  2141  2357  3697  -3696  3357  -3694  -2359  7968  -3358  -2147  3701
contig 246
  -2923  3904  -4066  2838  -2921  6071  -2674  -7449  -8461  1255  3900
contig 247
  6343  5713  1480  -1437  4883  281  -906  -77  210  -6436  7119
contig 248
  3858  -2878  -3896  6267  6797  9108  -9114  9109  -3957  9113
contig 249
  7047  -1192  9655  -1076  5236  -2440  4383  1193  3206  7049
contig 250
  -5911  1625  -6123  8780  4677  -8434  1181  8918  -984  4665  8555  -105  -3197  -4646  4644  1862  1198  1894  3194  -4617  -1856  1855  -4226  -8189  7480  3189  -4675  -4637  -1845  2449  1592  -1847  1890  178  -179  -4230  1593  103  -3614  1059  4225  -1854  3615  -8464  3192  -3193  1895  -6407
contig 251
  -6069  920  -7165  5380  5927  -282  -5378  6514  -4882  279  2  5498  -4948  6896  7157  -234  4891  49  -5288  245  -4880  -4937  2868  53  -6067  -54  6078  879  -1764  -9368  5338  -1805  -4999  8100
contig 252
  -6599  -2702  2703  -7512  4913  -4912  4836  4911  -2708  -4835  5416  -5480  -4909  -4907  -5483  4903  5485  -4902  7510  -4901  -1632  -1635  -216  -4900  208  4832  -4908  -5482  4904  5484  -5343  -1463  -4830  8090
contig 253
  3107  2989  -3116  -3133  -3106  -2101  324  -8577  -5361  5369  -3131  2099  393  1708  152  -735  -7979  5678  693  -6556  7089  1335  4286  -734  -7339  652  -4450  2562  -2518  -1336  2517  5682  -4193
contig 254
  4794  7915  3889  -4156  2805  2804  3772  -2665  4723  -4154  -8778  7820  -7887  -4771  3766  -4027  3764  -6263  807  -806  -4161  1242  1241  6283  1248  1247  2791  804  -1245  3761  -4112  -6786
contig 255
  4444  4445  -5028  8844  4359  -1345  1357  4320  -669  765  -7671  7993  -7670  -5702  -4319  -1356  766  718  5036  5037  -672  -9459  5700  2575  5040  4147  -5699  673  -8195  -5160
contig 256
  -1790  -5007  -1763  9758  4931  -6506  -236  -4881  -246  -2880  2879  -7124  276  -1785  277  1796  6  -4  8258  4991  -4990  8378  -4989  212  1513  -5435  -4869  -2890
contig 257
  3639  3234  3241  3646  3242  -3243  1033  -1034  4509  5278  1178  3647  -3648  6919  -3650  -7806  7428  3247  -3305  1037  -3653  3654  -4507  6664  -3249  -1038  7415
contig 258
  6054  746  -655  -5001  -4944  5000  -1806  -8375  -4998  -2889  1791  4894  946  1441  8041  17  -960  7526  -6921  5444  4860  1436  -5394  4861  -5443  1823  8117
contig 259
  2727  816  -924  814  -3776  7914  -4724  3773  2667  3745  -7823  5883  3744  4010  2801  -8009  8460  -7474  -7821  7786  -822  -3983  4106  -824  -2753  -3928  2757
contig 260
  1952  4484  -4067  4426  1956  -363  -3035  -1957  7094  -2978  -1958  5953  -456  -5321  -5298  425  5190  -7484  -1401  -8347  1948  4070  5187  -1297  -5189  2077  7870
contig 261
  3663  -116  3659  1063  4576  4601  1185  -3658  6244  114  -3657  -1022  -630  7054  6211  6964  1068  -4596  -3282  6210  6209  -3281  -1413  8124  -4541  -9718
contig 262
  5447  -1472  909  -228  -4968  -4966  -4952  -4951  -1697  5456  4845  -4954  1470  -5453  4956  1655  2692  -8570  1651  1650  -2689  -1648  2881  -5451  229  -7859
contig 263
  2095  2135  3129  -4544  4592  -345  8224  5941  173  -171  -1984  -2987  1985  -2133  -5942  5368  -2988  4545  4548  -1717  169  -4549  -3099  -3126  -3096  2114
contig 264
  6655  2264  -6640  481  -3462  -3309  -8596  3461  3460  480  590  5834  -5835  -3314  2261  605  1135  -3458  1134  1127  8164  5529  -1089  -1133  -7264
contig 265
  4786  -7678  4017  4111  4785  -1206  4015  854  -7281  4755  -1204  -4013  4102  870  798  -1283  1603  -3941  -1249  -3833  3832  -2872  3831  -9816
contig 266
  -5061  -5016  -6801  -5015  -4285  -2496  -4455  -5053  -4452  2588  -5669  4284  679  4459  -2587  -6898  -4453  -5163  -1327  -4303  7975  4300  -1352  -9583
contig 267
  5144  -4081  -4239  4238  -745  763  -1382  -4441  2481  5654  -5653  4080  4380  697  -2653  698  2477  -744  5120  -6028  -8569  -5145  689  -6446
contig 268
  -6037  -7052  -3279  -7004  -617  619  6117  -620  -7893  -286  110  126  -6248  -145  7255  1018  -6142  -8122  7907  160  1017  -6725  6662
contig 269
  2490  2489  -2488  -5079  -9558  -2657  -9015  4188  4187  -9575  -6318  4084  -750  -2475  -2482  5089  -8852  -2483  -2484  -5086  -2486  -5084  5141
contig 270
  1085  1086  5800  5801  -6259  -5780  3735  -8151  -6577  5781  7636  9085  -8167  -2347  -2346  -5782  3480  3481  -7624  -5627  -5626  3680  8591
contig 271
  -1143  5500  -7940  -5558  -507  -2403  -1141  2310  3561  5506  -3475  -7370  1160  3478  3448  -9163  1120  -3350  2378  2209  5994  978  7254
contig 272
  -1482  -2571  2526  4467  719  -5035  -2570  -5033  -2646  -4520  5703  1358  -1519  4129  8609  -764  2567  4126  5179  2564  2563  -4078  4362
contig 273
  4302  1340  6546  5687  1374  -2638  -728  -4297  2639  5064  -5150  706  2546  2547  -6019  2549  -6005  -1310  -7675  5066  -1338  8001
contig 274
  -1432  -97  1843  -1762  1761  -235  4890  -4886  6427  1760  48  237  -5496  278  -1778  1779  -7118  5377  1  77  -2861  7009
contig 275
  692  1295  4289  8729  5132  -736  -2611  4145  -7650  -5675  695  -6004  -5673  -9120  4338  -6325  -7999  -4336  -9461  6545  -8491  6048
contig 276
  5841  5569  5568  8527  536  -2211  563  -7955  -2428  -531  2290  -977  2287  -2356  2355  -8593  -8485  1156  2352  -3418  2416  7204
contig 277
  -4299  -681  -2540  -5058  5149  726  -2649  -725  -1484  -723  710  -722  5051  4458  2580  -4305  5693  5694  5695  -1355  -1343  -5698
contig 278
  6978  6916  6303  -364  -9383  8075  -6706  -6716  4092  4406  -7145  -3036  5954  -429  396  -6631  -457  -2046  5965  5277  4180  -9357
contig 279
  -3814  -4020  4057  -1233  -1258  7396  3756  3882  2748  -4758  -4757  2746  853  -882  875  -2744  6815  -2773  4686  4685  4683
contig 280
  3982  -2829  1610  -1262  3757  -4114  -4022  7067  -6775  -3815  3813  1209  3812  -818  2751  1259  -4760  2672  -1605  7084  -7413
contig 281
  3005  3031  3002  3030  5238  -2017  2019  8370  -1961  8029  3008  -2054  2055  -1964  400  -1951  2971  1950  1949  3003  8503
contig 282
  1714  -347  7316  -4574  1417  -4572  -394  8180  -296  7496  1967  -6104  -8274  -1966  1965  7497  7868  -1946  4424  -7493  -4068
contig 283
  -3674  -6761  -3166  3164  -3608  -3162  5920  4609  -9094  3161  3163  -3165  3168  -7256  1045  3170  3286  6763  9714  3708  -7318
contig 284
  5795  -2377  2206  2204  -2376  -2271  -6650  545  5548  5549  5864  1130  5969  770  -546  3456  1128  3455  -5789  2207  9099
contig 285
  -4485  1953  4423  -5260  4421  -5188  7869  -6986  5945  937  -5261  -4072  -4071  4420  9603  7483  426  -8971  4482  359  5266
contig 286
  7322  1096  8457  6790  5930  -6854  -7105  -945  -4656  6321  196  -6393  22  -4657  -6320  6855  1097  3277  -7059  -4633  -9076
contig 287
  1926  5330  -5211  -333  8056  -6628  1921  -8273  -2947  -1918  1917  -1915  -1912  1911  6496  -2943  -2942  -4499  4401  -6348
contig 288
  -5324  -4486  8067  2954  4487  -8353  6360  -2036  8050  8674  5947  2037  -2038  5948  6101  2063  -8668  8059  -358  -8352
contig 289
  -5944  950  -5254  1407  1495  1493  2062  -2060  340  8365  961  337  -932  -4501  -5208  -5207  -3052  6098  339  -8563
contig 290
  322  -2107  -6710  3087  -3089  -323  -1499  -5363  -172  1768  1716  -4166  -9664  418  -1715  1986  -6485  -3101  -2097  2136
contig 291
  -2645  668  -667  5705  -1359  4325  -4361  8316  9336  7001  -7101  -7074  1325  -7305  -9457  9471  -6553  7133  -4134  6343
contig 292
  8065  -2084  -3075  6085  -3016  -3015  -434  -5351  -5325  2061  6629  338  3040  8055  -5255  -5332  -949  -4403  -3041  9605
contig 293
  -5025  -4203  4318  -4316  -4315  -670  6831  4314  -720  4280  4468  8331  5038  -2576  -7376  -5041  -5044  721  9164
contig 294
  -478  -9034  -599  -6992  -1091  1092  8156  1053  6990  -5536  7717  1537  -5815  500  6741  -2379  -575  -5876  1538
contig 295
  259  -2857  -6936  -2858  261  -1437  -2721  6887  -6518  -210  -4978  -211  -1793  -5439  7345  5009  -213  -9369  9328
contig 296
  -5248  1049  -3726  -7229  -3727  3730  -3728  -3238  7772  3298  -1311  -6537  -2225  2227  -3522  -3521  2316  -7964  -8942
contig 297
  -1563  2317  569  -2188  -6564  -2374  2186  6565  2350  -2185  -303  -6806  -1329  943  -410  1524  -7169  -3407  2373
contig 298
  -3049  450  -3050  6103  957  6347  -6817  403  -1899  1901  404  -1907  -5218  2941  -1909  -331  -8572  1914  6463
contig 299
  8584  -1525  2370  6643  2369  1122  -2367  5755  2182  3383  -3385  3405  -2419  2349  2187  -3409  3536  2190  -9630
contig 300
  3447  -8140  -1555  5799  1550  5555  3452  2205  3566  -3572  -2199  -1129  3328  6750  -1545  3682  -544  -8592
contig 301
  3459  568  5831  -5521  591  8526  5518  1137  8309  -3346  -5517  1534  -5515  -2267  -3464  483  -5623  -5621
contig 302
  -1294  -4517  4516  -2635  -266  7081  -5681  5018  -4143  8730  -8612  -2521  -694  -5719  4358  -4144  8998  -6053
contig 303
  -484  2266  2265  -6201  5829  5828  -5516  -7207  3330  -9354  7360  -1187  -8168  -5512  -966  5510  -2295  7936
contig 304
  5263  439  -1963  2027  -2026  -2025  1962  -3010  -3009  6620  438  -5194  437  8051  956  2052  1959  -8053
contig 305
  6465  -6466  3302  -5279  4508  6851  1172  1174  -1175  7416  -3655  -6014  3251  -7782  8454  1179  2455  -7766
contig 306
  149  -115  -3254  -3665  3664  468  1025  1027  -3602  9454  2592  1028  3150  3153  -1081  -2594  -3707  -3678
contig 307
  5420  1641  -1700  -7164  -1680  1685  -5425  -5307  901  4816  4925  -8092  -5303  5487  -1454  1453  -65  -7238
contig 308
  -4631  1980  -1981  -85  -4643  4621  -414  4662  -1996  2993  154  -4210  1810  7735  4212  -5355  121  -4654
contig 309
  5688  -2539  -5060  -7988  -682  -5062  -6340  -683  -658  -5685  4148  -729  -5152  -5153  1309  -3486  -708  -8197
contig 310
  3759  2783  3760  9437  2787  -2788  -2790  8896  803  -6787  8047  7577  2785  -9813  -4160  4159  6293  -6812
contig 311
  3390  -3391  3393  9091  3538  5744  549  -2382  2424  579  -5743  -5739  -2385  -1562  5775  -9178  515  -5607
contig 312
  3415  3414  506  7035  -3413  3683  592  3412  59  -1677  2717  1678  -247  61  -1681  -1683  -7119
contig 313
  813  3774  7235  2666  -1211  4796  785  -888  -6777  1231  -4734  4730  4729  7432  -1230  3964  -3778
contig 314
  5137  754  -9557  4373  -4189  4374  -7832  8113  4231  4376  4233  -4234  749  748  -7833  8732  5731
contig 315
  2743  3803  -4101  4754  4756  -203  -3880  3881  3806  -3807  -817  2851  -3808  4018  -3758  -4019  6970
contig 316
  -5180  4434  -4435  -5718  4346  -5113  -5116  -2659  -2660  2661  -7702  5716  7099  -4132  -4443  4333  -9184
contig 317
  -2304  3469  -2303  3560  3559  -1113  -2399  -5566  -8153  -3684  1112  595  5845  6530  503  2396  8645
contig 318
  -6270  864  -2916  -9431  7453  7117  -142  4705  8616  1286  9114  -6797  -3858  3857  -8246  -845  6411
contig 319
  -2903  -6436  4977  5441  -7529  -2891  -4983  -4866  -5440  -5008  -2905  1512  -7129  2894  20  -9395
contig 320
  -4345  -5676  -1334  -6899  1544  7002  6999  4342  -6823  -4341  -5672  8613  8615  4337  7072  -7300
contig 321
  -5246  -1189  6312  -642  -6383  1388  -5247  7475  -3268  -644  -6235  645  -3729  3294  -3295  -6167
contig 322
  -1498  3090  -3123  -7156  319  6384  940  -4168  -415  -4555  8299  -42  -2129  316  -7570  5939
contig 323
  2516  2631  -5017  8329  -650  4448  -5154  -2561  -1486  -8492  -4288  -4382  -7657  -2520  5680  -7994
contig 324
  6406  980  982  -6772  1897  1892  -1893  -1874  -4666  -185  4668  6858  -1877  -6410  -184  -6857
contig 325
  666  5020  -5110  -4282  151  2565  2566  5706  -9021  4281  4360  1370  1369  -4130  1606  3859
contig 326
  3130  -981  -7743  4634  -72  1775  -2869  5437  -5903  7010  -1429  -5460  705  7223  -6024  9477
contig 327
  -2706  -1664  1665  79  -8267  5389  9190  1668  -1695  8087  7182  1696  -6601  1799  -4841  -8089
contig 328
  1866  -1867  996  -2436  995  634  3175  -158  -1888  -4228  8929  8927  -8914  9052  -6126  6157
contig 329
  -5052  -724  -7648  -4454  -5054  5055  -2537  2650  -767  2538  -5059  1353  -1320  680  1485  -7172
contig 330
  -7397  -3866  7243  -6870  7398  3845  -6781  843  3849  8459  3854  -4764  4776  -9817  -2878  7732
contig 331
  -4044  4717  4773  -3987  -3925  4744  -1615  1614  -3927  -3891  3820  -3754  -2756  2875  1281  -4708
contig 332
  -8313  300  5764  3376  -8314  8489  3375  8952  3374  2167  -2165  8604  -2164  2362  494  -9600
contig 333
  -1925  -5235  5209  334  -335  -5331  1924  1923  -1922  432  -1920  1919  1916  -5294  430  5216
contig 334
  1393  -5233  6308  5230  -1396  5222  -4087  -4417  -2029  7492  441  9044  -2040  -2039  -8983
contig 335
  1800  -1671  -1672  4919  -214  1693  -2726  -1658  5408  -232  -5337  6508  2694  -231  6602
contig 336
  -6839  8452  -6474  -6368  3213  -3214  1009  3151  -3604  3606  -3156  1821  3160  9401  -9399
contig 337
  6859  -5882  989  -3581  -3582  4641  -4638  -1857  -6585  1887  4642  -4672  -3174  -2435  -7771
contig 338
  1748  919  -1749  -4763  -6412  -844  2827  7753  847  6267  1220  -4054  -3957  831  -8217
contig 339
  7016  5924  1451  -4813  7878  5899  -9141  1808  -5488  5428  5427  -4815  8263  5386  8828
contig 340
  -5543  1541  5871  534  5615  -5616  -5849  -584  -5872  5852  5837  -1145  -9194  -485  -8819
contig 341
  5613  -9422  561  -8225  2353  2354  -1539  5821  5614  -1155  583  533  2289  -2292  6527
contig 342
  -7795  2762  -2681  -8285  827  1279  3751  -3753  -871  794  6785  861  4710  4792  9818
contig 343
  -2991  -1992  -201  1982  4661  -1839  23  -3073  -299  1704  1813  1834  4224  -2119  -7608
contig 344
  -8094  5314  1462  215  -1464  -1691  4833  5421  -4821  5424  4820  -898  899  -4819  9143
contig 345
  -3912  6262  133  -5469  5486  8636  -10  5310  900  -4817  -1458  -6681  248  -5896  8936
contig 346
  -3324  5628  -5629  -5803  5630  -5556  3476  6193  1159  -6721  8232  1142  5501  8487  9681
contig 347
  4692  3946  3047  448  2066  4495  6455  -4498  6350  5259  -6816  1898  -1902  -9778
contig 348
  6803  4343  4344  -2525  -5677  -1488  -5720  -8997  5679  8129  -4290  4291  -2519  -9586
contig 349
  6820  -4249  -2509  -6362  -1332  5728  5658  -2512  688  4245  -8473  4242  -5730  -8395
contig 350
  -2427  2320  -153  -2319  -8600  -2318  -3499  -6736  -522  8481  5504  3408  -5505  -7938
contig 351
  -4117  -821  -4115  -820  884  -4789  4706  -1221  -3980  -4058  4790  7457  1611  4707
contig 352
  -4797  8474  -4798  -4799  -4801  5373  5370  1448  4809  4803  5372  -1666  -4800  -4807
contig 353
  3317  8528  -566  606  -2260  -589  5833  5832  -1535  -5522  -3310  -1162  -5519  8525
contig 354
  -7022  -374  3132  2138  -3102  348  -963  1376  5019  6332  -4328  6560  -6675  7134
contig 355
  7162  6961  258  -881  -5004  7128  6884  8099  -1476  -897  4939  5886  -1786  9330
contig 356
  7171  -8334  6912  -7071  -4340  -1350  5674  6910  7132  7308  -1333  7137  696  -9594
contig 357
  931  8363  -1908  5220  -5258  1903  3025  1910  -5217  1913  -5256  5214  431  8357
contig 358
  7335  1348  -6900  -7336  7337  -6909  6667  6441  -6669  6905  -4460  1360  5707  -8610
contig 359
  -412  1989  25  -1991  1993  -1997  1999  2000  -2002  -1975  -6300  -6804  2189  -442
contig 360
  6322  -2502  4077  -7135  2500  -611  6439  -4265  -6032  6373  -7873  -2471  -4268  -9446
contig 361
  -80  -4120  3781  -2808  -4121  3780  3779  3775  -6261  -3746  2806  3959  2845  -7063
contig 362
  1144  5787  5788  8529  -3690  -587  -5986  6196  -5571  8948  577  -3422  -3577  9404
contig 363
  -6505  -4851  -230  6517  4959  1802  4958  67  904  -7058  9345  -7406  6861  -9715
contig 364
  2307  -6164  -8166  5563  -5564  5858  3740  5843  3557  5974  -8307  594  -504  -7199
contig 365
  1860  -1859  -7031  -633  7770  3171  8446  4526  119  -4651  1886  -997  6131
contig 366
  5104  654  6026  1330  -743  -6658  -2652  -7338  5119  -5118  -4082  -4236  -5652
contig 367
  -3381  3531  -1123  -5975  6744  -3533  -2351  2420  6948  -3410  3537  -1565  9008
contig 368
  -6399  6856  -9012  -635  -6221  -3584  3180  -9708  4632  6402  -1881  -189  -6809
contig 369
  -220  -1639  221  -4946  5494  4945  -4822  8110  -905  -5465  1459  8102  5339
contig 370
  -5717  -1410  2662  7221  -1363  2536  771  5710  5713  5124  -6902  -6656  9448
contig 371
  -2360  2150  1256  7934  -2153  -2154  3699  -2158  -2159  -7970  551  2162  3702
contig 372
  -5820  -7727  -6174  -3416  7041  976  -2285  -3403  2288  5544  -5545  -1170  7371
contig 373
  2421  -582  -2344  2258  604  2259  567  3311  5523  9626  -5503  -1136  9691
contig 374
  1657  -1692  8564  1675  6509  1468  -4918  5311  5412  4917  5388  5475  -8380
contig 375
  3231  -1004  -6223  3264  8451  -7802  7808  -3672  -3671  -3266  -3265  -3262  -7761
contig 376
  3239  -3240  -3299  2456  3245  -1323  1312  -6467  8863  -8986  -9073  -8515  5280
contig 377
  2276  263  1533  6141  -2293  -2298  -2302  7707  5825  -5826  -1163  2332  7206
contig 378
  8987  -6379  4504  1055  -1057  -4439  2605  -7985  8003  -4384  -4383  1077  -9124
contig 379
  2174  -7948  -7963  8518  3528  3514  -9198  2170  -3515  -497  8175  9186
contig 380
  -3207  3209  -2442  -3210  -3621  8450  8558  -2443  3623  -9127  -6762  -9126
contig 381
  3219  -8862  -3626  -623  -4604  -1816  117  3220  -118  2451  3628  -4607
contig 382
  -6522  1433  -5287  5464  -1776  -1431  51  -4933  880  -994  -2434  9565
contig 383
  -5376  7845  5434  -7846  7847  -5433  7390  1792  -9538  4804  -7825  5900
contig 384
  2789  2786  -2784  2843  8690  -802  -2842  7018  6064  877  -3885  9104
contig 385
  -609  5023  -608  -4264  -7837  5647  5646  -4096  -687  -2470  -4095  -1379
contig 386
  -5528  581  6234  560  588  5853  5527  3316  -479  2262  3313  -7711
contig 387
  4780  7447  -2931  -3905  4002  1419  6289  3908  2925  -2926  -137  -8895
contig 388
  3793  -4098  2833  891  2739  -2740  -8027  862  -7401  -2755  -2752  3818
contig 389
  -2957  -1938  2958  -1937  -3051  464  -5286  -6975  6718  -7249  8642  -3083
contig 390
  1983  2078  -411  1838  -200  -8988  21  -2003  -1988  1812  7913  8418
contig 391
  -4855  -4969  -4857  252  6424  6606  -912  -6433  5395  -4974  -7127  -7329
contig 392
  -3331  -5513  5827  1195  2330  -8523  3550  8137  2300  2299  5824  5860
contig 393
  -7170  8490  1531  -538  2231  -541  3387  2235  -542  -1444  1787  -9193
contig 394
  3986  4714  -3988  4716  890  -3990  -2737  1239  -2678  8480  -1217  3992
contig 395
  -2998  -2983  2006  2092  -7606  -1809  -1987  7920  2984  9440  6502  -9077
contig 396
  -5083  5013  -5085  2485  5143  5087  5088  -5090  7997  -700  -2656  -8541
contig 397
  1994  1995  -1849  2992  -2079  -5349  7601  2995  2996  -301  939  3078
contig 398
  7440  -2745  4055  6873  -3805  876  8935  6524  -1450  -1452  -249  9645
contig 399
  -4244  -1331  -9577  741  2515  -2514  -9559  5176  -5177  -5095  -5097  5099
contig 400
  5142  4375  -701  1383  -5081  -752  -4190  5139  -4371  -5076  -5072  8904
contig 401
  -6150  -109  -7764  108  3676  -983  3198  106  8543  -1891  -5918  6810
contig 402
  1804  -4949  4950  -1759  -2864  6484  4887  1435  -2865  -1434  -50  5385
contig 403
  -8414  -6291  6056  -2935  9544  6292  -2937  3919  2939  -7237  -6780  -9815
contig 404
  2126  2128  -3119  -5968  -3114  -3115  -1733  6107  314  -2127  43  -9177
contig 405
  4329  -6908  4327  2612  -5726  6333  37  -36  -444  2140  -2010  -4588
contig 406
  -9337  -6657  -713  6677  -6907  -4136  -7140  -7139  -1296  -6047  6046  9788
contig 407
  5960  -8078  5275  -5276  2049  -8076  5319  -5964  6460  -6461  6451
contig 408
  2759  -2760  2680  3860  3921  3920  -828  -3825  3826  829  -7017
contig 409
  -6889  7850  -5489  9030  8938  -5430  -6923  9027  -5431  -5432  -7349
contig 410
  4839  -209  5415  -5313  -5312  -5413  2701  1676  -8096  -1659  5470
contig 411
  548  2383  -7630  -2384  -8399  -3425  -3426  3428  -1146  -513  8437
contig 412
  6074  -5341  -1455  -4814  -6924  8827  -6076  5925  -8958  -5926  9100
contig 413
  4963  5403  -2685  1644  1643  5400  -226  -2900  -2722  2725  -8467
contig 414
  -6241  -6155  6156  7258  -6127  -8915  -6128  9135  -988  -6594  -7108
contig 415
  -2793  -2794  2795  -3762  -2844  809  -7184  -810  7011  2803  2846
contig 416
  -7306  -7838  4409  -2472  -2476  4267  -4266  4074  4261  4260  8567
contig 417
  409  1863  -4652  4653  7731  -7181  -94  318  -3081  -8391  -3077
contig 418
  6342  4449  -732  -4447  685  2632  2556  5068  2555  1337  6825
contig 419
  2606  762  712  -4355  5173  5136  -6901  -2626  2628  2629  5130
contig 420
  -1597  -3931  3819  4678  1598  -4745  -1613  -3926  122  -3358  3701
contig 421
  -7744  3344  3228  -130  -175  176  99  -4521  4636  -3610  9087
contig 422
  7759  7242  -3899  2809  7325  3847  3846  7591  7553  2824  -9617
contig 423
  2690  1789  -1788  -5305  9642  2686  -4964  5450  -5449  2684  -5402
contig 424
  2411  -9038  -2410  9009  2305  -8932  -8441  -3502  6745  -3497  -6199
contig 425
  3897  3896  846  3856  -3855  -3852  -2825  7890  -859  -6798  8281
contig 426
  -3361  2152  -2156  8940  3365  7952  3368  495  -8403  -3527  -3372
contig 427
  3014  2058  1299  -2056  4415  370  3011  2023  -3007  2016  9453
contig 428
  -6755  -8444  -8228  -8445  8301  3440  -3439  3438  -5578  2278  -9396
contig 429
  2221  -1546  5777  -5778  5602  -7709  -7722  9332  -8520  537  -3520
contig 430
  -9105  -433  -5253  5252  1490  5204  -5205  -343  5350  5290  9150
contig 431
  1371  -2568  -8495  4128  4308  -675  -5722  5159  5034  -5031  -7141
contig 432
  2921  -3903  4697  -2675  -866  -8544  -1205  1224  -3997  8559
contig 433
  -4715  -3861  -3822  8043  83  -6686  3930  2754  1218  -9349
contig 434
  6093  -1970  5367  -1418  -317  -6862  2982  -3120  -315  -9761
contig 435
  -4742  3924  -1616  -3922  -3823  3994  -2761  -8286  3828  8587
contig 436
  6238  -1012  -7043  -1015  -6169  -6205  6170  -1016  -621  7053
contig 437
  134  -848  -1608  4709  -1263  3984  3792  -892  -1267  -1268
contig 438
  -3226  3227  3611  2445  2446  102  -8184  3345  -1846  8423
contig 439
  1301  -1060  6247  -6010  -1415  -291  5880  -125  -161  -9173
contig 440
  7323  -3993  7437  1424  1278  -1212  786  -6814  -784  -8291
contig 441
  -3508  -6950  9498  556  -1559  3503  5862  526  -557  -8603
contig 442
  -7347  -6495  5384  -6888  -4892  44  -1756  -8270  -45  8814
contig 443
  4046  4049  -851  1600  -8588  -739  7174  -2506  82  -4514
contig 444
  -2226  2380  3524  -5740  5999  -6000  -7633  -3352  8304  -7611
contig 445
  2401  -1115  1006  1389  -1052  3289  -6165  -637  -1074  -5250
contig 446
  4252  4254  -4079  5105  -6375  -5106  737  -3952  -4699  -4700
contig 447
  -7783  -2440  3203  6660  3208  6229  -6139  7785  -3622  -8617
contig 448
  -2619  8657  -4511  -4437  -5123  -4351  4436  4349  -2615  8328
contig 449
  3712  -3252  1075  7424  -3632  -6134  -1192  -4503  1058  9655
contig 450
  5074  9450  -5071  -2492  5661  5115  8465  7874  -6331  -5665
contig 451
  -8259  8  -5334  -6878  -4988  -5466  -4986  -5467  -8104  8635
contig 452
  -2269  -3491  -3489  124  -6521  -1807  4997  -5459  -2901  -8634
contig 453
  3788  -1216  -4719  791  1257  -1238  -2679  3752  792  3790
contig 454
  -8557  1003  2202  -5567  -3421  6575  502  -7643  -7642  8702
contig 455
  -2876  3848  -8294  2821  -2820  842  -7554  7555  2810  -7757
contig 456
  -1109  -1110  -1111  2168  3373  2363  8147  -496  3369  -2361
contig 457
  4518  676  -6847  5042  4456  2648  -773  1483  1354  -5692
contig 458
  -3864  -2873  2828  3816  4108  -3932  826  3929  -3821  4110
contig 459
  -5596  3517  -2222  488  7947  3353  -3696  -2145  5759
contig 460
  5608  5773  969  1528  2238  2425  8136  2241  9634
contig 461
  -3450  8141  -3449  -1119  1551  1552  5805  -1088  3477
contig 462
  1007  -7314  -6236  -3212  -636  3215  1011  7812  3630
contig 463
  3483  6200  -3487  8488  3488  3490  2426  5842  5840
contig 464
  -5793  -5865  -3691  -2268  -265  5624  -543  3512  -9679
contig 465
  4898  4826  -7854  -56  4825  2713  -1636  -217  -9061
contig 466
  -4204  -4600  -6299  4565  -4564  -5906  -162  -629  -9340
contig 467
  -2951  -7867  -2950  -386  -463  6974  459  -2963  -7020
contig 468
  1734  -288  6206  -7217  -6039  8766  -6040  -6178  6179
contig 469
  -2033  -1906  1905  -5221  -1900  959  -930  5329  2068
contig 470
  5949  5328  5936  6081  354  -353  6609  -4174  8348
contig 471
  -7189  -1875  5912  -1878  -1879  -188  -1880  1883  9808
contig 472
  7265  6184  3467  3332  -7708  -3329  2331  3549  -8608
contig 473
  3269  -3656  -3270  -2460  3274  127  128  164  -7899
contig 474
  3704  3366  -2160  3364  -2155  -3737  -6230  -2148  -7951
contig 475
  5091  -2480  -699  2479  2478  5092  -5121  6444  5146
contig 476
  2044  6452  -455  3034  -2975  424  360  399  5186
contig 477
  4379  4442  7537  -747  -4235  6832  9576  -4085  -5140
contig 478
  -320  3122  -3121  1969  -1732  -91  443  -312  -9425
contig 479
  -6120  -1182  -1737  1183  8982  -2014  -2013  350  -6453
contig 480
  7556  6799  -2818  2819  -8553  -2822  -8479  2823  -8293
contig 481
  1783  906  -4883  5381  -87  5946  2952  372  8965
contig 482
  -3338  3335  -5574  -5573  -9680  6189  5570  -586  6993
contig 483
  -4522  2447  -3721  3722  -3715  1066  6226  -100  4674
contig 484
  3347  1161  6994  -2263  -482  -3463  -7645  -3465  -6991
contig 485
  2863  295  6513  6426  6425  7926  4889  6483  6511
contig 486
  -489  -6646  491  3357  -2359  3360  6645  -7211  9631
contig 487
  8244  -8245  4765  -7755  4775  3851  3850  -3895  8624
contig 488
  2899  -2700  1798  -1670  2699  -2698  -1674  5473  5472
contig 489
  -8260  5393  -4976  4975  88  -5283  5323  5285  -8571
contig 490
  3943  -1599  -4696  -3915  868  8242  4694  3947  7446
contig 491
  -4784  855  -4056  4016  -1207  3883  6276  1252  -4787
contig 492
  3176  -1868  -8545  -1858  -4639  4640  -8532  -6409  -9403
contig 493
  -5530  -3321  3319  5809  -7277  -1131  5609  477  -5610
contig 494
  -8632  5002  -5490  -5491  5492  -4941  -4940  4938  9757
contig 495
  8908  8271  9791  4271  -5012  5011  4272  6442  9081
contig 496
  -5542  5541  5869  -7203  -6722  967  -8665  1158  5817
contig 497
  1703  4603  -3662  1306  -4118  1817  7086  -2450  -6387
contig 498
  9182  -2048  6794  2047  -6795  -6932  -2045  1403  9776
contig 499
  -6742  -6642  -6204  -7045  -8155  6641  5981  -3434  -9331
