contig 0
  -6059  -135  832  2917  2918  2674  865  1254  -3903  -3904  4215  -8176  7447  -3912  3913  -3915  3916  839  -4001  8619  3999  3997  -4066  -8221  2919  -7680  1244  -3911  -3910  3901  3900  -1236  -6693  -6063  -2827  4763  1749  1748  919  -136  7799  -8242  -868  -3948  7293  -867  -3950  4053  737  3951  1285  7448  4782  4783  7453  -7455  3957  4054  8616  -1220  7751  -7752  -7753  8244  -8245  -8246  -3855  -845  -2826  2877  -2824  -2823  -859  -6798  8281  -3845  -7398  -7554  -7242  2814  3866  2812  -3865  4004  -8282  7240  -7559  -7560
contig 1
  -6428  -1459  4986  -4987  4988  6878  -4946  -4947  5334  -1641  -5420  5419  -5418  1460  -4895  4896  4898  -1461  4826  4900  4828  4901  4902  -5485  1463  -5484  5483  -8107  -5342  -4904  4907  4908  4909  4834  -208  -4910  4835  -4836  -4838  -209  1665  -8267  -1695  2701  1696  -2700  2699  -2698  1697  5408  -5337  -8105  -5454  6508  -231  -1656  -69  -68  -1802  255  5403  -5402  -5448  -5401  -5304  -4854  -4855  4856  1472  -5447  -908  252  -8084  7525  -7527
contig 2
  -6558  -5664  -5663  -5662  8261  4277  -2528  7877  -7842  -2655  750  -2656  -5143  5085  -5133  -4374  5080  -1384  5079  -5078  5077  -5076  -5075  5073  54  6067  -52  2869  -1775  1776  5462  -5464  -1432  5287  -1433  -5385  1434  -4881  -4889  4890  -4886  -4887  -6484  -8296  -1065  7123  -7124  -233  -1777  -1785  1796  1779  -7118  1774  -279  280  282  -4883  5381  1437  -1438  240  1755  -44  -5438  1315  6939  -1441  6940
contig 3
  4104  -4688  851  -4049  -4046  -143  -1251  3942  -1250  -849  -3869  2770  2669  -4681  7758  -3939  -870  -875  -3940  1282  4682  -4683  3941  -4684  -1603  724  5052  4284  2587  -722  5050  7998  2580  -4457  4518  676  -1483  5160  8195  -8196  7376  2576  -2574  720  6031  670  4315  4317  -2526  -2570  2569  -766  -2646  7670  -4520  4320  -669  -765  5704  -1519  4129  8609  -8495  4126  5671  8424  7306
contig 4
  5856  -5858  5564  -5563  6116  6164  -5807  5559  5558  6721  -5557  -5806  8167  5556  -5630  5629  -5628  -5627  -5626  2378  2209  -7946  -2207  3452  8306  2204  -2376  -2199  546  -2197  -770  -2196  -5969  -7198  -2194  -2193  543  -5793  -5865  5866  -5798  -5799  5800  5801  -5780  -6577  -5802  1551  1552  5805  -1143  5500  1087  3324  -979  -3450  3451  -1121  3679  -978  -5994  1555  -5808  8166  2308  8487
contig 5
  -7101  -665  1362  1348  -4362  963  -5369  5361  374  -4589  -4588  -2989  -4570  4569  -7901  -4568  -7590  4587  4567  -242  -5179  -5112  -709  -7671  -5026  1377  1604  4444  4445  7993  -5027  -5028  -1482  5030  5033  -5159  -719  2572  -2573  -4146  2575  5040  -5041  7991  -8318  -772  721  -775  7990  -5049  776  -2582  2584  678  2586  -679  5690  5692  -8324  8323  5695  -5697  -5698  -597  -4147  -7655
contig 6
  2609  -2608  -2607  2606  5135  -5126  -5171  -5127  -5129  -2602  2600  711  -2629  761  -2628  -2627  -2623  2622  -2621  -2620  -2619  -758  2617  -5123  5116  4435  -4434  5180  -757  -2589  -2493  -2709  -7490  -1663  -1664  -1667  5389  1668  -5413  -5412  -5311  7515  -8089  5472  8096  -4920  -4922  -4923  4924  -4842  -1469  4845  -4953  -4954  4955  4846  -4957  4848  -4849  4850  903  4851  7520  4961  6505
contig 7
  -7056  -6239  1041  3610  -99  176  -1844  175  -1889  174  3190  3192  -3193  -3194  -3195  -3196  -6407  -8191  1594  105  184  -5908  -1880  189  3573  -5590  -5589  -5588  3342  -3341  -2169  -3528  -8518  2176  2366  2179  -7617  3530  3531  -1122  -1123  3383  6744  -3385  -6198  3405  -2419  -2418  5505  -3410  -6185  6199  3498  2318  8600  2319  -5997  -2320  2406  -521  -2409  2410  -2411  -522  7505
contig 8
  5867  -3350  -6163  8233  7253  3323  2377  2205  5784  -5785  -5790  5791  3326  3327  -2375  5864  -5792  6115  1548  -5624  5551  5553  -5554  -5555  5625  -1019  -646  1739  -125  -161  4562  -4599  -1062  -3270  3272  3274  -114  -1814  -146  -147  -8641  -4603  4538  -4539  3158  3160  6125  3163  -3165  -3674  -3167  3168  -3169  3170  7406  -7809  7407  -7810  5915  6764  -3711  -8238  -7409  -1229  -8239
contig 9
  -7039  566  1134  -1131  5609  477  -5610  -8226  -1132  31  -5611  5530  -5531  -5532  -576  -5605  -8156  -5612  -1092  1091  3322  5811  5810  -1089  -3319  -3318  8528  3316  -2261  567  5835  5832  -590  568  -5503  8596  3462  -481  6652  -2265  -2266  -3346  5828  1534  -5516  -5514  -5513  7360  -1187  -8169  1163  5826  -5825  -7707  483  -7622  -7623  2300  -7935  7936  -7937
contig 10
  4287  4288  -4450  2562  -2518  -2560  2517  2559  732  -2633  -2631  2557  4446  2556  5068  2555  2554  -2553  -7224  -2552  2551  7675  6378  4466  4465  8534  5152  729  -4148  5685  658  -5686  -768  2543  2542  2539  -2538  -2650  2537  8205  -2649  -725  2588  1484  6670  2585  -2583  710  2581  -4305  -4306  -4307  -1354  5694  -1355  -4308  4309  -4310  4311  5699  -6557
contig 11
  -2191  -2190  1565  -2188  8481  5504  -2187  -2374  2186  -2349  2350  2351  -2185  2184  -3532  2373  -2372  -2371  -6566  -6565  6948  -1523  -6564  1563  5643  -570  1139  -5642  -6533  -6532  -571  572  -5586  -8172  7619  553  -2370  -3533  303  -3081  -3079  -8391  -3078  -3077  958  2001  -2000  -1999  1997  1996  -4662  414  -4621  4643  -411  4661  4631  4630  -2007  8418  -7608
contig 12
  3700  1256  2151  7934  -8602  -3362  -3363  -3364  3365  -3366  3367  495  496  2166  -2167  -2168  -3375  -8489  -2170  8314  -3376  -8606  7963  2172  -2175  -2177  2178  5585  3379  511  -603  7950  -2181  7938  3384  3534  2420  -3406  -3535  -3407  -3408  -3409  3536  3537  -7621  -2192  -2317  -3496  3499  3500  153  -3501  -2321  3502  -2305  -6182  6183  -6746
contig 13
  -6011  126  -3269  1061  4561  1301  -1060  -6010  6009  6039  7217  6008  1017  -6177  -6725  1016  6205  -7052  -616  1014  7043  -6238  -6251  6250  3212  -3211  6167  -1007  3729  637  3292  3268  -3289  3725  -3672  -3671  1006  7801  1389  -7761  1189  1071  -8557  7790  1051  7315  1050  3188  -3187  3185  3184  -3182  -1001  3587  -3586  -6770  3178  -7280
contig 14
  7183  -4109  -7580  8044  -3888  3887  -3765  -809  4761  4771  -7888  -3768  -7581  -3770  -3772  3745  -7235  -3774  6261  -3775  -3777  -815  -2807  -816  -924  3779  -3776  3889  -3746  3773  2667  -7823  2666  2802  -2665  812  811  -7062  810  -2799  -2798  2664  2663  -8589  3762  807  -2795  2794  2793  1241  6283  6786  -6787  801  6285  7817  -7818  -7819
contig 15
  -4469  -671  -4467  -5036  -718  -5031  -8496  4203  1356  4319  4359  -1345  1357  5703  1358  -1369  -1370  -4360  -667  -4281  -4322  -4323  4282  4326  -7982  -5020  8316  1346  5019  -2527  6332  -4328  1325  7134  663  -662  -4331  -4332  6343  4334  4335  -7973  -6003  -1368  6518  8565  2721  -87  6892  45  6887  6936  -259  6525  6494  6925  -7160
contig 16
  8053  -1959  -2017  6619  2020  2021  2022  -2023  2024  -1962  439  -5193  2025  2026  -2027  1963  2056  -2057  2028  -7681  7492  441  5192  -6920  -5190  5189  5188  -5187  -5186  -399  -1953  4425  4426  7097  -6353  -4477  4405  4406  -1403  -6451  6461  -429  -6631  -2047  5965  -2049  -5275  -5960  5961  -6980  6981  -2072  2041  6792  -6793  8576
contig 17
  5712  6553  5710  5709  1326  -4330  4329  4327  -1347  7974  5708  666  6333  4361  37  4324  8325  -4125  4127  -4128  6334  -6831  4316  1874  1893  -5911  5918  4665  -4666  6858  6410  1877  -1876  1873  -109  3276  -6123  3275  3198  -107  8555  106  8543  4677  -4664  6857  4667  -186  6809  -188  -1882  6853  6401  -6402  6403
contig 18
  -6547  1341  5691  5689  5669  -4304  -7648  -8322  -726  -5149  8203  -8204  -8428  -2638  2544  2639  -2497  -680  2541  -5016  -7975  -6801  -5015  -2496  -5056  -5055  5163  5054  -5053  6898  -4519  -4459  5162  -723  5051  4458  5161  5048  677  774  773  -2648  -2647  -673  1328  -2577  5721  -5700  -4468  -675  -5722  -4318  2571  7214
contig 19
  -3841  -7284  -2781  -2780  2779  3810  -8292  7396  3807  -3806  2749  2746  3804  6268  4102  7083  4101  6815  2742  3801  -797  2741  -4150  7546  3802  3749  -798  2743  2744  3803  882  4754  4756  -4784  6873  -203  4757  -4785  -4786  1261  3815  6775  -6260  -1221  -8586  -1612  7457  1611  8251  -1610  -8337
contig 20
  6048  8000  7999  6912  6325  -696  -7137  1333  7308  4343  4345  6337  -694  587  -5132  -4144  -4289  693  -692  2521  -7995  8612  -4290  7089  4291  1335  -6450  -5018  652  6342  -1336  -4124  4293  7978  2558  7987  -4447  -5154  8193  -2634  2635  -4516  4517  2636  -7673  -4286  6338  1351  -7994
contig 21
  -4451  4452  -4453  -4454  -4455  -1327  2495  -767  5688  6546  1353  -1320  5687  -7976  1485  6825  4296  -1339  -657  -5151  -5153  1309  -1310  7649  -4299  -681  -4300  -4301  4302  4303  -1340  4285  5057  5058  -5059  -5060  5061  727  -1375  -728  2545  4463  7090  -4464  2548  684  -2550  -8197
contig 22
  -7133  7139  7140  4136  7335  6907  -6908  -6900  -7336  7337  -6909  6441  -1376  6904  6905  -5110  -4460  4461  4462  5111  -7989  -715  -4321  -1518  -4130  -7084  -8556  -4020  1209  -1260  4787  -1233  -1258  4017  -6276  1207  -1206  -4016  4056  4015  4014  853  4753  -7440  8500  2767  -7439
contig 23
  8562  1672  1671  -1800  -1799  -1798  -1797  -6599  -79  -6691  -2708  -2710  -2711  7884  12  -5343  4903  7510  -1632  -216  4899  -1702  -1687  -8259  -1638  -1639  221  9  -7882  916  5421  5424  1684  1681  -61  -1679  -1678  8110  -5495  -5465  -5466  5339  -5467  5468  8103  -8104  8635
contig 24
  -1766  -36  419  -2010  -350  -8024  6633  -7295  3001  3000  436  7298  7499  4416  5263  -5262  935  -4417  -1400  1300  -1299  -2029  -2058  4418  -4419  1401  5191  -5261  -425  1297  -4177  1947  -1949  -1950  -5943  -1952  -360  -1954  -1955  1956  -402  5266  -6462  -456  -2043  -8362
contig 25
  4275  -6330  6331  1012  -1815  -149  -1816  117  -1818  -150  2592  2593  3152  3153  -2594  -3156  5920  1821  1820  -1819  4608  -4606  -4605  4604  -165  -115  -3254  6673  -3665  3664  -648  1064  -112  4564  -4565  4566  1303  3657  -1304  4600  -4601  -4576  -1063  4118  -1305  -7317
contig 26
  -3284  -3283  -3136  625  -2431  2430  2429  1817  -2452  -2451  -3627  -3220  3261  -8338  3258  3255  -3253  468  -3144  3146  3147  166  -1027  -1026  3601  -1025  8237  3143  -3141  -3139  -3138  3137  -3135  6136  -3222  3221  623  -3260  3259  -3257  3256  -3668  3663  -116  -1703  -6596
contig 27
  -5597  -5599  8155  -7709  2144  -2359  -3354  -3353  2225  8143  6000  7632  3522  -3523  1144  -5547  -5546  -5574  -5573  -577  5571  1145  6197  -1165  -3513  -1167  3402  533  -2290  -977  -2288  2287  2286  -2356  2355  -2354  -8593  -8485  -2353  2352  2416  7205  7204  2423  7375
contig 28
  -6070  -1644  -2684  2685  7858  -2687  -2688  -1646  1649  1652  -1653  -1654  -1655  -4956  8266  -6602  -2695  -2696  -2898  2697  2726  8564  -1693  214  -6515  5470  -5473  -4919  4841  -4840  6601  -7182  -2899  -2702  2703  -8380  -7512  -7531  5477  5416  -5478  -5479  -5344  -5480  8086
contig 29
  -3059  -3058  -2076  5327  3056  -6113  -6112  -6111  -3037  2046  -5964  -5954  -2044  -5953  1958  1957  -455  427  6630  401  2042  -1951  -426  -296  -7868  -6104  -7497  7869  -6986  -8274  7870  -777  -936  -3054  7484  -4072  -4071  -4070  5260  4424  4482  -400  1964  6497
contig 30
  -7245  339  5207  5208  -950  -2059  -5209  -5210  -5211  5212  5213  -5215  6463  431  8357  -8056  -5330  1925  -1926  334  -335  -8627  -5331  -5332  -8055  -3040  -3041  -961  -6098  -342  -6099  -5350  5351  -5352  -5326  2081  2082  2083  2084  7696  8118  -8111  8119
contig 31
  -6889  -1454  1453  -5489  65  1808  1455  -5488  -902  -7850  -7516  8095  8092  -1694  -1457  -249  -5340  -5310  -5308  5425  4819  -5376  -5375  -5374  -5433  1446  1666  1447  -1449  4809  1451  -6924  4812  7848  7825  7388  5372  -5373  4802  1445  4798  4797  7846
contig 32
  -3553  3554  -7267  -2250  3441  6194  471  -5988  470  -2255  -2254  2253  2251  2249  5978  -5977  2391  -2390  -2246  -2244  2389  7626  2242  2388  8401  -3433  -8483  -516  -8136  -1528  -1527  -2237  5739  -8300  2236  2384  -2424  -2383  -549  -2233  539  6540  -6541
contig 33
  2848  788  7399  -789  4043  -791  -8480  2678  -2679  3752  1216  4717  4773  4713  1267  -891  892  -893  894  848  -8027  8028  795  -3794  -3795  3879  1213  -134  799  -2745  -8336  4055  -854  855  -2747  -2748  2750  -857  4018  -1259  -4019  4021
contig 34
  4062  -3974  -3973  -3970  6282  3966  8552  8248  -3963  -3962  3959  4010  4723  7822  8460  -7474  -7821  7786  7820  -4023  -4025  -4045  -139  -4028  -4774  1242  3886  1248  1247  804  -1245  -3761  -7919  -3760  -3759  -3885  4160  -803  -2789  -2791  -7234
contig 35
  -5967  -5968  315  2129  42  318  416  1970  7902  4554  -4583  -4553  4594  -4552  -8037  -4593  4551  -1722  -1720  -1719  1718  1716  -1715  1767  -4592  -7576  4543  4545  4547  4166  -4549  942  4550  5364  -6931  -171  1768  -1717  169  -4548  -7574
contig 36
  -5652  4442  -5731  -4378  -7536  -4235  -4084  7832  5001  5002  -5003  -5004  -5490  6520  6521  -2889  -2888  2887  -8355  1764  -1763  -879  5885  -53  -921  73  8039  -236  50  -2880  2864  -48  -2863  75  47  6  1784  -1757  -5927  -6967
contig 37
  -7834  -1330  8395  5730  5729  7173  4242  7538  4380  697  698  5653  -5654  -944  5604  5603  -5535  5813  -8157  7717  1537  5538  -1538  -5815  5876  -5817  -5818  5819  5820  -3574  -1156  531  -2292  -5990  5991  2428  5615  -5616  5617  8159
contig 38
  5575  5582  8170  7358  6942  -5754  5753  -5771  5770  5769  -5740  -3520  -486  3517  -1311  -1321  1178  3647  -3648  3649  -3650  -3651  3652  3654  -1173  1174  -1175  1039  -3655  3250  -1101  -2461  -1177  -3669  3670  -7813  2455  7766  -8453
contig 39
  6727  -118  -3626  3628  -1024  3629  -3223  -3224  -3225  -624  -3134  3592  -3593  3594  3596  781  3599  -3140  3142  627  -2433  -3145  3148  3149  1028  3150  3151  -3603  1079  -3155  3157  3161  -998  202  -635  6132  3179  3180  7107
contig 40
  6155  6156  -6157  6126  -6128  987  7109  -7108  6409  -4640  -4638  -7031  993  8530  995  -997  -3176  999  -3583  638  -6221  -3584  3585  -1885  8187  5533  5534  -5536  1084  5537  -8158  500  -2379  -575  2341  2340  2339  -8484
contig 41
  1832  -1833  4627  -4628  -4629  938  1809  1836  1837  200  -23  1839  -1982  7610  -4620  -4622  4623  -4624  -4208  154  1850  -1851  1810  -2995  2994  -2993  -2992  7916  -2991  1991  -25  -1990  -1989  2078  3074  85  -3073  -6935
contig 42
  6097  -6710  941  89  322  2111  -2132  -170  -5941  -5942  418  -4546  4544  6624  -2094  2093  -346  2134  8224  -5368  2133  1984  -7573  172  1721  1724  1726  1971  -4168  -7570  -1732  -1769  -1307  -199  4165  7319  -4578  -7898
contig 43
  -5139  5081  5082  5140  5142  5084  8541  2486  2485  2484  -6832  2483  -2482  5089  -5090  747  7997  746  -700  -2481  -8202  4441  2479  8207  2653  -744  5118  -5119  2652  6658  743  -5145  5147  -6446  1331  5987  6996
contig 44
  -6187  3360  2360  3576  -3361  2150  2152  -2153  -2154  2155  490  2157  -2158  2160  -7970  -3704  3703  551  -2165  8604  -3371  -3702  2362  -2361  494  2161  2159  550  792  -3876  -3789  3790  3791  1240  -3792  -3877  8342
contig 45
  6027  639  640  3588  -3635  -1003  -7679  -1072  -3285  -7029  -7259  1005  6133  3262  3264  8451  -7802  7808  -3267  -3290  -3291  -644  -7229  3730  3295  -6166  -3294  6144  3293  1074  6165  -1049  1052  -3266  6143  -3265  -6158
contig 46
  -1894  1895  -1861  -1862  -4644  4645  4646  1897  -1891  1892  -1625  -108  6150  6124  -6153  6227  -6228  985  7258  -6127  -253  -251  1473  -1474  6424  -4973  8633  7526  -6922  5444  5395  -5394  -5393  -5443  210  -6436  7119
contig 47
  6322  -4078  4077  4076  5650  4262  -610  -4263  -4074  -4264  -7837  4097  -8472  -2473  -686  2471  687  -2476  4096  -5646  -5648  -5014  5023  5024  4261  6336  4258  -4255  -4251  -7835  -4252  4250  7302  2643  -4249  8425
contig 48
  -6414  -7323  -1238  -1239  4719  4718  -7792  -4716  -4715  -4714  -3753  -4712  -4711  -1266  -6874  -4709  -8015  -4793  4098  4792  1609  -8253  -4707  -1262  -4790  4058  3980  -4022  7067  7413  4788  -3814  -819  -818  2751  8585
contig 49
  -2854  8041  6493  -960  4860  -6433  -7127  88  -2968  -5283  5323  5285  -5286  460  461  462  463  -385  -2958  386  -2957  2034  6975  -1939  -2956  7865  -1940  2949  1941  2951  2953  2954  4487  -8353  -4176  4175
contig 50
  -830  2775  -2774  -2773  -2772  2771  6696  886  4680  4679  -3938  3937  1214  4041  -3936  -2668  -1595  -3934  3933  -3932  -3931  3819  -3820  -3821  2757  -2758  2759  -2871  -828  -2762  -2763  2766  2768  -2769  1249  -7297
contig 51
  -1430  -5458  -946  -1805  1786  1807  -5000  6883  -4939  897  4941  1476  4942  -8098  -8099  -8374  1477  4944  -8632  -881  4649  -2437  -2436  634  2434  -3173  -7770  3581  990  -6220  -986  -6256  -6242  6241  6240
contig 52
  -5760  -5761  -5581  6567  3540  3539  3538  -540  -3389  -541  -2382  -542  -1444  1443  4927  -8510  -5386  8257  -5301  -5302  7517  -5341  -6075  -4814  1452  -5431  -5432  6524  -7349  -1450  -5896  -5897  -5898  5893  5923
contig 53
  8127  -6580  -6575  5847  5783  -5845  6579  -595  -5974  2303  2401  2304  -2306  -5501  5560  -5562  3469  1115  6190  -1113  -6574  -5844  1567  -1568  -1569  594  3683  592  -2200  503  -2398  -2397  2396  8644  8645
contig 54
  6992  -7202  600  -601  1589  -6988  581  5874  -1090  3321  3349  5875  7374  -1536  -3348  3320  8164  5529  8406  5528  -1133  588  604  -479  -589  5833  5831  1161  -1136  -3463  -6201  484  -3465  -6991  -7207
contig 55
  7624  -2347  -1088  -8148  3475  -508  -5868  5631  8232  1142  1141  -507  2309  2307  2402  3560  3559  1140  3558  1114  -3684  -8307  -2201  -593  59  -2716  2717  -2718  7857  -7856  1685  -1686  7853  -7852
contig 56
  -6504  6485  -1349  345  1986  -3129  -7748  -347  1713  1711  1710  -1709  38  3131  3102  -3103  8180  -2100  -324  -3124  3089  -3123  317  2130  -5367  3121  -319  -417  -4167  -40  2108  2110  -323  7027
contig 57
  -3710  3709  -3708  -7405  8335  6761  3673  3609  3675  8458  -3608  3677  -3162  -3678  3607  -6760  -3605  -3154  -1081  5267  -4185  5197  -1406  5268  5269  -5199  -5270  5201  6459  -5272  -1404  -7248  6089  -6488
contig 58
  2503  -738  2641  -2502  2501  -2499  608  -5649  -6551  -5651  -2500  7135  -5109  -5107  5106  -5104  7996  -5102  -5101  -5100  -5099  5097  5096  5095  5177  -5176  6447  -1332  -5094  2511  -2513  2515  -741  -7491
contig 59
  -7523  5449  -5450  4964  -4963  5451  -1471  -8097  5452  6517  5453  -4847  -5336  7843  4844  -5455  4843  -4951  -5456  8106  8102  -7530  -5422  5423  1428  4985  -6431  -8377  -5307  -5469  5486  7879  5387  -8263
contig 60
  -3479  -3478  2346  -1554  -8402  3561  -5506  -2312  -2311  -2310  2403  8135  -5561  -596  6576  5859  5565  3740  -6578  5843  3557  -2399  3415  3414  7035  1112  -3413  -504  3421  -3420  7942  -7941  7641
contig 61
  5746  5747  5748  5749  5750  -5638  2414  2283  -2281  2280  -2278  -8160  5751  -5768  564  2162  2163  2164  -8403  -8147  -2363  1725  1723  -7900  7572  2985  -3125  3096  -3098  3099  -2987  1985  -8038
contig 62
  -6266  -3788  8278  793  -2738  -871  -872  923  8340  2850  873  -4149  4100  -874  3799  3800  -138  -4161  805  2792  2790  2788  -2787  2786  2785  -2784  -802  800  6064  -2841  4159  6293  -6812
contig 63
  3906  3905  8185  -838  6694  837  4750  -3914  -1253  -3949  -148  7899  -164  -1736  -7924  1735  -163  1185  -3658  6244  -128  -1738  -1811  -4598  -1183  4563  1182  -4597  1068  -4725  1230  3871  6779
contig 64
  4888  6426  6425  4891  294  6483  -2865  2866  -2867  2868  -72  51  -4933  -4931  880  4642  -4672  -421  2002  -7600  5316  4211  -7601  5349  2079  1998  -1995  -1994  -1993  -1992  -8298  -8477
contig 65
  -5976  5975  6643  2369  2183  -2182  2368  602  7704  -5762  8235  -1590  -6084  -6706  -6716  -7019  -3036  -5319  8076  2048  5318  7312  -3039  8078  -365  3029  5962  -2073  2074  6621  -2075  7192
contig 66
  -7049  -7231  -7785  2443  -8558  3210  2442  -6229  1193  -8321  -7659  -4383  2440  -7768  7783  3200  3199  8241  2438  -4503  1058  -1077  -3201  -3205  -3207  3208  4439  8004  -8005  7661  8385
contig 67
  -5619  -586  -6654  563  7972  -7971  -2285  -3403  -2289  562  -5614  532  1539  -5542  5541  -561  5507  -1157  1158  -5539  7718  -5816  6953  -5814  5812  7716  -6733  -7266  3579  3578  -6758
contig 68
  2012  308  3108  -7023  3109  -309  -3110  3111  -311  3113  6107  314  3118  -3114  3120  -2982  -8299  4555  -940  -6092  -3122  -3086  3087  316  3119  6714  6091  90  3115  -6106  -6105
contig 69
  -2113  -2114  -325  2116  -3097  3126  2986  3127  -2988  6094  -3128  -6095  -3100  2135  6486  -3101  -93  1714  -4575  7316  -4590  -4574  1417  -4572  4571  8577  -7588  -5315  7737  8421
contig 70
  7012  6057  6687  -2915  2916  6270  -3870  -6071  2928  -2838  -2929  -2676  835  -2930  -2931  2932  -2933  836  -8429  6289  6290  -6291  2925  -2926  6072  7241  -1224  3996  7468  -7467
contig 71
  167  -266  5682  5683  4123  -4122  7652  -6837  -5684  -8001  1337  5067  -5066  -730  708  6005  -2549  6019  -2547  -2546  -706  5150  -5065  -5064  5063  -1374  5062  7988  -2540  2637
contig 72
  -633  3171  8446  4526  -4651  1868  1867  -1866  1865  -4221  4220  -4219  -4218  156  996  3175  -4671  3742  -8545  -1887  -1888  1859  7102  -4639  -8532  -988  989  -3580  991  -3582
contig 73
  238  1829  -19  17  -1794  1831  -2891  -1827  5436  -5440  -5439  5435  -1828  -211  -1793  -2890  5441  -7529  8082  7159  7158  7345  1512  -5010  -7129  -4870  4989  4990  -6879
contig 74
  6453  111  -5265  5264  -5196  5195  3030  5238  -437  8370  -1960  -1961  -6620  -2054  2055  4415  -7682  -8356  8051  956  -3053  7683  -2014  -8503  -3003  -3004  -3005  3006  -8502
contig 75
  -5894  -1629  -1630  1631  -1633  1634  56  2713  -1636  7854  1635  7885  7486  4830  -1464  -4905  4831  -4906  5482  5481  1465  6523  5415  -5414  -5476  -5475  -4914  -6422  6423
contig 76
  7219  653  8473  -4245  -5659  -5658  4246  -5728  2474  -5657  -5656  -5655  -7174  4253  4256  4257  4259  -8567  -4260  -7836  4075  -4073  -4265  4266  -4267  -4268  7838  7839  8568
contig 77
  5362  -35  -3117  -3116  -3133  -2140  444  2139  -2101  -349  348  394  -4113  1708  -4573  7921  152  -1712  -3104  -3105  3106  2102  151  -2104  1706  1705  168  1765  5879
contig 78
  -7061  -3766  7887  -7579  3767  2801  1234  -3769  -3744  3771  -2804  -2806  7395  -7914  -7915  -814  -3780  -3747  -4061  1274  -783  -2732  -2733  2734  2735  7542  6814  -786  7239
contig 79
  1601  -1602  4778  4689  4687  4685  1283  -4686  -83  -8043  4158  4110  3861  2870  -3751  -2760  3860  8285  -3823  -3824  3827  -3829  3830  -3831  -3832  -3834  -3833  -8582
contig 80
  -1126  6181  -1127  -7264  3458  -1135  5853  -605  -607  2259  2262  3313  -7711  -5834  -1535  -5522  -5520  968  -5517  -5515  3332  -3331  3330  -502  3556  -3412  505  -8161
contig 81
  -3468  3470  3471  3472  -3473  7940  3474  7939  -1159  -7370  1160  -3476  -3477  -3562  3480  3481  3447  3448  3449  -3563  -8140  -3564  -1086  -1085  1550  -5795  -6581
contig 82
  -2970  2969  -381  -3028  2966  2965  -384  1936  458  -464  1937  -1938  387  5946  7866  2950  2952  -6499  6500  -6501  405  8050  -352  -406  2037  -2038  8069
contig 83
  -6406  -3615  181  -1059  3614  4230  8554  177  -1890  1847  -102  -1592  -2449  1845  -8184  -4216  -4217  7749  -4613  7106  -4615  -4616  -4523  -4524  -3191  4617  8190
contig 84
  -2872  7017  -829  3981  -3982  -3983  4059  4060  -1608  -1263  6876  -4710  1265  -794  6784  -6269  3987  -3988  -888  1619  3748  1231  4732  3972  4730  4729  4727
contig 85
  2879  -5496  -5497  278  8371  -1  -1758  -8040  1778  1804  6896  -6885  -234  -295  -1772  276  -76  277  1773  -5  -2  2862  46  241  6680  -920  -6068
contig 86
  6772  -6219  1198  -1197  -1196  -980  -1856  1855  104  6137  -103  179  4614  4612  -4611  -4676  -101  4674  4522  7804  -3612  -2445  -3228  -3227  3226  -1042  7744
contig 87
  7329  -4976  4975  -4861  -1436  6921  -8083  -5445  -5446  6510  -5398  -2725  909  2723  2724  -6077  2682  -2683  1642  -4965  4952  4966  -4967  4968  -7131  228  -8085
contig 88
  -6189  6188  3424  -3423  -3577  -6748  -3490  -8488  3486  -3485  6200  -3487  3488  3489  3491  -3492  -3493  -123  3495  -525  6636  2214  -2215  -2216  -485  6653
contig 89
  -4120  -4121  -3778  -81  3960  -1271  -4012  -3964  3965  3967  -7432  7824  -1746  1745  -2670  -7433  4795  -4796  7435  1618  4738  1212  -1278  7436  -7437  7438
contig 90
  2412  -8400  3570  3569  -2408  -2407  -2427  8236  -8441  8231  1138  6745  -3497  -8667  520  5644  5645  -6534  -4659  4658  -6804  -4655  4652  943  -1524  -6535
contig 91
  -6800  -2939  -1205  1252  -4111  -3808  -3758  -4760  2672  -2832  -820  884  -4789  4706  -3757  -3864  -3862  -822  -7549  -1264  -824  -3818  -2754  -2875  4157  -8026
contig 92
  5608  5607  5773  5774  -5775  1562  -7728  -7729  -7960  1146  -3428  3427  3425  8599  -2235  -2234  -548  -2232  -2231  3392  3393  -3395  -3398  -3400  -8597
contig 93
  -6715  3024  -6496  -1909  1910  1912  1915  -1917  1918  2947  8273  2948  6628  5235  -5214  5256  5216  -5257  8066  -2942  5218  5220  -5258  6816  6817
contig 94
  7793  -3979  4063  -3978  1277  3977  -1232  -4735  7434  -1620  -3976  3975  1210  -3971  -3969  -3968  2808  -3781  780  -925  -926  927  -928  -2728  8291
contig 95
  3340  -5852  7356  2212  536  -2211  584  5849  -5848  -5871  1168  -1541  5543  1540  -5821  1093  6174  8165  7727  8225  5869  -967  8665  6722  5613
contig 96
  -5892  232  -1688  5409  5410  -1659  -1676  -1673  1670  -1669  -7485  8088  7514  8264  5312  5313  1466  -4839  4911  -4837  4833  4912  -4913  6897
contig 97
  6681  -901  1458  4817  4818  4929  -4984  222  63  -133  898  1682  1680  247  7164  132  -60  -7487  -4824  220  -218  4897  -7508  -8094
contig 98
  -3720  7260  -3247  -3246  7806  -2457  7762  -1035  8240  3243  -7772  -7419  3240  6173  -6172  1032  -3237  3235  -3234  3233  3232  1029  7778  7779
contig 99
  7498  1902  -1901  -1900  1899  -1898  -403  6350  4411  4498  -6455  5274  -2066  -448  -4769  -4777  -841  3907  -137  2936  8430  -2937  2938  8544
contig 100
  5442  4979  4980  -4865  -4866  -4867  4868  4869  -2905  -213  -4873  -8258  8566  -1496  -7347  -4996  -6435  6881  -4995  -4878  -8373  -4993  1517  8378
contig 101
  -7206  -2332  2330  5512  2302  2299  5993  -2415  -2295  2294  2293  -1533  5861  5862  526  -3505  3506  -3507  -3508  5776  5777  -5778  5602  8154
contig 102
  -4312  -4280  -4313  -4314  672  -5037  -5035  -1344  5034  -5032  -5029  -717  6021  -2645  2535  2567  -2566  -2565  6036  2564  1360  4325  -8610
contig 103
  -6903  6902  -5124  -5713  2533  2534  -6042  2624  8206  2625  6044  7003  -2599  2601  -712  -2603  -2630  4515  762  5128  -2604  -2605  8497
contig 104
  -4400  4399  -4396  1397  1314  -5222  -5224  5225  -5229  -5230  5231  -5232  5233  -1393  -6472  -5240  -6311  -5241  5242  -1391  1228  -4472  8345
contig 105
  -5130  8049  -7690  5173  -5174  -6901  -2626  -760  -5136  -5172  5131  4355  -4366  4352  -4351  -4350  4349  -4348  -4347  4365  -4199  -4200  8115
contig 106
  3724  1023  -3667  -3666  -3662  6249  3723  3661  -3660  3659  -6041  -127  1184  2460  -630  3656  7054  6211  6210  6209  1018  -6179  6178
contig 107
  6438  -689  8569  -4080  -4081  -654  -4082  4083  -4236  4379  7537  7833  -4233  -4085  -4376  -8113  -4187  -4190  8114  6550  6549  6318  -6548
contig 108
  6053  -736  -2611  -2524  2525  -5676  -5675  6555  -1334  -6899  -7132  -6910  6911  -8333  -6823  4205  8613  8615  4337  -4336  8334  6545  -8491
contig 109
  5317  7926  -5288  235  6506  -1429  -5460  5459  5005  5006  5007  5338  -4997  4998  -4999  8375  1806  -4938  -8372  8093  4940  -6884  -7128
contig 110
  -7953  3484  -2268  -8529  -5786  -6582  5840  5572  5838  -1153  -5837  5836  5569  -5618  -6527  -534  5545  -5544  -583  -5870  1155  -7958
contig 111
  -4029  4027  4026  -140  4024  -7184  4154  -4155  7429  8009  -3743  -4011  -1235  7063  -2845  -2805  4156  -3993  -4720  -4721  1270  -4722
contig 112
  6361  5647  -6373  4512  2640  4079  82  2776  -2777  2778  7283  -2809  2810  2817  -842  2820  -2821  -2822  8294  -7890  2825  -8293
contig 113
  6369  -1053  -1103  -3252  -1057  7425  -7426  -6134  -3633  -3616  -3618  -3619  -2439  -1076  -6135  6159  3202  3203  3204  -3206  -2441  7769
contig 114
  5383  1480  -7165  -5382  5380  5379  -5378  6514  -5377  5498  -4948  -4949  4950  -1759  5884  -1760  246  -1761  1762  -1842  -1843  -5917
contig 115
  -7301  7300  -7072  -7071  5672  -4339  -4340  -4342  -6999  -7002  -695  4344  7650  -5677  -1488  1487  -5719  4358  -5720  -735  -7979
contig 116
  -955  -8348  4174  4173  -4490  447  5328  354  3042  356  -3043  -6101  -6081  -353  6609  -5947  5933  -5932  1943  390  5324
contig 117
  5363  1499  -1498  -2109  41  -2107  453  -6490  1418  6384  -415  -6862  -4556  -4169  4557  -4558  -197  6108  4559  -2011  -5958
contig 118
  5365  6928  -6929  91  2122  312  -1733  -443  5366  -313  2123  -5938  2124  -2125  -2127  43  -2128  -2126  5939  1968  -8578
contig 119
  -5294  -5293  -1913  3026  -3025  2955  931  -2033  8363  -1908  1907  -1906  1904  1903  2941  -331  -7871  -2943  -4499  4401  -6348
contig 120
  8646  -3546  -3545  8397  -530  3544  3543  976  -3404  -1154  -2291  -5822  -5823  -1170  7371  5850  5851  585  -5872  5620  -8663
contig 121
  1752  -6605  6495  1513  1514  4871  -4872  4874  -4875  -4992  -4876  7881  -4  -5345  -5499  4882  -7125  77  -5289  -2861  7009
contig 122
  1645  1643  1803  254  5399  8108  225  -1689  -70  2694  -2693  2692  -6603  -8570  1651  1650  -1648  1789  -1788  2686  -7859
contig 123
  2203  -6650  7959  3328  5548  5549  -1547  -5550  5552  -1549  5794  5796  -5797  6193  -6259  3735  -8151  8141  8152  7636
contig 124
  6236  -3728  -645  6918  -1388  6383  -6312  -4471  5246  -5245  5244  -1390  -1226  -4385  6364  -4386  1394  -6365  -6366  6381
contig 125
  -3297  -3273  -1022  -3271  6296  7602  -5906  1737  -162  -1740  6964  -4596  -1412  -1413  1415  -4541  -4560  7907  622  -6207
contig 126
  7156  -6093  320  -5940  2131  2106  321  -3088  -3090  3091  3092  -3093  3094  -3095  2115  326  2117  173  2118  8218
contig 127
  -7944  478  2344  5973  5972  -5971  -580  5809  2421  -582  5693  7365  -5696  -1343  5044  5043  2578  5701  4202  8112
contig 128
  6272  -1255  8461  7449  4702  4701  4700  4699  4781  -4698  4697  1284  4780  -4696  4694  4692  1422  -7445  7750  -7394
contig 129
  -7992  6374  6375  -4254  -4514  2642  2504  2505  -2507  740  2508  -2509  2510  -6362  6363  -2512  2514  742  -2651  -8540
contig 130
  6941  -5623  5622  -5621  -1543  5873  -5789  -3325  3690  -5788  -5787  -3494  5842  5841  5839  -1295  5570  1542  5568  8527
contig 131
  3737  3699  -7613  -7614  7952  3368  -3369  3370  -3527  -3374  -1110  -498  -3516  3515  -3514  2171  2173  7948  -2174  -7210
contig 132
  -1373  -4486  -6080  -351  5934  -5936  5948  -355  7252  357  -5950  5951  -2065  8630  -8352  4493  8058  5273  8057  -4172
contig 133
  -2720  -2719  2882  -899  -4820  -4821  -1683  905  4822  -4945  4823  1700  1699  1698  1677  -5494  -2715  2714  -1640  -7855
contig 134
  5595  -6537  -8174  -2358  491  3696  -3697  -3698  489  -7947  2224  2223  2222  -7965  7964  -2316  -5999  487  -3524  8520
contig 135
  -4759  -4758  -817  3809  -3811  -3812  -3813  -4117  4116  -4115  4114  -823  2830  2829  -869  7540  3863  -2873  2828  -6688
contig 136
  5576  -8175  497  -2364  509  8149  2365  -1044  -3741  -2367  3382  3381  3380  -7949  3378  -3529  -510  -5756  -5757
contig 137
  -3859  821  -1607  1606  1605  -6970  6783  4057  -856  -2851  -3883  3882  4151  -876  -6429  5899  -5900  5925  -5926
contig 138
  3902  -833  -3755  -8177  -2920  2921  -2922  2923  -834  2924  -4214  -4213  840  -6060  2934  3917  -6264  2935  -6056
contig 139
  6708  330  -959  404  2032  -1905  -5221  -5259  -6347  4497  7093  4496  -4495  -929  4494  -3946  4492  6845  6843
contig 140
  -3351  -3352  -3547  8304  -7611  -2143  -3355  3356  -492  2146  -2147  -2148  -7951  -2149  6645  -5998  -7211  6230  -7969
contig 141
  6278  6277  4040  -3930  3929  -862  -6275  3924  -1279  3923  -1616  3921  3920  -3995  3994  7795  2765  2671  8247
contig 142
  -2105  8287  243  2644  2563  297  -7220  -714  6669  -6668  -6667  -6657  7001  -713  6677  -6674  -771  6046  -7221
contig 143
  -3600  3706  -3602  1009  -3604  3606  -3707  -8012  -3159  -1082  -3164  3166  -7256  1045  3286  7058  -904  -7232  6679
contig 144
  6979  -5277  6794  -6795  4091  4093  -1402  6352  3034  3033  363  7494  424  -359  7493  4423  -7483  7831
contig 145
  -2654  -749  -5088  -5087  4234  -5086  -5013  5083  -752  2487  -753  -2489  -6671  -2490  755  -4934  4932  -4930
contig 146
  -6822  1294  -4292  -7657  -4143  5680  6556  -5679  -5678  2522  -2523  -7980  4145  -6803  -8315  6004  -5673  8614
contig 147
  -4500  1911  -1409  -4402  5217  -2944  5219  -930  -957  329  2068  -450  5952  -2067  7197  -7195  6976  5937
contig 148
  5434  8474  7847  -7391  4800  -4801  -8268  -1448  -5370  5371  -1792  1825  -1826  1824  -2902  -1823  -1822  -6606
contig 149
  -6213  6215  6216  -6217  -1036  3245  -1033  -3301  -3300  3299  6122  -3239  3238  7773  -3645  3642  7774  7775
contig 150
  -5752  3396  -5636  5635  6943  578  -5633  -5767  -5766  5758  -5587  -5765  5764  5763  2180  -7705  5755
contig 151
  2618  2530  5113  -4346  -5114  -5117  5070  -5660  5661  -4086  5115  7841  8465  7874  5665  -5668  -4273
contig 152
  204  4762  806  -1243  6263  -3763  -3764  808  -2844  -2797  6683  2800  7011  2803  2846  -813  6055
contig 153
  4748  4747  -885  4746  1427  1423  -1426  1424  -1617  1276  1275  4737  4736  1289  1288  1211  5883
contig 154
  -6317  1308  -1181  8434  -6810  -4226  -8189  1854  -4225  -180  -1853  -1593  -178  -3715  -3189  -7480  -8464
contig 155
  4752  4751  8030  -1747  1624  -84  -1623  -1622  -5878  -7324  7759  7757  -6870  6871  7325  6971  -8553
contig 156
  4294  -2516  -7674  -2632  -685  -650  4448  -4449  -2561  651  7081  -5681  -1486  5069  466  -5155  7339
contig 157
  -6054  -748  2475  -4377  4375  -4231  1383  5141  751  -702  -703  2657  2488  -754  5138  -5137  -6906
contig 158
  -6854  -6405  -7105  -6855  4525  -194  1096  1097  3277  1840  1841  129  -7743  4634  -4635  -7745
contig 159
  4038  3922  -4039  8016  -1615  1614  1613  -1598  1597  -1596  1750  3796  -4099  -3797  3798  7894
contig 160
  -7794  3952  -2839  -2675  -866  8431  2940  7237  6062  6061  -6292  8416  1223  -8559  -3998  -8463
contig 161
  -2087  -3068  86  -2088  3066  373  5956  5957  7190  -376  -377  6610  1973  1974  408  -8297
contig 162
  -7844  -6923  -7878  4813  -4811  4810  -4805  -4804  4803  7389  -7390  4799  -4808  -4807  4806  -7845
contig 163
  5251  951  -434  -1408  -1493  -1495  -1407  -1945  -8563  -338  5254  4501  4403  932  -337  -8365
contig 164
  2095  2096  -2097  2136  -2098  2137  -2099  3130  393  -2138  -3132  -8181  -244  1707  -2103  -3107
contig 165
  -3701  -6202  3358  -122  -7968  3694  -3357  2145  -2142  -2357  6646  -2141  -488  7966  7633  -8150
contig 166
  -3895  -2876  8624  -7553  8479  -7591  -3846  -2819  2818  -6799  7555  -7556  2815  6875  6869  -6867
contig 167
  -599  -476  2314  2257  472  3445  3444  3443  -3442  3685  -3686  -3687  -3688  3437  7647  -8438
contig 168
  -8437  8444  513  2385  -579  3426  8399  7630  3386  -3387  -3388  3390  -3391  3394  3397  -8490
contig 169
  -6782  -7285  -3899  -3847  -6781  843  -3848  -844  -6684  847  -863  -1286  3958  -3956  4704  -8243
contig 170
  71  1657  -1692  1658  4884  4921  5407  -5406  -5405  5404  5306  5305  1647  2689  -2690  2691
contig 171
  2018  -2019  -7344  1399  5194  -438  8029  3008  3009  3010  -3011  1987  -370  3012  3013  -3014
contig 172
  -7551  -3822  -3891  -3754  -826  -1281  -825  -4108  3817  -3816  4107  -4106  7895  -4105  7080  8046
contig 173
  -6411  -3849  -3850  -3851  3852  -3853  -3856  -3857  3858  -2878  -3896  8045  -3897  6267  6797
contig 174
  4970  4971  -4972  907  -7862  -5397  5396  -913  -912  -4974  1475  4862  8260  -5392  -5391
contig 175
  -6303  -4092  395  -4502  6452  -2977  -5202  -5300  -5299  -3035  -2978  5298  5321  -5320  6481
contig 176
  3347  -1162  -2263  -482  -2264  -7645  5830  5829  -7176  5827  -7708  -3329  2331  -8168  -5511
contig 177
  -6966  256  1470  -5335  -67  -4958  -4959  230  4960  4962  -4852  4853  -229  -2881  8079
contig 178
  -6977  -937  1948  -7864  -2971  2972  -2973  2974  2975  -7244  -7495  7826  2976  -362  -8275
contig 179
  -2967  3027  -8571  2963  2962  -966  8173  5824  7373  5860  5510  5509  -1559  1558  -5508
contig 180
  -5223  -5226  5227  -5228  1396  -4390  -4389  -4388  1395  -4387  -6308  6309  5234  6807  6808
contig 181
  -6148  6149  -3343  3344  -4636  4521  8255  3611  -130  -6226  -1066  -3714  3716  1751  -8022
contig 182
  -5772  -3307  -3308  -3309  3461  3460  480  -3459  2260  -606  -2258  -2345  -559  560  -6233
contig 183
  948  332  336  -5255  -949  -6479  -5333  -5290  5325  343  3015  7695  -2035  6616
contig 184
  -5203  1491  952  1490  3016  -6085  -3017  3018  -3019  -3572  -1129  6750  -6191  6192
contig 185
  -6513  6516  1435  49  245  -4880  6418  -4937  97  4936  5463  -1431  5437  6938
contig 186
  3718  -3717  3589  1188  -1002  1069  -6131  -6130  -119  -158  -8420  8655  -4228  -4227
contig 187
  7929  -7928  3429  3430  3431  -3432  517  -6747  -1152  -3435  3436  -3440  8445  8439
contig 188
  -4485  -4484  -4483  4432  4422  4421  1946  -4420  2077  5945  -1965  2039  2040  8054
contig 189
  409  410  1863  4653  7731  6806  -6805  4654  -121  -3372  -3373  -1109  -1111  -7268
contig 190
  7238  -5487  -66  -5429  5428  5427  5426  248  -5922  -1787  -144  4103  -7393  7917
contig 191
  4153  4152  890  889  -2737  2736  2156  8284  -1290  -4734  4733  4731  -2847  -4728
contig 192
  5914  -5913  5909  -1883  -8223  -1881  -6587  1879  1878  -187  185  -5912  1875  7189
contig 193
  2243  -2245  2247  2248  2252  2392  -2393  8519  -469  -5632  -3555  5593  5634  5596
contig 194
  -3732  642  6224  6223  1004  8547  -3231  -1070  -3186  -3183  3181  5881  -1000  -6593
contig 195
  -2267  -3464  -1137  -5518  -8525  -8526  5521  -5523  -5524  5525  5526  -5527  -3317  8163
contig 196
  3785  -3784  -3783  -3872  -3782  2730  -80  5905  7431  -4726  -1272  4794  -4724  3961
contig 197
  4042  -1217  3992  3991  4044  3990  3989  3986  1268  3985  6785  -3984  861  -7291
contig 198
  -7177  5846  -5782  5804  5803  -5781  1553  3736  1119  -3681  1120  3680  8591
contig 199
  -6129  3172  -994  -3174  -2435  -7771  7481  3177  -7478  7479  7741  8656  -8531
contig 200
  -7798  4013  1204  6774  -4755  7281  -3805  -3880  3881  -3756  7678  3884  -8025
contig 201
  -1927  1928  -1930  1932  382  3590  3591  -3705  -3595  -3597  3598  -6759  7278
contig 202
  -5863  2413  263  6141  2296  2297  -2298  2301  8608  -3549  -3548  -1195  7957
contig 203
  1848  1838  -8417  -1980  21  8637  -3072  -2003  -2092  2008  4224  4223  -4222
contig 204
  6323  -6324  -4338  4341  -1350  265  5674  -1544  2198  -3457  -1545  1546  -6753
contig 205
  6833  6344  -6345  -4428  2979  -6288  5200  5198  1405  -4474  -4186  4184  -8070
contig 206
  -7304  -6819  -4272  8272  8271  4271  -6295  -4270  4269  -4094  4095  -1381  7333
contig 207
  -1489  -5252  435  -2080  -5931  2062  341  -8504  2061  -2060  433  340  6629
contig 208
  4381  2506  -5098  5103  5178  5105  -5108  -6443  609  -611  -6020  6439  -7334
contig 209
  -4540  -4579  7566  306  -7565  -4163  6297  4162  8036  4580  -1741  8048  -7562
contig 210
  7539  -649  6820  -4248  4247  688  -4244  -4243  -4241  4240  -4239  4238  -8131
contig 211
  4398  4397  1398  -4395  4394  -4393  -4392  -4087  -4391  6382  1969  4595  -7569
contig 212
  -7598  3071  -7912  2998  -7913  -6502  -1813  -7607  1812  1835  1834  -2119  -8288
contig 213
  -4069  -4068  -4067  6305  6304  364  8075  8369  -7501  428  -6916  -7145  -6460
contig 214
  2195  544  7050  -3682  -545  3456  1128  3455  -3566  -3453  -3565  8139
contig 215
  7172  -1352  -682  -6340  -683  4298  -4297  2498  660  -1291  707  -8332
contig 216
  -1770  -1727  -1728  -1729  6597  6963  -4532  4531  -4530  -4529  -4528  -4584
contig 217
  6018  -2579  5047  5046  -5045  -6847  -4456  -5042  674  -5039  -5038  -8331
contig 218
  -6560  2612  -5726  5725  -5724  -5707  1359  5706  -5705  764  -668  -7651
contig 219
  -6584  981  4633  -4632  4647  -1864  4669  4648  4670  4650  -1886  -7740
contig 220
  -6026  6028  -2477  -2478  699  655  -4188  4189  -4191  -4373  -4372  -7087
contig 221
  2908  212  -5009  5008  4983  4982  -20  -4981  4864  4978  -4977  -7130
contig 222
  4404  5204  -5205  -7503  -7830  -7502  8074  -3052  5206  -5253  -396  -6932
contig 223
  3731  3646  3298  3242  -8011  -7418  -1034  5091  -2480  -763  745  -7876
contig 224
  -8019  -8018  6147  6146  3218  3217  3216  3214  6145  636  6368  -8447
contig 225
  6237  -1010  1011  3229  -3230  -617  619  -1015  7906  -7893  -7904  -7903
contig 226
  -7341  6471  5236  -5185  5281  4384  -4438  -8003  -7984  7985  -5237  -8326
contig 227
  -8227  518  2386  -2241  574  -2240  -2239  -573  969  -3551  1147  -8408
contig 228
  4791  4708  -3890  -1218  4678  7401  -3928  3927  -3926  3925  -3750  7292
contig 229
  1365  1366  1367  -7702  5716  -4443  4333  -1363  2536  -7981  8317  -5711
contig 230
  -6813  784  6777  -785  787  2677  -3875  6265  3787  -1257  -860  7544
contig 231
  5944  1924  1923  -333  -1922  432  1921  -1920  1919  1916  430  -8572
contig 232
  3333  -3334  3336  -3337  3338  -524  -2272  -2426  -3689  3691  -3483  -3482
contig 233
  6655  -6640  -6994  -591  5519  3310  -3311  3312  -3314  -3315  -8162
contig 234
  -4473  -4427  -4429  -4430  -4431  -8072  367  -3057  934  954  8506
contig 235
  -6359  6358  6357  4479  -4181  -8060  8368  6102  -6983  4478  6458
contig 236
  5910  -192  -1884  191  190  -6852  4668  -6400  984  3676  6255
contig 237
  -7289  4037  -1621  4008  4009  -7557  7397  6274  -7558  -2813  7896
contig 238
  2883  -2885  2855  2856  239  -1756  260  -8270  261  -262  6607
contig 239
  6380  -7309  -4507  -6835  -6379  -4506  -4505  4504  1055  1075  7047
contig 240
  -1801  1674  -5411  1468  -4918  4917  -8087  5388  -5474  4916  6437
contig 241
  4536  -6821  -5359  8392  422  1978  1977  1976  -442  -95  7181
contig 242
  6412  8006  -4775  -4765  -4766  4767  846  4776  7456  -4705  -7117
contig 243
  -2337  2336  -2335  -2912  2913  -2334  -2405  2325  2324  2322  2404
contig 244
  -547  2381  2229  2228  2227  -2226  565  2380  537  7037
contig 245
  -6445  -5146  -6444  -5144  5121  -5120  -7338  -5092  -1382  7142
contig 246
  6110  -3063  6109  -378  -2999  6701  -7246  -3061  6699  7586
contig 247
  6002  2256  -2394  -2395  473  2313  -474  475  -2315  8601
contig 248
  -6842  6841  -1048  4170  -5247  4171  -5248  7475  1073  -8346
contig 249
  -2458  612  3719  -7428  -6919  -5278  1322  -4509  -7095  6371
contig 250
  -2539  -2541  681  -682  -2543  -728  5064  4463  -5065  5063  5062  -727  2542  -2540  -5058  -2538  767  -2650  -5055  5054  4453  6898  724  143  4048  4049  -4778  -4779  4691  -142  4050  3945  7445  -4692  4693  -7326  4696  1599  -4051  3943  -1600  1601  -1602  4689  -4688  4687  -1283  -1282  7758  4680  -3831  3834  -2769  -2669  -886  -2770  -6696  849  -3942  1251  4103  2774  7917
contig 251
  -4110  -3822  3821  -3929  -3819  -4040  -1596  3934  1213  -6278  2668  799  3799  -3801  3749  3803  1204  -4014  -4151  -3880  3883  -817  7678  2851  818  -3813  -3809  -3884  3756  3882  -3881  1207  -4016  4015  203  4784  -4754  -4013  4102  4101  -2744  798  -3802  138  4028  4026  4025  -7820  7821  -8460  -7183
contig 252
  5160  -4456  -7991  -2577  -5040  -5038  -2574  -4280  -4314  -5722  4316  4317  -4318  -1344  4359  5723  1521  1520  -1519  8609  -764  2567  -4462  -4567  4568  -4569  2989  -3117  -2140  2139  -349  3103  -5361  -963  1347  -2527  -1362  -4329  -4330  -1326  -4356  -5710  -771  -2536  6046  1363  5124  4443  -7099  4335  -6003
contig 253
  6645  -7211  3576  -3362  -3364  -7614  -2362  -3369  -8403  -2363  497  1725  -1724  1723  -1722  -1721  -1719  -171  1985  -8224  345  -3129  -3100  -93  -2096  1714  1715  -1768  172  -2985  7900  -4551  4552  4167  4583  -941  -320  3122  -3121  -2130  -42  2982  3119  6091  -314  5938  1968  -1732  -8578
contig 254
  -4029  139  4027  4761  -140  4045  4024  4023  -7184  7429  -7822  -3743  -4010  -3744  7823  -3745  6261  813  2805  2804  2666  -2665  4723  -1234  7888  -7887  -4771  3766  -3765  -809  2844  3762  -2795  2793  805  804  2789  2786  -2784  -3759  -802  801  800  -2841  -6697
contig 255
  2397  2200  -59  -3683  -1112  3684  -3740  -1114  -3559  3470  -2306  -2307  3472  2310  7940  2311  3474  5506  1554  -7370  1088  2347  3478  -3562  3481  3448  -979  3451  3680  6259  -978  -5994  5797  5554  -5552  -5551  5550  -543  7931  2193  7198
contig 256
  -6615  395  8362  5320  -5298  1958  2978  1957  3035  5300  427  7494  7495  1954  -2974  -2972  -7829  7864  -1947  7496  -7868  1967  -6104  7869  7870  -7484  4419  2058  -1300  4417  1962  1960  -7499  -8370  -4414  -436  -1959  -2017  8052  -8051
contig 257
  -1780  -1753  -1754  8041  17  1782  239  44  260  -45  -2859  920  -7165  5380  -5378  7125  -280  279  -1784  2  1804  -4949  5497  6516  7926  -4890  -5288  -1434  -5287  5464  5463  -1776  -5903  879  5005  -946  -4894  1790  124  -6521
contig 258
  6812  -4159  4160  2783  3760  -7577  -2788  3761  -2790  -2791  -2792  -7287  -2794  4161  -807  6263  -3764  -3887  -7579  -8044  4154  7474  7062  2801  -2802  -7581  -3772  3746  -3774  -3775  3778  -4725  3965  -3966  4726  -5905  1745  -1620  4795  7434
contig 259
  3511  6191  2198  5548  -1547  -5792  -5793  -1549  5553  5625  -7253  5866  -8233  1086  3350  5626  -3324  5627  -5629  -5556  2346  -1143  5557  5500  -5630  -5628  1087  1553  5867  -6163  5798  1550  2377  -8139  2205  -2376  -5784  -3452  7946
contig 260
  -3528  -3376  8149  -8518  3514  3516  1110  1109  3375  2167  8604  -496  -2163  -564  -2361  2161  2158  2156  2154  -2151  -1256  -2150  2360  2149  2148  -2146  3694  3696  -3698  6646  489  -488  2224  2222  -3517  -3519  3520  487  -3571
contig 261
  2870  2759  -2760  -827  8285  -2761  -2762  2765  2766  -7017  2768  2872  -3832  3833  1249  3941  1250  -2771  2773  -2775  -7393  -4104  -887  2776  2778  852  -7750  -136  -3947  7799  -4694  -8242  1627  -3948  -1253  4780  4695  7446
contig 262
  -4797  4807  -4799  -4801  1666  1447  -1448  4809  -4810  -7848  6924  5432  5489  -5488  5341  -66  8095  249  -5429  5427  248  8263  5386  -5340  -4928  4817  542  4929  222  8377  -4985  8104  -5468  -5339  -8102  -1459  5465
contig 263
  -2876  -7553  -7591  2822  8281  2821  -2819  -2817  842  -7398  6870  -7759  -4009  -6868  -1624  4751  4037  -4004  4006  -4007  4008  -7324  -2810  7325  -8553  6798  -8479  -7890  -8293  -3851  -3853  -4764  4776  -2878  -3896  6267
contig 264
  716  -709  -5025  -5026  1377  4444  -5028  5030  -2569  718  671  5039  8196  -5042  -8318  6847  -675  5698  1355  4307  -5693  -5692  4305  -678  2585  710  -722  4458  2580  -2579  -721  5044  772  2578  5702  8132
contig 265
  -2427  2320  -2319  -2318  2317  569  -2188  -2187  2186  2350  -2185  2373  -2371  2370  6643  2183  2181  2368  603  -7949  7617  3378  2177  -2173  -2172  8606  -509  2170  -3515  3374  3372  -3371  -3370  -3368  -3367
contig 266
  1760  1759  276  277  1796  6  -1758  7118  1778  1785  -5496  -4950  278  5377  -1774  -8040  -1773  76  -75  48  2880  246  235  4881  -4880  -4937  4936  921  52  53  -6067  2901  2886  -1763  5885
contig 267
  5335  4953  5454  -5456  5409  4842  4923  4884  4920  -1659  8089  4841  -1697  -232  -1656  1655  67  -1802  230  7520  -5406  -5452  4961  -4852  5449  5451  -5404  -8097  -4962  -4851  -4960  4959  -4850  -4847  7843
contig 268
  -1831  1827  4982  -4981  -7159  7529  4978  -7130  -6436  4977  4979  -4864  -4865  20  -4983  4869  7158  -1828  8468  1514  1517  -4990  8378  -4871  -4989  212  2905  5008  4867  -5436  4866  211  -4980  -5442
contig 269
  -2532  -4437  -5123  2530  -2616  -4436  -4434  5115  5180  -756  -5181  -5074  6906  -5184  5137  754  -2657  752  4374  -5083  -751  2484  2483  748  5089  -1034  4509  5278  1312  3647  -7806  -3719  3720
contig 270
  -5168  -5169  -5170  -5157  -981  -7743  -4635  -1842  1889  -99  3228  -176  -2448  -2449  3613  7780  3714  103  1853  -4615  -181  -4616  3615  -8464  3192  1196  1197  -1198  -8191  4645  1897  1892  6810
contig 271
  3269  -3270  3271  -4565  1303  -1185  -3659  116  3256  3255  -3668  -3667  -3665  -3662  3723  -3658  114  4600  4602  4118  -1306  -1064  -6673  115  -1023  -3258  -3259  -3261  117  -3626  3627  3628
contig 272
  -4897  -4896  6420  4824  221  -1640  1639  220  -4895  4898  4825  -1461  -4899  -7854  -1687  1637  218  4885  -219  -1638  1641  4947  -1677  9  2717  -905  7857  -1682  -7856  -1684  -1686  -7852
contig 273
  3982  1610  -1611  1612  -4706  -884  -3859  1369  -4130  -4021  -4020  6783  -1261  1209  4057  -4018  -856  3955  -4703  -864  6270  -2916  3956  4054  -1220  -7456  -7752  8244  -4767  3857  4766
contig 274
  4728  -4729  7824  -4731  -4732  4735  -1289  -4737  4738  -1275  -1278  -1424  -7437  -1427  -4747  -2767  -7798  7440  -2745  4055  855  4757  4758  -4111  -7396  -4017  1233  -1259  -4760  -4019  6970
contig 275
  5525  605  1135  7264  1133  -1131  6181  477  3348  31  -5531  -7716  8156  5533  5813  5814  -5815  -7718  -530  -5507  -5541  -1540  583  -2291  -1168  -5822  5848  7371  -5849  8159
contig 276
  5114  -5113  -5116  -5117  5071  -5073  5076  2490  2489  -2488  -5139  5082  5133  5142  2486  2656  -2475  5731  -5653  5652  4236  4237  -4238  -7876  654  5107  -5108  5109  -2502  7992
contig 277
  -2701  -2702  -79  -2704  2706  -6691  -2710  5417  4834  4832  -4908  -5482  -4831  1464  4903  -4902  7510  -4829  -4828  -1462  -4900  -1702  1636  1701  1633  1632  1630  1691  -12  2711
contig 278
  5410  1675  -1676  1674  -1673  1672  1670  2700  -1669  -7485  5311  5413  -5389  8267  -7531  1664  209  -4839  4838  4911  4910  -5479  -1465  -4909  4906  4905  4904  -5483  -1463  8573
contig 279
  5757  510  -2174  -2175  2178  2179  3530  3379  -3381  7950  3383  -3385  -410  3405  -3406  -3407  -3409  3537  -6185  -3496  3498  3499  8600  3500  3497  -1138  -3501  -2305  6183
contig 280
  -5758  5767  -5768  5740  -578  565  -3522  537  -7632  2316  -6000  7178  -8143  3738  2142  491  968  5518  -5517  1534  -5514  5827  -5825  -2295  7936  2294  -6141  5862  5863
contig 281
  -1607  7413  -7084  1605  1604  4445  -5027  5029  5031  5032  5033  -5034  -5159  5035  5036  5037  -719  -6031  -2573  -4146  4128  -5706  -4323  -4324  -1359  5724  1329  7731  -6805
contig 282
  -3044  -3046  3048  -3050  -328  -329  451  -959  3024  3025  -6496  -1909  -331  1910  -1911  1912  -430  1915  -1916  1918  -1919  2947  2948  -332  333  -1926  -335  -5331  -6479
contig 283
  3118  315  -3114  -3115  6107  -90  4558  4169  6862  4555  415  -5367  -319  2131  -453  2106  2107  2108  2109  322  -323  324  -8577  394  2099  2098  2097  -6486  6485
contig 284
  -8073  -7497  -8274  -1966  1965  777  -5945  6986  -2077  -4072  -5190  -5187  5260  -4422  4424  -7493  -4068  4484  -4067  4426  402  -2952  390  -1941  -5946  6975  -7698  -8386  8396
contig 285
  -2293  2296  2415  -2299  2301  -2302  7707  8168  1187  3329  -3330  -3332  3346  -5829  7645  -3307  -591  5503  3461  480  -568  5522  590  1535  -5832  -5833  -3313  -3315
contig 286
  2353  8593  -2355  -532  5870  1541  5871  -5616  6527  -563  5618  5620  -5568  -5569  -1542  5837  -1145  216  -5839  5573  -5840  -5841  3494  3493  -3490  -3488  -6200  -3483
contig 287
  3736  -8152  1119  3447  3449  -8141  -3563  8151  5780  2378  -3564  -1555  -5843  6578  -5859  -5808  6164  596  -5560  5559  -1141  -3561  -3475  -3477  3479  3480  -7624
contig 288
  -3936  -1595  3933  -3931  4678  -3928  -4745  -1613  -3926  -4744  -4742  -1279  -1616  4740  3921  3920  3994  -828  -2763  -8286  3826  8587  859  2824  -6684  -846  -8246
contig 289
  5575  494  3366  7970  -3365  7613  3363  -2155  -2152  3361  -3360  -6202  -122  -3695  -3356  -3697  7611  -2141  -486  -7964  -7633  -3352  8304  3354  -3355  -2145  5759
contig 290
  -2812  -2814  7243  7556  6799  3845  -3847  -3849  3848  -8294  6781  -3846  -2820  2818  -2809  -7554  3899  7555  -7242  -7757  7397  6875  6274  -3865  7240  8620
contig 291
  -3868  -783  -2733  2670  4733  1746  -2847  2730  2727  -3871  8023  -4121  3780  3779  814  3777  -3776  7914  2806  7235  -2803  812  -811  -2800  810  -6683
contig 292
  4304  -679  -4284  5669  -7648  -4454  -1327  -1340  5688  -4302  6801  1353  7975  4300  680  -8428  2544  -2497  660  2548  -8534  1309  -7675  5066  -1338  -8197
contig 293
  -4464  2546  -6019  -6005  769  -4295  -1337  -2555  -2556  -2557  7987  -5017  8329  -2517  651  2518  7081  -1486  5018  -4292  -4287  -4286  -1335  5680  1351  -7089
contig 294
  -684  -2549  -2547  729  -2498  -2545  683  1375  7649  -768  1352  -5687  -6546  -725  5057  -1320  -8204  -2638  2639  -5150  706  7090  6378  708  2550  4466
contig 295
  -6429  1808  -1453  1454  -7850  5303  5302  5428  -1457  -4926  -4927  1444  -900  -4984  5469  -133  -4820  -1428  -4821  5422  -5421  1681  -1679  -916  7164
contig 296
  7268  498  1111  3373  3527  8147  -495  -3702  -551  3704  -2160  2159  -2157  550  2678  2737  8278  -2738  892  1240  894  -872  923  848  8342
contig 297
  -7885  -215  4827  -4826  -6421  -1460  2715  -6878  -4822  -4988  -4986  -7530  8103  8635  -6431  -898  1685  -5425  -5307  7879  5310  5387  1443  4815  8509
contig 298
  2864  -2863  -1772  275  -1777  47  1779  -5  -4  -4874  4873  4991  2908  -2906  -2894  -1513  -1512  -5435  5440  -2890  1825  1824  -8117  -1822  8390
contig 299
  3703  7952  2162  2164  2165  2166  -2168  -8489  8314  3377  5764  1590  3033  -2976  -2975  360  2973  2971  1950  -426  1946  -7483  -4420  4071  -7294
contig 300
  -1929  2969  -2968  -2967  -383  2966  7020  2965  2964  2962  2961  -2960  2959  -966  5824  5860  -217  5510  -1533  -263  5861  -2413  2281  2284
contig 301
  6133  3264  -1006  8451  7808  7475  -3268  -3290  -6165  -3293  1007  6166  3211  -636  3215  1011  1124  3229  1013  -3230  6728  3279  6117  -6169
contig 302
  7281  -854  -4056  -4785  1252  -4787  -3808  -8025  819  2672  -4115  4022  -4789  4790  7457  8251  -2568  -4281  7989  5671  4460  1360  5707  -8610
contig 303
  4791  1263  -1609  4059  -4792  -1608  6876  1265  3984  -794  893  4711  891  -1267  -1268  3753  -4713  890  -3990  -4717  -3992  2679  1238  8284
contig 304
  -7905  -2981  3110  2121  -308  -4578  4579  -7319  7568  199  -4559  -4595  7570  416  -1418  1970  -5940  1971  417  -4554  6384  940  -4168  8299
contig 305
  -3791  -793  3789  -792  -3752  -4719  791  -3787  789  7544  -787  3786  1619  -7542  -3784  -2734  2732  2731  2728  -80  7431  3747  3964  8248
contig 306
  4038  -4039  -1615  1614  -1598  -7401  -2756  2754  3890  2874  -4708  -4707  3757  -4114  4117  3812  2751  857  -8292  -2750  2747  -876  -3804  -6774
contig 307
  -1564  1565  -3536  3410  3535  -2420  6198  -3384  3533  -3532  2369  -2182  1122  3382  3380  -7619  3741  -2366  1044  -2176  -7948  -7963  -2171
contig 308
  3969  3970  3971  -3972  3973  -1210  3974  -3975  -7433  3976  888  -1288  1232  -786  -2677  -1211  -4796  -4736  -1276  1426  -1423  -4746  -4748
contig 309
  -4219  156  -1867  996  -1886  4651  421  -4671  4672  -1887  6585  -1858  1859  -3725  -644  -3726  -7229  -3727  -6236  -1010  -6250  3630  6251
contig 310
  -6010  -4560  289  -7892  -1734  286  7904  -620  6170  -1016  6007  6177  6119  6179  110  -6120  629  646  6210  145  6248  1018  -6142
contig 311
  -6132  -3177  -2437  -7481  997  -2436  7771  -119  3174  -4526  2434  -8446  -3172  -4228  -3171  -7770  633  7031  -4639  4640  -8532  -989  -6859
contig 312
  -3133  -3106  3104  3132  -3102  348  -38  -1710  7574  -418  5941  2118  -2117  -2116  -2115  1720  4593  4553  -89  -3123  3086  6093  -6490
contig 313
  -6313  -4272  8271  -6295  -4270  -4094  4268  -686  4267  -5646  -5647  -5648  -5649  -5650  -5651  4260  -2501  7135  -4077  -6322  82  -649  7174
contig 314
  2386  -516  574  -2239  -2238  -1527  7928  513  -7929  1562  5743  3426  -7729  -5502  2283  -2282  2280  2279  -2278  3507  3505  527  -3503
contig 315
  -6560  4328  1348  -6332  4327  -5019  2612  -6669  -2563  -2564  -243  -6036  4461  2565  -242  5111  -715  -5112  2645  -7671  669  7993  -7670
contig 316
  7621  -2190  -6736  5504  3408  -5505  -2374  2418  -2349  2419  2351  2184  -2372  5975  -553  1123  6744  3534  303  -7181  318  7902
contig 317
  4759  1258  -4786  1260  -4788  3815  -821  6775  -1221  -3980  3981  -823  2829  -869  7540  2828  -7895  -4107  4108  -1218  4060  8015
contig 318
  1384  5081  5140  -5141  5084  5143  -750  -6832  5088  -5090  7997  -700  -2480  -699  4082  4081  4080  -4380  -1330  5147  1331  4244
contig 319
  3323  -5796  -5795  -5794  -6581  -598  -1548  -5549  3457  1129  1128  3572  -3566  -3565  2207  -2209  8140  -1120  3735  3681  5781  -8413
contig 320
  -1765  -4587  -168  -8287  -1706  4570  -35  4588  2010  -2102  -419  444  -37  4325  -4361  -666  -6657  -713  -6675  -6674  664  -6339
contig 321
  -5138  -5079  -5080  -2487  703  702  -1383  701  4376  4375  -4372  6550  6318  4085  4084  4233  -4234  7536  -7833  -746  -6054
contig 322
  4222  -4224  -1835  -1813  -1704  200  -4660  -4661  -4643  413  1989  -1991  1992  1995  -1996  -1998  2000  -5316  -2001  -2002  5955
contig 323
  3138  781  3141  3142  -3144  -3601  3146  1026  3147  1027  -3602  2592  1028  -3604  1079  -3707  3608  -8458  -3165  3168  -7256
contig 324
  -5061  -5016  5059  -5015  4303  -4285  -2496  -2495  2537  -5056  5163  -5053  -4452  5052  2587  -4459  -723  2581  -4306  676  -5697
contig 325
  -8120  -8119  -3022  -8118  3076  -3018  -3075  6085  -3015  -434  -2080  6099  6098  339  5208  4403  -336  1924  -1922  1921  -8273
contig 326
  1895  -1862  1594  -1891  -5918  -1625  5911  109  6150  -984  -4666  6410  -6858  -4668  187  -1879  -188  6587  -190  1884  -5910
contig 327
  2134  -2133  -169  -4547  -4546  -4545  -4592  4544  -7576  -7748  -3101  735  -6053  2520  -2519  7657  -1294  -4517  -2635  -8193
contig 328
  -2429  3590  -3705  3596  -3597  -3140  -3143  627  -8237  -3145  -6140  3148  1009  2593  3150  -3603  3153  -1081  -3156  5920
contig 329
  -2837  2336  -2335  2836  2913  -2405  -2326  3733  554  -7957  -2332  2331  5826  2329  8173  -2297  5606  -1559  1558  -5508
contig 330
  60  -4823  -132  4833  -208  5480  5478  -4836  4912  -5477  -5414  -4913  8380  -5476  -5312  -2703  -1695  -5388  -5412  4918
contig 331
  7765  7809  8550  -3170  -1045  8335  3164  -3161  8012  3155  3154  -3152  -3151  -3149  166  -3706  -1025  2433  -628  8078
contig 332
  -4887  -6513  -8296  234  6507  5317  6484  4886  6425  4889  49  -2865  -50  2866  -73  -2867  -72  1775  5437  -5461
contig 333
  3670  7766  3634  -3208  2441  -3204  -3202  -7768  3200  -1058  7426  -7425  -1075  3252  -1105  8453  -2455  2454  -2453  6014
contig 334
  2314  555  2257  2394  470  3443  -3555  469  -2254  -2392  2250  -3554  -2248  -2390  2389  2242  -1090  2388  518  8651
contig 335
  5716  4133  -5713  4134  4332  1296  8317  662  5709  4357  7305  -1325  4136  6907  -6900  7337  6441  6904  5020  5725
contig 336
  3989  3988  -3987  3986  -4715  6269  3985  -1266  6785  861  4710  -4709  -4793  1264  3983  -8253  822  -4105  -3863  7080
contig 337
  5896  64  -1694  -4816  -6430  1458  4818  -8636  -5486  -5308  63  -2720  2882  1680  -61  247  5495  1678  -7882
contig 338
  -5952  -2068  -4498  6347  403  452  -1899  1901  404  -1904  -1905  -1907  1908  2033  1903  -1900  -1898  5329  8629
contig 339
  -5969  -2194  -1130  -3328  -3327  -5791  5785  5873  3690  -8529  -5788  -5786  5842  -6582  -3338  -6175  -2215  -577  6653
contig 340
  -1698  -2716  -2718  -1700  4945  8110  1683  -5466  -5467  5423  5424  899  2719  7853  144  4046  -4047  850  -4690
contig 341
  6094  -6095  346  2094  2095  -347  -7921  -1708  -4572  -393  3130  3131  -5369  -2138  -8181  -7588  1707  -7901  -7590
contig 342
  -5565  5564  -3469  -5563  5562  5501  -2308  -2304  -2303  3560  1140  1115  3558  3557  6190  -2399  3414  506  7035
contig 343
  4514  -4513  -4257  2640  738  -5104  -5103  -5102  -5099  2505  -2506  740  -2509  -6362  -1332  5728  5658  688  5148
contig 344
  408  4537  409  -943  1863  6806  4654  4655  -121  -442  -5355  -1977  95  -3081  -3080  -8391  -3077  301  1975
contig 345
  -1657  1688  2695  2694  6602  256  -69  -904  -68  -7232  2692  -8570  1653  1650  1789  229  2687  -7859  -7858
contig 346
  -6481  -456  -5321  5299  5202  -5266  -359  1953  1952  -1951  5943  1949  -1948  -2030  1401  -1298  937  3054  8054
contig 347
  -6545  4336  -6324  -4337  6912  -7137  -1488  7980  -2522  -4144  5678  693  2521  8612  4143  4291  4382  4288  8492
contig 348
  -2799  2664  -808  3763  1243  -4762  -4774  1241  3886  1248  1247  -1245  803  -2787  8047  2785  2843  -2842  3885
contig 349
  102  4675  -3189  -6137  3190  -3193  -3195  982  6123  983  -1308  6400  4667  6809  -186  -5908  189  8407
contig 350
  4611  -4613  -4614  7106  178  -179  1593  -3614  6033  1059  174  180  -1854  -104  -4523  8189  -1855  8190
contig 351
  7307  4203  4129  4321  -4360  -4127  4126  4125  -4322  4282  5110  665  -6905  1376  6909  7336  6908  -7335
contig 352
  7317  147  1305  4576  -1736  1735  -128  -127  -3657  1184  -4566  -4564  7602  -1183  1737  6964  1068  -8552
contig 353
  -1518  -5704  -5703  4520  2646  717  1345  -4319  -2571  2526  -670  -672  4313  -6334  2575  -1328  -4311  -4309
contig 354
  -2597  6726  1173  -1037  -3247  -7428  3650  3648  -1178  -1033  -3646  -3241  -3645  -3643  3642  3641  2456  -8240
contig 355
  1102  -1103  -1040  -3631  7424  -6134  -3199  -1076  -7783  -2440  -8003  7985  4439  -1056  -1055  -1104  1054  7805
contig 356
  -2024  -8029  -2022  -2020  7344  -2019  1399  -1961  -2054  2025  -1964  2028  400  -5263  -5194  -3030  7683  -8503
contig 357
  2940  -8430  2935  3919  -2189  -3079  -3078  -2996  958  -7600  4211  -155  1851  -154  274  153  -6745  3502
contig 358
  8088  -8087  7514  -4467  -2570  -766  1356  4202  1357  4320  -765  1358  -1370  1371  -667  5179  -2566  8424
contig 359
  6655  2264  -6640  481  1136  1162  3460  -3459  479  -3458  1134  5609  -5610  1536  -1132  -5875  601  7202
contig 360
  8272  4271  5012  -1379  -4407  2470  -2472  687  2473  7873  -4097  -4266  4264  4263  -4262  4261  7836  8567
contig 361
  6256  -988  -990  991  993  3173  -994  -634  -2435  6130  999  638  -3584  3180  -3181  3182  640  -8021
contig 362
  -6658  6028  -745  -1382  -4441  4442  -5654  7537  -747  2482  -749  -5087  -2485  -5086  5085  -5013  7832
contig 363
  -3817  -824  -2753  2757  -862  3925  -4743  4741  3924  3923  -3922  -3995  -1270  788  4721  3993  -7323
contig 364
  7207  3467  -484  2266  3463  482  -3462  -3309  -8526  -1161  3310  -5523  -3311  -5524  3312  -2262  -8162
contig 365
  6559  5718  -4200  4364  1366  1367  1368  -7702  7973  -4132  -4334  4333  2533  2620  -2622  2625  7003
contig 366
  2997  -2006  2983  2009  2998  2119  938  -4630  1837  8417  -23  411  412  -4620  4623  4625  -6388
contig 367
  -5212  5210  2059  -4501  338  -433  -2061  -341  -962  -5350  -5352  343  2081  -6616  -2035  7696  -8064
contig 368
  8221  -3904  3913  836  3916  838  -3906  840  -8414  2925  6056  -6061  -2937  -6062  2938  6800  -8431
contig 369
  3026  -2943  -2941  4401  6350  -930  -6715  330  8358  -1902  2032  1906  -8363  -931  4402  -5216  6463
contig 370
  5926  5924  4819  7349  1451  7878  4814  -6923  7849  -5431  6524  1450  -4813  -1452  5899  5430  7844
contig 371
  6426  4891  1435  6483  -1761  236  6506  5007  4998  8375  -5000  -4938  4940  897  1476  -6884
contig 372
  625  -3135  -648  2431  3158  -3159  3162  -1082  3163  3166  -3167  -3609  -6761  7405  3286  3287
contig 373
  -2125  2126  -2127  -43  5968  -2128  5939  -2124  -2123  1733  -2122  -3113  -6106  311  -3112  -6105
contig 374
  -6710  321  -41  -40  1497  3124  3092  -1499  3094  -2114  3096  326  -3097  -942  3099  -8038
contig 375
  3544  3418  -2352  8485  -3416  976  -2285  -2286  2288  -2289  -533  5991  534  5615  5617  5850
contig 376
  2385  -2237  5739  8399  2384  -2383  -2234  2382  3386  3389  -548  -2231  3392  -3540  5581  -8170
contig 377
  7219  2651  -2515  -2514  2513  2512  -2511  2474  -2510  -2508  2507  -2642  2503  2641  737  7794
contig 378
  -3900  3910  -3870  3911  -6071  -2919  2921  -2838  -2675  -2676  -834  -3912  835  -3915  -2933  -6694
contig 379
  -6584  -5913  -192  -1883  -1881  1880  1878  4217  -4676  -4637  1066  -3722  -100  -1751  -177  7482
contig 380
  7302  -4249  4247  -4246  4245  -4243  -8473  4242  -4241  -689  -5146  -5144  -2652  -5118  698  -8207
contig 381
  -2970  -381  6983  -8368  -4479  4178  4179  4180  -4181  -4182  4476  889  7792  -3991  -1216  6266
contig 382
  -3951  3950  3949  7447  3914  -837  -3905  839  3907  3917  -137  3918  2936  2939  -7237
contig 383
  -3345  8184  1592  4674  1065  -3227  -8255  -1042  3343  -97  -6730  -1840  -8457  4525  -7322
contig 384
  -3651  1038  -1171  -1175  -3655  -1091  3579  -5605  -5536  -8157  5537  5538  500  -3545  6741
contig 385
  3398  -3397  3395  -3394  -539  -3393  3538  3388  3387  2235  -7630  -8599  -3427  579  7728
contig 386
  6517  -4921  4958  4957  -4956  -4846  4954  231  -4845  4843  1469  -2696  2697  -1692  8564
contig 387
  -5248  1073  1049  -3291  -6235  3728  -3729  3730  3294  -3295  -6167  -3212  8551  -6478  -6475
contig 388
  -5265  -5196  -5262  -4087  4088  1314  -5223  -5224  -5226  -5228  -5230  6309  4386  -1393  -6364
contig 389
  -7376  -5041  673  4310  -674  -8195  2647  -773  1483  5696  -5695  -5694  -8323  1354  8324
contig 390
  4875  4872  4870  213  5010  -5009  -7345  5439  5441  8082  -2891  -1826  8640  -2904  5916
contig 391
  -5370  -4805  7825  -4804  7388  4803  5372  7389  4802  -4800  1445  7391  4798  -8474  -7845
contig 392
  6048  -696  1333  7132  1334  -695  -6555  5676  -5677  1487  -5132  4358  -4289  -692  8129
contig 393
  -4000  3999  -4066  865  -1285  3952  -4053  -1284  4698  -4699  -4700  1244  -4701  -7449  4782
contig 394
  -4480  3031  5264  370  3011  -3009  6620  -7682  2023  438  -8356  -3053  2052  2016  -8053
contig 395
  2228  -2225  -2226  -3401  3523  -3521  5999  -3518  7965  -7966  7947  3353  -490  2153  -7934
contig 396
  6161  -6151  -6153  -6241  6227  985  6156  7258  6126  -6127  253  5447  2900  -5399  -7343
contig 397
  -6796  -2729  928  -927  926  925  -780  -4120  3781  -816  815  7915  -7395  3773  -7063
contig 398
  -2276  -8311  556  8603  557  -3508  -6950  5751  5777  -5599  -5778  8155  5602  -7709  8154
contig 399
  7066  -3795  3796  -1214  3938  3939  -3940  4682  -4684  -4686  -83  2772  830  -851  -8588
contig 400
  4156  -3889  924  -2808  2807  -2846  2845  -3771  1235  3770  3769  3768  -4109  7786
contig 401
  831  -8179  3953  8461  -3755  7680  1254  -2922  -866  2924  -2931  -8429  6290  2934
contig 402
  -7455  -4704  4705  8616  1286  863  7751  -7753  7459  -8245  4765  -7755  -2827  -8459
contig 403
  6500  405  -352  5947  -406  -2038  5948  354  -5328  -391  -3043  355  5936  6609
contig 404
  -731  -2553  -2552  1292  5067  -730  3486  4465  -707  -5686  -1374  7988  5060  5149
contig 405
  -7866  -7865  -387  2956  2957  -386  -1937  -463  5877  -462  -458  384  2963  8359
contig 406
  -7000  -6677  -7001  6667  -297  -2101  2100  296  5800  1552  5782  5845  6575  -8127
contig 407
  -5239  -1070  3589  -1002  3184  -1001  -3586  -1000  -3583  -7478  -3178  -6221  3585  8656
contig 408
  6233  1127  559  8164  -5809  -3319  3314  5835  -5834  5831  -5521  -5520  -5519  8525
contig 409
  1705  -531  3402  -977  3404  1155  -5821  6174  7727  -5542  3574  -5819  2423  5818
contig 410
  3838  7282  3810  3807  2748  -3806  -1206  2749  3805  2746  6268  853  4756  6873
contig 411
  -6335  -1339  5153  5152  5151  1291  -4148  1310  5685  4297  658  -4298  -4299  7976
contig 412
  -6387  -7086  -1817  3629  3222  -3224  -624  -2430  3591  3592  3594  -3595  3598  7278
contig 413
  8357  -1923  1925  334  -5211  5213  -5214  5215  5256  5217  -5257  -5258  -957  -8575
contig 414
  -1807  -1806  4999  4997  1791  2887  1764  -6078  54  2869  -2868  8039  -1762  -8433
contig 415
  -4515  2605  712  -2602  2599  -2629  -2628  -4139  5733  -4142  4141  4138  -5715
contig 416
  -5931  342  2062  -2060  340  8365  961  337  3040  -950  8055  5255  8627
contig 417
  4418  936  3014  -7492  2029  -3013  -2056  -935  -1987  -2003  -1988  437  -7298
contig 418
  7673  770  5681  266  1820  150  4608  4607  -4606  4604  1815  -148  -8641
contig 419
  7747  1890  -4612  7749  -4230  4225  -7480  4226  1856  4617  980  3275  -8543
contig 420
  -6852  185  -1876  -184  -6857  -4665  4664  -1181  3676  3276  3198  -105  -7763
contig 421
  5631  -5558  507  -8232  5868  1160  5804  5802  -5801  5799  -1085  5555  -8229
contig 422
  2630  762  -5126  -5129  8049  711  5172  760  -6901  759  5021  758  -6042
contig 423
  -6337  -4343  -8315  -5673  -8333  4339  -5672  8613  -6325  8615  -7999  8334  -8491
contig 424
  -2137  -2136  -2135  2093  -1986  3128  2988  -1716  1717  -1718  170  4550  3095
contig 425
  -7236  -2932  2930  -867  -4697  -4781  7448  -4702  -2674  -2917  2915  -1236  8533
contig 426
  1939  -2034  1938  385  -8354  -4486  8067  4487  -4176  6360  -4488  2037  8069
contig 427
  -5869  561  -8225  -5543  -562  -2290  1154  3403  2287  -2356  -2354  2416  7204
contig 428
  -5078  -4371  4373  -4189  -655  2479  2653  2478  -744  7338  -5121  -5145  6444
contig 429
  6698  -6699  6700  7246  -2091  6821  -3062  -6701  -6109  377  3065  -6702  -6704
contig 430
  546  -2375  -1545  5864  6115  -5624  -5865  2206  3453  2204  -3454  -3455  -3456
contig 431
  -6707  3041  949  5332  5330  -5235  5209  932  -5254  1407  1495  -3052  -8074
contig 432
  -3297  -3274  -1022  -3272  1062  6296  -5906  -1740  161  -4596  111  5195
contig 433
  3005  -1069  -8024  3002  -7295  3000  3007  -956  2053  -5238  -3001  -6633
contig 434
  5594  5591  -5590  -5588  -3341  5756  5763  5762  2180  -8172  5584  5755
contig 435
  5621  5623  3326  -1544  7308  4344  4345  7650  -4145  2611  587  8527
contig 436
  -6208  -6246  -6209  -1020  -1021  126  -647  630  3273  6041  163  7924
contig 437
  4648  4221  1866  4670  -4649  -1868  -158  -8545  -1888  1857  -1860  -6591
contig 438
  2634  2561  -4448  -1293  4293  5682  7978  -2558  -4193  -4122  -6837  -8001
contig 439
  2684  -5402  -5401  -914  -5304  -4855  -4969  4971  4858  7525  -4973  8083
contig 440
  -255  1788  -1646  1647  1648  -2690  1649  -1651  1652  6603  -1654  -6679
contig 441
  5858  5857  -5856  -2400  5974  -505  -2201  3412  6530  7942  -8590  -7941
contig 442
  -302  -939  1852  -7735  -1810  -1850  -4209  4208  -4662  4624  4622  4618
contig 443
  -5894  -1628  -1629  1631  -214  -4922  4924  -2725  2722  909  2724  7860
contig 444
  4812  -4811  1449  5371  -5373  -1792  -7390  5433  -7847  7846  -5434  5376
contig 445
  8116  -4505  6379  4507  -4508  -7309  -6835  -5419  -4506  4504  -1057  -8514
contig 446
  2274  525  -6748  123  -2272  2269  -3491  -8488  3487  -3485  -3484  -3482
contig 447
  2499  -2500  4512  6374  5106  6375  -739  -5178  -5100  5096  5177  6447
contig 448
  -4485  -4483  -4482  4432  -3003  4421  -1297  -5188  425  -5189  5261  6920
contig 449
  -5379  5381  5382  262  2721  1437  -1438  -261  240  2858  -2856  8350
contig 450
  -4044  1217  -8480  -1239  4718  -4716  4773  -4714  -4712  -6784  -3792  7889
contig 451
  5077  -5075  -5072  -5070  -2492  704  2493  757  -2613  -2491  -755  8330
contig 452
  -4605  -165  -4538  -7925  -3666  3663  6249  3661  146  -3660  6244
contig 453
  -7055  3606  -2594  4609  1821  -1819  1818  1816  1703  4539  -8290
contig 454
  3767  3888  7580  -4155  8009  -4011  1271  -4794  6417  1230  8344
contig 455
  5830  5828  -5516  -5515  -5513  -7708  7360  5512  -8608  -7623  7373
contig 456
  1936  -459  -6974  460  461  -464  3051  -2958  -87  -1940  -5324
contig 457
  4063  1277  -1212  3977  1290  2735  6814  -1257  -4043  -860  6265
contig 458
  -5881  3183  -3185  3186  3187  -3188  -1051  3231  -7790  -1004  -6224
contig 459
  -3304  -7260  -3305  3302  3303  -1172  -6664  501  -6186  -3546  -6743
contig 460
  2682  1642  -2685  1645  1644  1643  -5448  4966  4968  -4854  4856
contig 461
  -5912  1877  1875  1893  108  8434  -4677  -107  -4646  4644  6407
contig 462
  -5294  -1914  -1409  -6348  4411  4497  -4495  -2066  2065  407  -5951
contig 463
  -2245  2246  -2391  -5978  -2251  3686  3441  2255  5988  -472  -2395
contig 464
  774  -2648  -597  -7374  -3322  -5611  -5612  5535  -5604  1084  -8158
contig 465
  2008  -1812  2092  3072  -7606  -1809  1834  4629  8418  -4627  -8133
contig 466
  4381  4253  4254  4255  -4079  -4258  4259  -4078  -5708  1346  -7974
contig 467
  6032  6020  -609  -608  -6030  2476  -2471  -4409  4279  6328  6819
contig 468
  -6618  367  398  2076  1406  -5198  5201  8072  4430  6345  -7700
contig 469
  6619  2021  3008  3010  439  2026  -2027  -2055  1963  -2057  -7681
contig 470
  -6629  1945  1493  7502  7830  -5290  7503  -5253  -5204  -1490  -7872
contig 471
  6639  -576  1092  1053  -6953  1537  -1538  5816  -5817  -1158  8665
contig 472
  8065  3017  -3016  -7695  -5252  951  5326  -5351  -5325  5333  -8504
contig 473
  -1391  -1226  -6473  6472  -5234  -5233  -5231  -1395  4389  -1396  -6366
contig 474
  3049  -3047  -3045  358  2064  447  -4489  2036  8353  -2954  -8068
contig 475
  6097  3087  -3088  -3089  -3090  1498  3091  2110  454  -5363  -6931
contig 476
  1870  -196  195  194  1096  -1099  3277  -3278  -6148  1041  6149
contig 477
  -8130  -4603  -3664  3253  3257  3260  3220  -118  2451  -623  8638
contig 478
  1394  5232  5229  -5227  -5225  5222  4391  4393  4395  -4397  4400
contig 479
  5093  -742  5094  5176  -8425  -5095  -5097  -5098  -2504  5101  -7996
contig 480
  2364  2169  -3342  5587  5589  -3573  -5592  5593  5633  5634  -5635
contig 481
  1803  228  -1690  225  5398  -4972  -908  -6510  252  -5397  -7527
contig 482
  6238  7052  619  6038  -621  6725  -1017  6206  -6245  4541  8123
contig 483
  -6184  3466  3465  -7265  -3464  483  2265  -6201  1137  -8309
contig 484
  3785  -3783  -3782  -3968  6282  -3967  -3963  -81  -3962  3961
contig 485
  6938  -5460  705  5661  7842  4278  5662  8465  5667  7364
contig 486
  6989  -602  -2367  -3531  -511  -3529  -2365  -5586  -8235  -7704
contig 487
  -5679  5720  5719  -736  2525  -5675  -6803  4205  7072  7073
contig 488
  7045  2236  -2424  -7960  -549  5745  -1365  -1411  -4346  8328
contig 489
  -2693  -903  4849  -4848  5453  -1470  -4955  -5336  8105  -5455
contig 490
  -2113  -325  -3098  3126  -173  5368  1349  -1417  4590  -4591
contig 491
  6302  -4185  4186  -1405  397  6288  4431  4429  4428  -6344
contig 492
  -4093  4405  -4091  -1403  6461  -7145  -429  5964  -2047  5318
contig 493
  5765  3442  6194  -3444  -3445  471  -2256  3685  2249  -5977
contig 494
  -2782  2779  841  3908  -2926  -3909  -1223  6072  -8416  7241
contig 495
  5847  5567  -595  5566  5844  1113  2401  -2402  -2309  8487
contig 496
  2910  6952  538  2229  2227  -8520  2380  3524  -8444  8443
contig 497
  -2912  2909  2323  -2324  -2325  2327  8313  2328  473  7945
contig 498
  -6432  -1477  -5490  257  8374  -4942  -4941  -8093  4939  8372
contig 499
  -1167  1170  5545  2292  -5544  -5614  1539  -5820  -1157  7375
