contig 0
  6323  -4337  -4205  -4340  1334  -695  4344  5675  -2525  7650  -5132  -4144  5678  2521  -7995  8612  -8730  4291  4382  -5018  4516  -2518  -651  -4124  4123  7652  -6837  -8001  1337  2551  5067  1310  -8911  -4298  5063  -1374  -5061  2539  -5016  5059  -5058  -2538  -5015  767  -2650  -5055  5054  -5053  4453  6898  -4519  -4459  -722  5051  4458  5161  -776  5049  -7990  5048  775  -721  773  -5698  675  -2648  -7991  5041  -5040  -2575  -5038  -8331  2573  6031  670  4315  4316  1874  984  -6150  -109  1893  -6810  5918  -8780  8555  106  -1594  9093
contig 1
  -4538  3664  4603  8641  147  1305  -4118  -4602  -4204  -4600  -6299  4565  -4564  -5906  1737  -162  6964  -4596  -3282  -1739  646  1020  111  3031  5264  4413  5194  -4415  2056  -2057  -7681  7492  441  9044  1965  -5945  6986  -7869  8073  -425  5188  7483  426  -2971  1951  359  -360  -424  -4067  4425  4426  7097  -6452  8899  1402  -4093  7196  -6716  -7019  -3036  -5319  8076  7312  -3039  8078  5961  -6980  6981  2041  6792  -6793  8576
contig 2
  7365  -5696  -4308  -4128  6334  4146  9459  -6831  7514  8264  5312  -7512  5313  4913  -4912  -4839  4911  -4835  5416  -5478  -5344  -5480  4832  -4909  -4908  -4907  4904  -5483  5484  -5343  4903  5485  -4830  -4902  -4901  8090  -1462  -1701  1637  -57  58  -219  -1638  -2714  5420  2715  5494  -1677  -2716  9  2717  -7882  -7856  1685  -5425  -5307  7348  8636  900  -9193
contig 3
  6688  -2828  2873  8046  3864  -2830  -869  7540  3863  -7895  4106  -824  2752  2755  6686  -8043  4158  4110  3861  2870  -3751  2759  -2760  2680  -827  3860  -3823  -3824  -2763  -858  4064  -4755  -8336  4055  -1205  1252  -4786  -3758  -4760  -4019  1260  1261  3815  6775  -820  4114  -3757  4707  8253  -1609  -4107  3816  -3817  4108  825  3891  3822  7551
contig 4
  238  -1831  7328  1826  2891  4865  -4979  -5442  -8260  -4862  -1475  4974  912  913  8902  -5891  4973  -5445  -5446  -4859  -252  -4858  6510  -4971  4857  4969  8467  2722  -1472  -5399  914  5402  -5403  -255  1788  -1789  1648  -2690  1652  -1653  -1654  -6679  7232  904  4954  231  8105  70  232  -5456  4842  4923  4922
contig 5
  3781  -2808  -4121  -3962  -4724  3961  -81  -3776  7914  2806  7235  -2803  -7011  -2800  -7887  -4771  -4761  -4027  3763  7287  3886  1248  -3761  -2787  2786  -9437  -3760  6697  2841  -6064  -800  -801  802  2784  -2785  -8047  -803  1245  -804  -1247  -2792  -805  2795  806  6263  139  4025
contig 6
  -2793  -2794  -3762  8589  -2663  -2664  4045  809  3765  -3887  -7061  -3766  -7820  -7786  8778  7821  7474  7062  2665  3771  -2845  -3959  -2805  2846  -2807  4120  780  -619  -6037  6168  1014  6147  -185  -4668  187  -1878  -1879  -188  6587  -190  8223  1883  -7082  -5909  -9011  5913  6584
contig 7
  -5937  -6976  7195  -7197  3048  4495  -4496  -7093  -4497  6347  -6817  -6816  5258  6348  -4401  2941  2942  2943  7871  2944  -5217  -5256  5214  -5213  948  332  -335  -8627  -5331  -6628  -1922  432  1921  -8273  -2947  -1918  1917  -1915  -1912  1911  8572  -8984  -1910  331  1909  6496  -9456
contig 8
  6867  -6869  3865  -6274  -2814  7242  2810  2809  2819  -2822  -6781  843  2824  -844  -6684  847  -2878  -3896  -9114  -1286  -8616  -4054  -3956  142  7455  -7453  3954  9431  2916  6270  -3870  -6071  2921  -2838  4066  -866  8431  -6800  -2939  2937  6061  -6292  1224  -7241  8416  -8415
contig 9
  -2171  3514  2172  -8933  -2175  2178  5585  5763  -3378  7949  3530  -3741  3379  3531  -1122  2182  -1123  -2183  553  -2373  3532  -3533  -2184  2185  -2350  2349  -2186  2187  -3408  -3409  -8481  2188  -1565  -569  -2317  -3496  153  -3501  1139  -5642  -6532  7961  -6542  -6543  -6572  6544
contig 10
  5910  1882  -1881  1880  -9016  5908  -6809  186  -6852  -4667  -6400  -184  -6857  4664  1308  -1181  108  -5911  8434  1625  -1892  1891  -8543  -107  -4645  -982  3195  -980  -4617  -1856  1855  -8189  7480  3189  3715  174  7745  4635  7743  -129  -5917  -4636  4521  -9078
contig 11
  3097  -2116  325  3096  -3098  3099  -4166  1767  -4545  2134  8224  2988  5941  170  2114  -3094  1499  -3091  -1498  3090  3089  -2109  -2106  453  -2131  5940  6093  -7156  5367  8919  -2130  -317  -6862  -42  -2129  316  3119  6714  6091  -4558  1968  -1732  -8578
contig 12
  -2969  -1931  1929  -4179  9153  -4479  4178  385  -8354  8068  8067  4487  -8353  -4176  6360  -4488  2037  -6609  353  -355  -5328  3043  -2064  -2065  3047  2066  -5274  6455  -4498  6350  5259  330  5221  -1904  2032  -1905  1906  -5218  3025  -3026  1913  5293
contig 13
  5144  -6026  6028  744  -2477  -2478  -2653  698  -2479  -4441  2481  700  -746  5654  -7997  -747  -6054  -7536  -748  -5087  -5143  5085  -5133  -5082  -5081  2487  5080  -753  5079  -4371  755  -6516  48  237  275  -1777  75  47  1773  -5  8957
contig 14
  -5265  -5196  5195  -7295  3001  5238  -2053  2052  -3007  2016  -8053  3000  436  4414  2019  8370  7499  -1962  2025  2026  1963  3013  -3014  -2028  1964  5193  -439  -3009  6620  1961  438  -1399  7344  8051  956  1959  -3030  -3002  -3005  3006  -8502
contig 15
  1304  112  647  -126  -8767  -8924  6211  1182  6120  6210  1018  6246  6178  -8766  7217  6245  6208  -6206  1017  -6177  -6725  6006  6662  621  -6038  -6170  6205  -8916  6169  620  -6117  618  -6728  3230  -6176  1012  -1815  -149  -4604  -1816  4606
contig 16
  7172  -1352  -1375  5064  4463  -2497  660  2548  -5151  -2550  -708  -6378  -7090  -2498  -2545  7649  -768  -4299  7976  -5687  1320  -1353  -6546  -1340  -2495  1327  5163  657  -5149  -5060  2540  -7988  -5062  -6340  -683  -4297  5065  706  -680  -1291  -8332
contig 17
  7188  -10  -4818  -1458  4928  -248  -5427  -5302  7517  -5923  -5893  -1808  -5430  -5899  -5431  8935  9143  -1450  -5896  -8092  8936  66  -5341  -7238  9030  8938  9141  9027  8827  -6076  -5900  1455  -5488  -902  -7850  5303  -4925  64  5301  5426  -8257
contig 18
  3317  5527  3314  5835  5832  5523  -5522  -3460  -3461  -5503  -1136  3462  -481  6652  -2265  -2266  -7645  -3346  -5517  5828  1534  -5515  3332  -3331  -5513  5827  1163  5826  -5825  -7707  2302  2298  -7935  -2296  9430  -2276  -2277  -8311  8603  -527  7209
contig 19
  7256  -3168  3167  3674  3165  8458  -3608  3160  3159  8012  2594  -3606  7055  -1028  166  -1821  3156  -3153  3604  -3151  -2593  -2592  -9454  3602  -1027  -1026  -3146  3601  3144  -468  3666  3253  -3255  -7085  4119  -3158  9051  3707  1081  -9067
contig 20
  -2898  2697  4884  -6515  -5473  -4919  4841  -4840  6601  -1696  -2701  -6599  -79  1664  1663  7490  -1662  -1661  5479  -4910  -4837  5417  4834  1465  -208  -4827  215  -1464  4833  5421  5424  4820  1684  2719  7853  144  1787  9060  9059
contig 21
  5806  7370  -1554  -8402  3561  5506  -5500  -5805  -1551  5802  5780  3680  6259  2209  5799  5798  7253  1550  5797  -5625  5555  3323  2377  -8229  -5796  3566  -3455  -2376  -1128  -3456  -2199  545  -3457  3682  -7050  -544  -5792  6115
contig 22
  -2226  -3401  -3521  -487  -3518  7965  -7633  -7966  -3352  8304  -7611  -2143  -492  122  2146  -2148  6202  -2149  3737  -3361  2150  2152  -2153  2155  -2156  -3364  2160  -7970  -3704  551  2163  2164  -3527  -3372  2166  -3373  -3374  -2364
contig 23
  6604  1647  2689  -1650  -230  6517  4959  4958  5453  -1470  -4955  4953  -4845  1469  -2695  -2696  1697  5408  -5337  6508  2694  6602  -8266  4956  1655  2692  -6603  -8570  1651  -1649  1646  2688  2686  -7859  -2685  2684  -7523
contig 24
  4788  -3814  -3809  -8292  -2750  2747  -876  4014  -6774  -1204  6815  2742  3801  -797  -4150  -798  2743  2744  4013  7440  -4753  -799  134  -2668  -1595  -1213  -2850  -8340  8027  -848  2740  871  -2739  -2833  -3793  -8280
contig 25
  2123  -5938  2124  -2127  315  -3114  -3115  -90  314  -5939  2126  2128  -5968  43  -9177  -2982  -8299  4555  -940  -6092  -3122  320  3123  3087  321  -3088  417  319  -3121  1418  6384  -4168  -415  -3120  -7570  4595
contig 26
  -6187  3360  -2360  6645  3576  -3362  -3363  2157  -2158  -2161  -7614  2361  -2362  -3369  -8403  -8147  -2363  -9186  -8175  497  9324  9387  509  -5765  -3376  -8606  7963  7948  -2174  3529  2176  -1044  2366  2179  -7617
contig 27
  -5811  3321  3349  5875  7374  1132  -1536  5610  5529  8406  5528  -1133  588  604  -2260  3459  -480  -568  590  1535  5834  7711  2261  589  607  605  -5853  1135  -3458  7264  1127  -6181  -6234  7277
contig 28
  -1738  -1811  -4598  6296  7602  -1183  9453  8982  -6633  -370  -2013  8024  350  -3116  5315  -3133  3105  -2101  2100  -8180  2138  981  -6730  3278  4633  -1840  -3277  -945  9010  -1097  -1096  -4656  -6854  -7059
contig 29
  4846  -4957  4848  -4849  4850  4960  4962  5449  -5450  4964  -4963  -229  -2881  5406  -7520  -4921  -1675  -1658  -71  -5409  -9097  4951  4952  -5401  4966  -4967  4968  -5304  254  -909  -2900  2725  -4924  4920
contig 30
  2637  -682  5686  2544  2639  -5150  2546  2547  -6019  2549  -6005  769  -4295  2552  7224  -2554  -2555  -5068  1336  -266  7081  -5681  -1486  5069  4450  -5155  6450  2519  1351  -7089  4290  -735  3101  7748
contig 31
  -4307  -1354  -1341  4518  676  5044  772  2578  -4456  8195  674  -4310  -673  4311  -4147  5721  -5700  -4468  -4313  672  -5035  -1344  -766  1356  4283  -5030  1482  4319  5701  4359  5702  4202  1357  7307
contig 32
  1862  1198  3196  -1196  3194  -3192  8464  -3615  181  -180  -6033  3614  -103  -178  4613  -4611  -4676  -101  4674  4522  -1844  175  130  99  -3610  3343  9087  -97  1843  1842  -4634  -4137  656  7299
contig 33
  815  -6055  813  -7395  -1271  -4012  3963  1272  4726  -7431  80  -2728  8291  784  6814  -786  7239  1290  -8284  1217  -8480  -1239  -7792  -890  -4152  -4153  4098  8028  795  -4099  -3797  3798  7894
contig 34
  2863  295  -2864  -1760  49  245  -6522  6511  1433  5464  -1776  1775  -2869  52  53  -6067  -54  6078  1763  -1764  -1791  124  -6521  -5921  -5886  -4939  897  4941  1476  -8099  -257  1478  -7162
contig 35
  8320  720  -5722  -4318  5159  4203  4129  1518  4321  -667  -4127  -4322  -1359  4325  -4361  -6333  5726  -666  1347  4362  -1348  -1362  -4329  4330  -1326  -4356  -4357  663  -9457  -771  -6047  6046  -9166
contig 36
  4302  -725  5057  -2496  2537  -4455  4454  -4452  7648  4304  -5669  679  678  -4305  -8324  8323  5694  5695  -1355  -1343  5160  -5042  6847  5045  -5046  9164  -677  4306  -5693  -5692  -5690  -9048
contig 37
  3472  -3481  -3480  -3478  -2347  3476  1159  -7939  -3474  -2311  -7940  3473  1142  1141  -5559  5807  -6164  -8166  5563  3469  -5564  5858  5843  3557  6190  -1113  -1114  -3558  -1140  2401  -2309  8487
contig 38
  4378  5731  944  5537  500  6741  -2379  -575  1538  -1084  5536  5605  -5535  5813  5814  7717  -6953  5816  -3545  8397  -530  3544  3418  8593  2354  531  7041  5821  5614  583  5544  -5545
contig 39
  5434  -7846  -4797  8474  7847  -4798  -1445  7390  -7389  -4803  8958  -4809  7825  5371  -1792  -1447  -1446  5433  -4802  5373  -5372  -7388  4804  4805  5370  -4810  -7848  -4812  6924  -5432  6524  -7349
contig 40
  2269  -3491  -3489  -3488  -6200  3485  -2268  -8529  -5786  -5547  -5546  -3338  3335  -5574  -5573  5572  5838  5571  -1153  -6196  1145  -5837  5836  5569  -5619  585  1165  -2212  -6197  -9194  -485  6653
contig 41
  7399  4720  3993  -7323  -1238  -2679  3992  4717  3990  -4716  4773  3988  3985  -1266  -6874  -4709  -4060  -4059  3983  822  8337  1610  -8251  1612  -4706  4789  821  4117  3813  3812  2751  8585
contig 42
  -3981  829  -4790  3980  -4022  7067  7413  1605  -6970  6783  1209  8025  3808  -3884  -7678  7396  3756  2748  -3806  -3881  3880  4151  3805  3804  2745  853  -882  -8247  -2671  3829  4748  4746
contig 43
  4754  4756  -4784  6873  -203  4016  -1207  4758  -3807  -817  856  4242  7538  4380  697  -5652  4442  -8732  5090  5089  2482  -8852  -5088  -2483  750  -2656  -2485  -2486  -5142  -4374  9445
contig 44
  3421  5567  -5845  -595  505  1568  -1567  5844  6574  2400  -1115  -5859  -5808  -2307  2312  6721  -5557  1160  1143  -2346  1088  3736  -3681  -979  -3563  8151  -3735  3450  -1555  -8649  -5857
contig 45
  -1723  -1725  4167  -89  1726  1971  2108  2110  -323  7027  -172  1768  -1717  169  -4548  -7574  -7576  2094  -6624  -4543  -4544  4546  1715  -418  -1716  -1985  -3126  171  2132  -2111  3093
contig 46
  -3127  -5942  1349  -5369  5361  -3132  -3104  37  -2139  -444  2140  -2010  3117  35  -243  -4568  4567  -168  -8287  -1706  2104  2103  -151  2989  4588  -8768  8181  1709  -1710  7921
contig 47
  3004  3003  8503  2014  -7683  3053  8356  7682  3008  -2054  2055  2027  400  -2029  -8675  -2040  -2039  -8983  -937  -5261  -4072  -4071  -1946  -4070  -4421  5260  -4422  4424  -7493  -4068
contig 48
  -2720  1686  2882  -899  898  6431  -8635  8104  -8103  5467  -5339  4986  5466  4988  905  -8110  4822  6878  5334  -7487  -7855  -8  8259  1687  9024  -217  -4899  -7854  1636  9344
contig 49
  -5335  -67  -9118  903  4851  6505  5404  5306  -5451  7343  5400  -4855  227  -1690  225  5398  -4972  907  -7862  -5397  6424  -9116  -6921  5444  4860  4861  -5393  -5443  4863  -5391
contig 50
  4294  4193  -7978  -5682  -2517  4447  732  -4122  6825  4296  -707  684  -4465  -4466  -6678  -6326  8910  2558  -5017  8329  -650  -2561  -2562  4517  1294  2636  -7673  -4286  6338
contig 51
  1640  1641  78  6690  -7884  2711  2710  6691  -2706  -2705  2704  -1666  -4811  1448  8268  4801  -4800  4799  -4807  4806  -7845  5376  -4819  -63  5308  5310  5340  -8828  5895
contig 52
  -5029  -717  -2646  7670  -4520  4320  5703  1358  1520  1371  -2568  7989  242  6036  4460  1360  2563  5110  -6905  -5020  -6904  1376  -6441  6909  -7337  7336  6900  665  7101
contig 53
  6828  -6328  -4279  4268  -686  2471  7873  -6373  6032  -5648  4074  -4262  -5650  -4076  4079  82  7539  -649  6820  -4248  5659  4245  5729  7173  -4243  -8473  -653  -2651  -7219
contig 54
  -2274  525  -6748  123  -2272  -2271  -3572  -1129  3328  5548  5864  1130  -8592  -3511  -3512  543  6581  5795  5554  -5794  1549  -5552  -5551  1546  -5549  1545  -7959  -546  -6650
contig 55
  -7134  -1325  7074  -6560  4328  -6332  2527  -5019  963  -1346  1361  -4326  -4282  4323  5706  -9021  4281  4360  1370  -4130  1606  -7084  -8556  -4020  4057  1259  -4018  857  -8861
contig 56
  -4874  4  -6  -1779  -1796  -277  1785  -276  7124  -7123  1065  8296  6513  4887  4886  -4890  -5288  6483  -2865  -50  236  5463  921  -1431  5437  -5903  5902  8937
contig 57
  7207  6991  -3467  -6184  3465  -7265  -3464  -1137  6655  483  -7622  -7623  7373  5860  5510  7936  2294  -6141  -1533  -263  -2413  -6767  5747  5748  5749  7726  -6950  7710
contig 58
  -7445  -3945  -4050  3943  -1600  4104  7393  4047  -1599  2924  835  3914  -4750  -837  -6694  838  -8185  -3905  839  840  -8414  -6291  6056  -8895  2935  3919  2938  8544
contig 59
  -6157  9086  1187  6256  -6128  8914  -120  6590  -6594  6409  -4640  -4638  -7031  993  -994  -3174  -2435  -996  -997  -3176  999  -1000  3584  6221  -638  998  -6131  -6771
contig 60
  8491  -6545  -8334  4336  -6324  -696  -7137  1333  7132  6899  587  8527  536  -6654  563  -5615  -2428  1168  -1541  -977  -2288  2287  -2356  -3543  1156  -5542  5507  9422
contig 61
  8197  1338  -5066  7675  3486  -1309  -1339  5153  8534  5152  729  -4148  5685  658  728  2638  8428  8204  -1485  -4300  -7975  -6801  4303  -4285  -5688  727  9049
contig 62
  -5533  4647  -7479  7478  1866  4670  -4650  1867  -156  4219  -4220  -3583  -3178  3585  -1885  3180  -8913  -5881  4632  6402  -6401  -192  -1884  191  6853  -6789  -6586
contig 63
  -3304  -3305  1037  1038  1172  1174  -1175  1039  -3655  6726  1173  1190  -9014  7309  -6380  1034  7418  8011  -3646  -3241  -3644  -3237  3232  -1030  -6253  1036  6217
contig 64
  -6629  -341  5931  343  2081  -6616  2035  -3016  -3015  -434  5352  -5351  962  -6707  3041  3040  5944  -336  -2948  -1920  1919  1916  -5294  430  -1914  -7507
contig 65
  -3624  2450  3261  -8338  3258  -3254  6673  -3665  -3662  6249  3723  1185  1184  2460  3270  1062  4599  -4562  -1740  -629  -9340  -1412  -4560  7907  160  -8476
contig 66
  2524  -4145  2611  736  -5719  -4289  8998  -8997  693  -692  -6556  8129  4143  7657  5670  4288  8492  -2635  -8193  5154  4449  -4448  685  2557  2556  9338
contig 67
  -4591  -394  -348  349  297  -7220  -714  6669  -6668  -6667  -2612  -4327  6908  -6907  -7335  -4136  -7140  -7139  7133  9168  5124  -6902  6903  -6045  2659  -8659
contig 68
  6989  -602  511  -2369  -6643  -2370  7938  3405  -6565  6948  -1523  -6564  1563  5643  -570  -5997  -2321  3502  -2305  -6182  6183  5987  8941  -6746  6996  8960
contig 69
  -8424  -5671  -4126  8495  -8609  1519  -5704  765  -7671  669  1604  4445  7993  -5028  8844  -1345  8961  6021  5112  -764  5705  4125  -8325  -4324  5707  -8610
contig 70
  7268  1111  1109  3375  2168  8952  2167  -2165  8604  -3371  -496  -495  -3368  -7952  3366  -3365  -8940  2159  7613  -3699  2154  8602  -7934  -2151  -1256  8943
contig 71
  6460  7145  -6461  6451  1403  -428  6706  6084  -456  2978  3035  5299  363  -1956  362  -402  5266  -5202  -1957  1953  5298  5321  -5320  -2043  -8362
contig 72
  -2733  6796  3868  -3782  4730  -7824  4729  4727  7432  928  -927  816  3777  3889  -4156  3773  2667  -7823  2666  3772  3770  7581  2802  3769  3768
contig 73
  -3874  1212  1617  3978  -7437  -1427  -789  4043  -791  -6266  -3788  8278  -2738  -3753  1268  1267  -891  892  1240  -3792  894  -872  -4793  1264  7549
contig 74
  -6305  6462  8275  -4482  399  4423  5186  5187  -4420  -5189  5190  2077  -777  -936  4419  2058  1299  -1300  -3012  1400  -935  -5263  -4416  1960  -7298
contig 75
  4551  -1722  -1719  1718  -2987  4549  -4547  -4592  -3129  346  2095  6486  2096  -2097  2136  1417  -4572  38  3131  3102  8577  -36  -244  1707  4569
contig 76
  8575  -328  -8629  451  -5329  930  1898  -959  -1899  1900  1901  -1903  -2033  8363  -1908  1907  5220  -404  7498  1902  -8358  -452  -403  6715  -9359
contig 77
  -2030  8347  -1298  -7870  1966  8274  6104  7868  -7496  296  5801  -2378  8140  8141  -3448  -1119  8152  6001  5781  -8413  7624  5803  -1552  6577
contig 78
  6659  -6134  -1192  -3616  3713  -3618  -3619  -3617  -2439  -3200  -7783  7768  -2440  3203  3204  -2441  7769  -1054  -2443  3623  -7272  8548  -6762  -7273
contig 79
  5790  3454  -5784  -2205  8139  2207  7946  6193  5994  978  6163  7254  1019  6248  -110  288  286  7893  285  -7909  -7910  -3280  -3279  -7004
contig 80
  -3579  576  5532  1091  -3250  -7416  6664  -3249  -6014  3251  -7782  2462  8454  1179  2453  2455  -1040  -1057  8514  1075  7424  -3632  -7426  9125
contig 81
  -9057  -5990  5991  534  -1170  -5616  5617  -5849  -5872  5620  -5568  586  -6189  577  -8947  6188  8948  -8819  3424  -3423  2216  2215  -2214  -9140
contig 82
  -4711  -893  794  6785  861  4710  -6876  1263  1608  4792  862  -2757  3821  3820  -3754  -7401  -4678  3931  3932  -1281  -2875  4157  -8026
contig 83
  2994  -2993  1996  -1995  -2991  -413  4643  85  -1980  -8988  21  -2003  1813  1812  1835  1834  4628  -4627  7912  -3071  7598  -8133  7597
contig 84
  -6453  -9040  1069  -6130  3175  -119  -4526  -8446  -3172  -3171  633  7102  -4639  -8532  -988  -8192  -989  8927  -9135  -253  8915  6127  -8928
contig 85
  -3380  -3381  -3382  -2367  7950  -2368  -2181  3383  -3385  2420  -2418  -3406  5505  -3410  3536  3537  2190  -6185  6199  3498  2192  -6736  -7359
contig 86
  6481  -292  -1413  291  1415  -8381  8124  -6010  -6179  -6119  622  -6207  -6008  -6009  -6040  -6247  1068  3281  -6209  5880  -125  -161  -9173
contig 87
  7259  7029  3285  -1004  -6223  6133  -642  3671  3672  -7808  -8451  -3264  -3262  -7761  -1005  -4471  5246  1072  5244  -1390  -7028  1051  9447
contig 88
  6930  -943  1863  4653  422  6806  -6805  4654  -95  6804  6300  -2996  4211  4210  -154  -7601  5349  -2992  1997  -1994  -1992  -8298  -8477
contig 89
  6203  3483  -3487  8488  3690  1144  -5788  -5787  2426  8893  5840  -6175  3422  2217  -6636  -3577  -3495  9404  -524  502  -7643  -7642  8702
contig 90
  3569  -2408  -2407  -2427  -2319  -3500  -8600  5645  -6534  -1564  -9008  5504  3407  -2374  -1524  2351  6198  -3534  -6744  5975  -5584  6944
contig 91
  4687  4686  -1283  3942  -4685  -4682  -1282  3940  -3939  -3831  -3832  -1124  -3573  -189  470  -2255  -2392  -3441  -3686  2251  5978  -5977
contig 92
  -1409  -5257  8066  2955  -3024  931  4499  4411  -957  329  2068  -450  5952  3049  2067  6818  4494  -3946  8352  4492  6845  6843
contig 93
  3605  6760  -3607  3157  3161  3163  -3164  -8335  7405  3170  7406  -7809  7407  -7810  -7408  6764  -3709  -3711  -8238  -7409  -1229  -8239
contig 94
  7130  4977  -4978  4981  -4982  -1827  -1794  -1793  -2890  5441  -7529  7159  7158  -1828  8468  1514  4871  -8378  -1517  4993  8373  -9327
contig 95
  -4044  -3991  -1216  -2678  -550  1257  -3787  -6265  -788  1270  7793  -3979  4063  1277  3977  1289  1288  785  -2735  -2734  -1745  5905
contig 96
  -870  -875  3803  -4101  -7083  -4102  -6268  -2746  855  -2749  -3882  3883  2851  818  819  2672  4116  -4115  -2832  -6260  -1221  -8586
contig 97
  -2534  2629  -8049  5130  5173  -5174  -8206  -2624  -2620  -2533  2618  2530  4436  4437  -2531  5021  -5022  -4352  4366  -4355  -4195
contig 98
  -5385  1761  1434  -4881  -4889  -1435  -294  -7926  -4891  -6425  -6426  6427  -6484  -5317  234  6885  -4948  -4949  4950  -1759  5884
contig 99
  4513  -5104  2510  -6362  -5094  2511  -2512  688  742  -8540  -689  -5146  -6444  -743  -6658  5121  -5120  -7338  -5092  -1382  7142
contig 100
  1848  -1839  23  4660  -200  -1837  4631  4630  -1809  -1987  3011  -3010  -2024  2023  -8029  -2022  -2021  -2020  -6619  2017  9405
contig 101
  -4244  -1331  6446  -5147  5145  8569  -4081  -4239  4238  4083  -4236  4379  7537  7833  -4233  -4084  -4085  -8113  7832  5001  8330
contig 102
  -2082  951  5326  -2080  5350  6099  342  433  -950  8055  5332  5330  1924  1923  -333  8056  -8357  -431  -6463  5216  -4402
contig 103
  -6864  -1897  -4646  4644  6407  -1895  1894  3193  3191  -4226  104  1854  4616  -4225  4615  -1059  -7106  4614  4612  -4637  -7747
contig 104
  2727  3747  -9188  -6417  4794  3779  3775  -6261  3774  -3746  3745  -2804  -7915  -814  -3780  924  -925  -926  3968  3872  -3867
contig 105
  -8598  -2329  -8411  -1195  7176  -5829  2264  -6640  -6994  -591  5519  3310  -3311  -2262  -2259  -606  -2258  -477  -5609  1131  -9200
contig 106
  -3975  -1619  -7434  4735  -1620  -3976  2670  -783  4732  3972  6282  3966  8552  8248  3778  -3964  3965  3967  2729  -2731  -8889
contig 107
  -5411  1468  2698  -2699  2700  -1797  -5482  -4905  4831  -4906  7880  -1463  8573  -4828  216  -9062  -4826  -2713  -4825  6420
contig 108
  -7063  1235  4011  4010  4723  -1234  7888  -4109  810  -6683  2797  2844  -808  -4028  3764  807  -4161  1242  -8449  -8560
contig 109
  -4933  -4931  -1429  2901  5459  5005  5007  -4997  1807  -5000  6883  4940  -6884  -7128  5004  -5002  8632  -4944  1479  6937
contig 110
  -3701  3358  -7968  3694  2145  -491  490  -2142  -2357  3547  -488  8942  -3517  -2316  -5999  3520  5740  -578  -6943  -5635
contig 111
  -4251  -4253  7174  5655  5656  4250  7302  2643  5095  8425  -5176  6447  -1332  5728  -4246  5658  2514  2515  -741  -7491
contig 112
  4363  -4364  -6826  -4365  4348  4350  4351  4511  -8657  2619  -759  5122  2626  6901  -760  -761  -2600  -2602  -2605  8497
contig 113
  6322  -2502  2500  -611  -6020  5014  -4265  4266  5647  5646  -4267  -4096  2476  -4409  7838  4094  -5012  5011  -8733  7091
contig 114
  322  41  -2107  6097  -6710  -3086  941  -4583  -4553  -4593  -1720  2986  -1984  -2133  5368  345  -8925  1986  -6485  6504
contig 115
  5822  2291  1155  1540  -5820  -1157  5817  -5876  5815  -1537  5604  5603  -1053  5812  7716  5531  -6733  -7266  3578  -6758
contig 116
  4404  5204  -5205  -5325  5333  -8504  340  8365  337  6479  949  -932  -5255  2059  -4403  -4501  -5254  -5208  -339  7245
contig 117
  7608  8288  2119  -4224  -4229  -1704  -1981  299  411  -2078  -412  -1983  1989  25  -1991  1993  -4622  4623  9418
contig 118
  7865  -1940  -5324  -390  -4486  6500  -2036  8050  -5933  8674  -352  5947  -406  5934  -6081  -5936  5948  354  9436
contig 119
  -2973  2974  2975  455  -1958  5953  2044  5954  5964  -2046  3037  -2049  6111  -3038  -628  -365  -9174  28  -5962
contig 120
  -484  6201  3463  482  -3309  -8596  2263  1162  -1161  -5831  -5833  -3313  479  -3316  -8528  3318  1134  1089  -580
contig 121
  6780  7237  6062  6264  137  2926  -2925  -3908  -6289  8429  -836  2931  -6262  4214  -4215  834  2839  -3952  7794
contig 122
  -1432  5287  4937  -6418  4880  -235  -246  -2880  2879  -5496  -5497  9117  278  5377  1784  1783  906  -281  7014
contig 123
  6846  1389  -6312  1189  1071  -8557  7790  1003  594  3683  -9137  592  -2200  6530  -8126  503  2396  8644  8645
contig 124
  -4918  4917  -8087  5388  1695  -2702  2703  8267  -1665  1466  209  4836  -2708  2709  2493  -4140  -4353  -4354  -6827
contig 125
  -3029  -7144  -5276  6794  2047  -6932  6916  6303  8972  -364  6352  -2977  3034  7494  -2976  -7826  7495  1954  7244
contig 126
  -7000  -6677  713  -7001  6657  -9336  9337  -8316  -2564  2565  2566  -5179  -2567  -2535  2645  -709  -5025  7141
contig 127
  1085  1086  5800  3564  3350  -1120  5626  -3324  5627  5628  -5629  5630  -5804  -5556  1211  2677  860  6414
contig 128
  4898  -1461  1702  4900  5314  -915  1635  4829  1633  -1631  -6692  1629  1628  -6598  -12  7861  -1691  6600
contig 129
  1832  -4629  938  7607  -1838  -4620  201  4621  -414  -4624  4662  -4208  4209  1850  -1851  1810  -2995  9129
contig 130
  -4679  -4680  -7758  -886  -4683  3941  -4684  -1603  724  5052  4284  2587  -2584  2582  7998  2580  -4457  7667
contig 131
  4377  -4234  -2475  749  5091  -2480  -763  745  -7876  654  5107  5109  -6336  -4261  -5024  -5023  6439  -7334
contig 132
  -3720  7260  -3247  7806  3648  -3647  -1178  1321  -3242  -7772  -3239  7773  -3643  -6218  3639  -6216  -6215  -8930
contig 133
  2461  -7813  1104  7766  -8453  3634  1191  -3631  -7048  6225  -2438  -8241  -3199  1058  5236  -7984  -5237  -8326
contig 134
  -5850  -7371  -5848  -5871  5543  532  1539  2355  6174  7727  8225  5541  5869  -5613  -6722  -8665  967  7203
contig 135
  -1489  -5252  435  -7503  5290  -5206  3052  6098  961  338  8563  -5207  1945  1495  2060  -9150  -2062  7502
contig 136
  2915  -6687  -6057  -7012  863  7751  -7753  8244  -8245  -8246  4765  -7755  -3854  2827  6063  8662  4704  -8243
contig 137
  2764  2761  -2681  -8285  1616  -3923  1279  -3924  4742  4744  3926  -3927  4745  3928  -1598  121  -8303
contig 138
  -3428  3425  8599  -2235  -2383  -548  3390  -3391  -2232  2336  -2912  2909  2323  -2333  2314  2257  -5758
contig 139
  612  3719  -7428  3650  7762  -1035  8240  3243  -3300  3299  3240  6173  3238  -637  3728  -6236  9003
contig 140
  7556  -7555  -3899  7554  6799  -842  2820  -2821  8294  -7890  2825  -3851  -4775  -7460  -7459  7752  8007
contig 141
  -3560  -2402  -2304  -2303  3559  5974  -2399  -3684  -8307  -2201  3412  59  -5846  7177  -8590  -7941  7641
contig 142
  -3894  -3825  -8286  3826  3828  8587  859  -3848  -3850  -4764  -3857  3858  6797  9108  9109  -3957  9113
contig 143
  -626  -8013  2591  3147  -150  3152  -3154  -1079  3603  -3150  -3149  -3148  6140  3145  2433  -627  -2590
contig 144
  -694  -8729  -7979  4358  -5720  5679  -6053  2520  8643  -734  -4292  -7339  -466  -2422  5985  -2417  -6995
contig 145
  1103  -1102  -3670  -6315  6379  6835  4507  -4508  -5280  8515  -8125  -6919  -5278  1322  -4509  -7095  6371
contig 146
  -5894  -1630  7510  -1632  -7885  1634  56  -4896  4824  4946  -221  1639  220  -218  4897  -7508  -8094
contig 147
  6882  4879  -4878  4992  6879  -4990  -4989  213  -5009  -5435  5439  -4869  4866  211  5392  -2902  8390
contig 148
  3395  -3393  3538  -3389  -3386  -2382  -7630  -2384  -8399  -3426  -3427  579  -2385  -1562  5136  -6043  -9082
contig 149
  -7301  7300  -7072  -7071  5672  -9462  6823  8333  -6911  6910  7308  -5674  6999  4342  -4341  4339  9189
contig 150
  5271  -5272  4427  4473  5275  -5965  -2048  457  6631  429  -6795  4091  -4405  4477  6353  9411
contig 151
  3847  3846  7591  -8479  7553  -8624  2876  3895  3849  3852  845  -3856  -3897  6267  1220  -3958
contig 152
  7318  6860  7104  6861  -6588  9092  6761  3673  -3166  3675  3677  -3162  -3678  5920  4609  -9094
contig 153
  -326  -2115  -2985  3095  -942  -2118  -173  -6095  -3100  1712  -3103  3106  419  2102  7737  8421
contig 154
  6591  6859  9403  -5882  -7321  4641  1860  1858  -1857  -6585  1887  4642  -4672  -421  2002  -7600
contig 155
  -2008  2092  -7606  -22  6393  195  -6321  -4657  194  -4525  6855  7105  6405  6390  -6403  9181
contig 156
  2085  -2086  8393  8516  -1416  -3067  6704  -6703  6702  39  -2089  -377  6610  1973  2091  -6625
contig 157
  -8814  6892  45  6887  1439  -6886  4892  6888  -6890  6893  960  -6493  -8041  -1441  6495  -9394
contig 158
  7087  4191  4190  -1383  4231  5013  5086  2484  -6832  4235  -5653  4080  -1330  8395  5730  -8907
contig 159
  -3698  6646  -2141  -486  -7964  -1311  5595  -6537  -8174  -2358  -3355  3356  3695  5759  9090
contig 160
  831  -8179  3953  -1255  8461  7449  -3755  4701  -1244  -8177  -3903  -3904  3913  133  -5309
contig 161
  -2736  2737  -3789  793  -3790  -792  -3752  -4719  2762  828  3995  -3920  -3921  4038  -4039
contig 162
  5631  8232  -5558  507  -2403  2310  508  -3475  -3477  -5782  8167  -9085  1087  -7636  -7372
contig 163
  7651  668  715  -4462  -636  3215  -3217  7812  -3218  3630  6251  6238  -7043  -1015  7906
contig 164
  -3190  4523  -1853  -1593  4230  179  -3613  2449  1592  -1847  -4217  1890  7749  -177  -8554
contig 165
  -7189  -1875  5912  6410  1877  -6858  4666  -4665  4677  983  7764  8918  -6124  -6161  -9133
contig 166
  -5027  -4444  -1377  5026  -1369  3859  884  7457  1611  -823  2829  -3982  -7080  4105  6685
contig 167
  3296  -3722  176  -3228  -3344  3226  -1042  7744  -1841  6665  -8457  1099  -9410  6320  -7322
contig 168
  2606  -5127  -5128  -762  -4515  2630  2603  712  -5131  711  5172  -2628  5714  -8909  5733
contig 169
  259  -6936  -2858  -240  1438  -1437  87  -2721  -8565  -6518  -5380  5382  7165  -1480  4331
contig 170
  3955  -4703  -864  -4782  4702  -7448  -1285  -3951  -737  -5105  2640  -5178  -5103  7996  -5102
contig 171
  -955  -8348  889  -384  1936  458  462  463  386  5946  7866  2950  1941  2951  2953
contig 172
  1365  1366  1367  1368  -5378  7125  -4882  5499  280  282  -4883  5381  -920  6069  8954
contig 173
  3137  -3594  3593  -3135  6136  -3590  -382  -3629  1024  1817  4576  4601  -116  -8921
contig 174
  1149  3434  -3440  -8301  8445  8228  8886  -5779  3524  -3522  -7632  -6000  -8143  3738
contig 175
  3223  -3222  3221  623  3256  -3668  3663  1064  1306  7899  1063  -164  -1736  -9402
contig 176
  -5866  -2206  3452  8306  2204  6749  -2198  6750  -6191  1335  1548  -5550  598  5995
contig 177
  -6782  -6875  -7397  -3866  -2815  7243  8459  3855  -9106  846  4776  7456  -4705  -7117
contig 178
  4534  -2990  5356  -373  6597  1730  445  -6614  -1731  -7897  7923  7561  7922  -8048
contig 179
  -7364  -6024  -5665  8427  8426  -2658  -5115  4086  -5661  2492  5073  -5183  -8734  8904
contig 180
  3582  -991  3580  3581  990  -6220  -986  -6242  -6156  6155  -6227  6241  6153  -6034
contig 181
  1689  -228  7131  -1803  -1643  4965  -1642  -2682  6077  -2724  -2723  -9058  -8950  -8949
contig 182
  4227  4228  -8655  8420  4671  158  1868  9134  2437  7771  -995  -8530  -880  -9428
contig 183
  4610  372  6712  3066  -374  -3065  5957  -6110  -3063  6109  6701  3062  -6821  9302
contig 184
  -6889  -1454  1453  -5489  65  249  -6923  1452  4813  8934  -8959  5925  -5926  9100
contig 185
  -1428  -5423  1681  -61  -1679  -1678  -5495  -5465  8106  1459  8102  -5422  4821  5468
contig 186
  -7780  7811  3716  1066  -102  3721  6226  -100  -2446  -3612  -2445  -3611  -3227  -8255
contig 187
  -2774  83  -3929  -3819  2753  -826  1218  3890  2874  -4708  3862  -1262  -9370  4058
contig 188
  2997  -2006  2009  2998  -8418  -7913  9077  2007  -6502  -2005  -437  -5262  -4087  -4417
contig 189
  -5429  5428  -1694  -4815  8263  5386  8510  -4927  -1443  -5387  1444  -5486  5469  -8361
contig 190
  8355  -2887  2888  -1805  -8931  4938  -1806  -8375  -2889  8351  -1790  4894  946  9368
contig 191
  -2775  4688  143  4046  850  4049  -4779  -851  -8588  -739  2776  -2777  2780  4035
contig 192
  -702  -703  2657  2488  -2489  -6671  -2490  -5076  754  -5139  752  -5083  5140  -751
contig 193
  1741  4163  7565  4582  6711  6713  -3070  -6985  -6934  446  6927  -7246  6699  7586
contig 194
  6557  -5699  -597  -8196  7376  2576  5039  -2574  -4280  -4314  -5037  -2526  2571  7214
contig 195
  4872  4870  -2894  7129  5010  -1512  2905  5008  -7345  5440  4867  -5436  -8082  -4980
contig 196
  -8989  -5234  -1070  1050  3718  -3717  3589  3184  -3182  -6473  6310  -7411  1392  8994
contig 197
  -1110  -498  -3528  -8518  2365  -5756  -3377  -8149  -9198  -8314  2170  2169  8489  -3515
contig 198
  9165  -5553  -265  1350  -9120  4338  8613  -6325  8615  -6912  -7999  -9461  -9083  9381
contig 199
  -5180  4434  -4435  -5116  9004  -2660  2661  2662  6656  7099  -4132  4333  -9184
contig 200
  5970  -5972  -5973  -582  -2344  -478  -9034  -599  -476  -474  475  -2315  8601
contig 201
  -5984  -1151  5597  -5777  2220  -5751  3508  2280  5638  9396  -2278  -5578  -8442
contig 202
  7183  -7429  7184  -4024  140  -138  1243  -4774  1241  6283  6786  -6284  7288
contig 203
  -6464  -7151  -1033  -3298  -7419  -3645  3642  3640  7775  -3638  2595  6013  -7776
contig 204
  3725  -1859  1888  8545  -3742  -4651  1886  -881  -5490  -5491  5492  -8093  8372
contig 205
  -8154  -7045  -8155  5778  5599  5600  5601  5639  8410  -7722  7721  2283  -9361
contig 206
  6507  -7157  -233  -6896  -1804  -1778  -7118  1758  1  -1757  9196  -5927  -6967
contig 207
  7215  7230  -1076  -1077  8321  -1193  6229  -3621  8558  -3622  7231  -9127  -9126
contig 208
  -8342  3877  -923  1265  3984  6784  4712  -6269  4714  4715  -3986  3987  -9072
contig 209
  6158  3265  -6143  3266  -7802  -3267  -3268  -3290  -3291  -644  -7229  -3727  6769
contig 210
  -4994  -4876  -6880  -9022  -6881  6435  4996  7347  1496  7534  -8566  8258  9281
contig 211
  4787  -1233  -1258  4017  4111  -6276  4785  -1206  -4757  4056  4015  854  -7281
contig 212
  6969  -226  -5447  -908  -251  1473  -1474  8633  7526  -6433  -7127  4976  -7329
contig 213
  6606  1822  1823  8117  -1830  -2903  -8640  -1824  -1825  -212  1513  9434  9369
contig 214
  6233  -560  559  6988  -1589  601  -600  7202  -6992  6639  8646  -3546  -6743
contig 215
  1734  7892  -289  -6039  4541  8123  1060  -1301  -4561  -1061  3269  3271  3272
contig 216
  7394  -4770  852  -7750  -136  7799  -4694  -8242  -868  -4780  -1284  -148  -8130
contig 217
  4373  -4189  4188  4187  -6318  4376  4375  -4372  6550  6549  5074  -6548  -9443
contig 218
  6469  4504  1055  1105  1056  -4439  -7985  8003  -4384  -5281  -6471  7341
contig 219
  -6129  -8929  7770  3173  -2434  -634  2436  4218  -4669  7741  8656  -8531
contig 220
  -2718  -1700  4945  1683  1682  1680  247  7164  132  -4947  5419  -6314
contig 221
  -6536  -5755  7705  -2180  7704  -5762  8235  -1590  5586  -1295  5570  8663
contig 222
  -8120  -3022  8111  -8118  3076  -3018  3017  -8063  952  -2084  6480  8639
contig 223
  4663  -4625  -1849  -2079  1999  2000  -5316  -2001  -958  3077  939  -8579
contig 224
  4673  8433  1762  -73  2868  -72  51  -4934  -1430  2886  -879  5885
contig 225
  5841  3334  -976  3416  -8485  -2353  2352  2416  7205  7204  2423  7375
contig 226
  -1426  1424  1278  -4738  -1618  -7435  4796  -888  -6777  -4795  -4734  -3973
contig 227
  4408  2473  8472  -4097  7837  4264  4073  -4075  7836  4260  -2501  8567
contig 228
  -7363  7362  4194  -5165  5166  -6440  -8208  8978  -5164  7760  -7477  -8254
contig 229
  -8437  8444  513  -2237  5739  -8300  542  -2234  -3387  -2231  3392  9091
contig 230
  -3818  -2754  -3930  2756  7400  -1613  -1614  1615  3925  -4743  4741  -4772
contig 231
  -1670  1673  -1674  1676  1659  -214  1693  -8564  -2726  1692  -1657  1688
contig 232
  -6751  2412  -8400  2411  -9038  -2410  2409  -3568  8398  9009  -8932  -9148
contig 233
  4170  -1006  -5247  -1052  -6367  -6840  -6839  8452  6475  6478  -3306  -8339
contig 234
  8981  8121  3023  3021  8065  8064  -7696  -3020  3019  -3075  6085  9103
contig 235
  -1952  1950  1949  -1948  -1947  4177  -1297  1967  -7497  -7484  -1401  8054
contig 236
  -2222  7947  -489  3353  3354  2359  -3357  -2144  7709  -5602  9110  6735
contig 237
  7560  7559  7896  -7240  7558  4037  -84  4008  -7324  -9416  1747  -8030
contig 238
  3188  -1002  -4394  -1001  -5228  -5232  -1394  5233  4386  -1393  -6472
contig 239
  2051  -2050  2221  -5981  -6641  -5982  9146  -7044  5983  -6754  9036
contig 240
  -1487  1488  5677  -4345  -5676  -4343  -6803  -8315  1544  -3327  -3326
contig 241
  6812  -4159  4160  2783  -2843  -7577  -8896  -2788  -2790  -2791  -7234
contig 242
  1978  1977  -2189  -4658  4659  -1138  -8231  8441  -8236  -6533  -6195
contig 243
  3759  8690  -2842  7018  877  6293  -3885  6285  7817  -7818  -7819
contig 244
  6465  -6466  -6467  -9073  3302  3652  -3653  6851  3654  -3248  7415
contig 245
  15  -4838  5415  -5477  7531  8380  -5476  5389  1668  -5475  -4916
contig 246
  2940  -8430  -2936  -3918  -6072  -9162  3999  -3907  841  4777  4769
contig 247
  -4431  -6288  5200  5199  1405  -5268  -4186  4184  -4174  -4180  -6456
contig 248
  -4469  -671  719  -4467  -5036  -718  -2570  5034  -5033  -5031  -8496
contig 249
  -4247  2474  2509  -2508  -740  -5177  -5096  -5097  -2505  5099  8574
contig 250
  604  2259  -479  3314  -5834  -590  -480  -3460  -1162  -3461  -1136  -481  -3463  2265  -3462  -8596  5503  5521  -5831  -568  -3459  -2262  605  -3458  1134  -2258  -560  -6234  -581  588  5853  5527  3316  -2261  3313  3311  5523  -3310  591  3307  -7645  5829  5828  -5516
contig 251
  4898  1702  -4899  1462  -1634  1633  1632  4901  -7510  4902  -5485  1463  5343  5483  4907  -5417  2710  1662  2708  6691  79  -8267  2702  6599  228  254  5399  -908  1473  8633  -913  1475  -5443  -6436  4977  5441  7159  2890  -5439  7345  5435  1512  -7129  9369
contig 252
  2421  -582  5693  7365  5694  -1355  -1343  -5042  -4308  4311  5699  -4147  -5040  -5038  -2574  2573  720  6031  -671  -4467  -2570  -5033  -2646  -4520  -1604  4130  1518  -764  7989  5671  6036  1360  297  -6905  1376  5019  -7337  7336  6908  -7335
contig 253
  7955  -563  2211  -536  2212  -8527  -5568  -5569  5837  1153  -5838  5836  -5852  5872  -585  584  5849  -5848  -534  5990  2292  5543  1540  -5821  6174  -2354  -2353  1156  7727  -5542  5541  -561  5869  530  -6722  -967  -1158  8665
contig 254
  409  1863  6806  4654  -121  2192  -2190  -6736  -3537  3409  -2187  -2349  2419  410  -943  -4652  4653  7731  -6805  6804  -4658  4626  -939  -3077  2001  -2000  2994  -1999  1996  -4662  414  4622  -201  1838  -8417  -1837  4630
contig 255
  -5050  -2581  -5690  -679  -4284  5669  -2588  4452  -5054  -1327  2650  4285  5015  6801  -5059  4300  -1352  -682  -5062  -1375  -683  2545  4463  706  2546  -6019  -6005  1309  -4295  -6825  4193  -2632  -732  -4447  4124  1336  -6342
contig 256
  -2849  -862  4060  4793  -923  3792  6784  -6269  891  2738  -793  -3752  2679  -550  2157  2154  2153  -7934  -6230  5998  -3358  -2148  -2149  -2360  3737  3699  -3363  -2158  -2159  2160  -494  3704  3366  3364  -2155  -2152  3361
contig 257
  1800  -1672  -1675  1693  -2726  -1658  5408  -232  -1469  -5455  -231  -904  -67  4848  -4849  903  4960  4851  4962  5404  1471  -5451  4963  7343  -914  5400  227  1472  225  -4969  5398  907  6424
contig 258
  2645  -4203  4318  -1874  -4315  6831  -6334  -674  -5043  -675  -5722  4316  -5035  -718  5159  5034  8844  4319  4320  -1377  709  1520  -1519  4129  4321  4128  -4127  4125  -1359  5707  4325  -8610
contig 259
  -2923  3904  2922  3903  -2921  -1254  1244  -7449  833  1255  -8179  1236  3953  -6059  -135  -3755  -8177  -1285  4698  4066  -2675  -866  -8544  -1205  -4017  1233  4018  -4057  -1209  1261  -6783
contig 260
  -5152  -5153  769  -6678  -1338  8001  4122  -4123  -5683  -2517  8193  4517  7339  -5018  5681  -651  -266  2518  7081  4450  1294  -4288  2636  -5670  734  -7657  -2520  -4143  8730  -7994
contig 261
  1260  4020  3814  -4115  4022  -4789  -3757  1262  -869  7540  -8046  -7080  3863  -2873  3816  825  2755  2756  7401  1598  -4745  -3751  -4742  -1279  -1616  -3922  3921  3994  -828  7795
contig 262
  5842  5840  -5573  -577  8729  5132  2525  -5676  -4344  -7308  -7132  6004  -6910  -694  -5719  4358  -4144  5679  8129  4382  652  4516  -2635  2561  -4448  650  685  7978
contig 263
  6163  -2378  -5780  -6577  5781  7636  9085  5782  -3478  2346  7370  3475  -3561  -2310  2309  -2304  3559  -1113  -6574  -8153  1567  -1568  595  -6579  5845  5783  -8126
contig 264
  3897  -847  7459  3857  -8246  -3855  -3852  3851  8293  -2825  -2823  7890  8479  2821  -3846  -3845  -2819  2818  842  -7554  -7242  -7757  3866  7397  6875  6274  4008
contig 265
  2909  -2326  300  5764  3376  3528  3514  -8933  2178  -1044  5585  2180  5755  553  -2370  -3533  -3385  3405  -2350  -2186  2374  -3406  -3407  2188  -569  -8303
contig 266
  -7309  -6835  -5419  -4506  -4505  1104  1105  -1040  7425  -6134  -2438  -3199  -3200  -3201  7768  3202  3203  -3205  4383  4384  -3207  6229  -2442  -3622  -8617
contig 267
  3738  2142  -3696  3357  -3694  -2359  3360  6645  -7211  3576  2151  -8602  -3362  -7613  -2161  3365  7952  2162  496  -3372  -3373  -8952  -3375  -8489  8314
contig 268
  4772  4743  4744  -1615  1614  3926  1613  -3927  3928  2753  -2752  1218  824  -4108  1609  7895  -4105  -2828  -2829  3864  823  -1611  1612  8586
contig 269
  -3081  -8391  301  -2996  -1810  -1850  -154  274  1041  6149  -3343  1042  -4636  -176  3345  -4675  -4637  2449  1592  4674  -1844  99  -3344  7744
contig 270
  2657  -754  -5137  -6906  755  -72  52  53  2901  6078  -1764  -2887  -1805  -4999  -6521  -1807  8931  -124  -1790  1791  4894  2886  -1763  5885
contig 271
  -2082  -2081  5326  -343  -2080  -5931  342  3052  5325  5351  434  5205  -951  -5204  -1490  5253  -7503  -5206  4501  -2059  -5944  -3041  -961  -8365
contig 272
  -8988  -2003  -1988  -2092  -2006  -2998  -2983  -2005  -2984  -1704  299  3073  1839  5348  1991  85  -944  -1980  4631  -1809  7920  1813  1812  -9077
contig 273
  3911  -6071  7680  865  -2839  867  4780  1253  -3912  3913  836  839  6289  2925  3957  4054  -1220  -7456  -7753  -8245  4765  -3854  -8459
contig 274
  6390  7082  6789  -6401  -6853  190  -1881  188  1884  -6586  6403  5913  4656  -4525  -9010  6405  6790  -6854  -7105  6320  -195  196  -6393
contig 275
  -6802  4449  -1293  -8329  5017  -2631  2556  2555  1337  5067  -5066  6378  2550  4465  8534  -2548  1291  -4148  -2498  -5064  7649  -768  7976
contig 276
  -2696  2697  -1692  8564  214  -1464  4831  5482  5480  5479  -4911  -4837  5416  -5344  1661  208  -1465  4834  -4909  4906  4905  -12  2711
contig 277
  -5266  -359  -4482  4422  4421  -5188  -5189  5261  -5191  -5192  4419  -4418  -441  7681  -2056  370  3011  -3009  -7682  -2021  -6619  1959  -8053
contig 278
  -3248  -1172  -6851  -4508  3653  -5280  -1037  -3247  -7428  7806  -6919  3648  -1036  8240  -2456  -3298  -3239  -3643  -3237  -6218  -1030  -6216  -8930
contig 279
  -2042  424  399  5186  -426  5187  4071  5190  6920  -936  2058  -7492  1299  -1300  1400  1962  -2024  -8029  -2053  436  2016  9453
contig 280
  -3380  -3382  -2181  -2183  -2369  -2373  2185  -2351  -2418  5505  6948  -3410  -6185  -2317  3497  8441  -2305  6183  -6746  8400  572  -6644
contig 281
  4063  -1617  3977  -1618  4796  -4795  -1290  -4734  4730  4729  7432  -3967  3966  -3965  -4121  -924  -3776  -4724  3773  2667  4011  7822
contig 282
  -5248  1049  -3291  3728  -3213  -3306  -3295  -3730  3727  -3238  7772  -3243  -2596  1035  3245  -1322  1178  -1323  1312  -6467  -8986  -9073
contig 283
  -4093  -4091  -1403  -3036  6460  6451  -428  7501  -8075  456  -2043  -6084  -6303  -6706  -6716  4092  2045  5954  396  -6631  2048  -6345
contig 284
  -1758  -1774  -6  -1796  -276  -1759  -2864  -49  4890  -4887  6885  -7124  -1785  -1778  1779  -7118  5377  4882  241  5382  262  -5927
contig 285
  5546  -2426  -3490  -3488  -8488  3486  -1339  -660  -7090  2497  5150  728  8428  -680  -729  2547  2549  684  -4466  -6326  6830
contig 286
  3982  1610  2568  -8251  -7457  -4790  4058  3980  1221  2832  -2672  4760  1259  4786  -1258  7396  2747  2749  2746  853  4753
contig 287
  6812  -6293  -4159  2841  2842  802  3760  2784  9437  2787  -2788  3761  -2790  8896  803  2786  2843  -4160  877  6285  -9045
contig 288
  -6150  108  8434  -6810  -1892  -8543  -106  -3198  6123  983  -3676  -984  6400  -4666  -1877  6410  -4668  6852  187  -1879  6587
contig 289
  -4558  90  4559  4328  1348  -6332  4327  -6909  6667  6441  6904  -6669  -2563  636  3212  -8452  6839  6367  -5249  1052  6383
contig 290
  7973  -4132  4133  -1480  -5713  4134  662  -7000  6675  713  6657  666  6333  -4326  350  -35  -2102  -2140  2139  324  -8577
contig 291
  -6268  -854  4757  -4785  4758  3806  -3882  -3756  -3807  -4111  7678  -3808  3809  819  4116  6775  -6260  884  4706  -829  8975
contig 292
  1926  5330  8056  -1922  332  1921  -1918  1916  5256  -1913  -3025  -2941  5218  1904  1903  -1900  959  -1898  5329  8629
contig 293
  1061  1019  -7946  3452  -8139  5784  -3454  6749  7959  3328  -770  -5969  -1130  6191  2198  5548  5549  5864  -2194  6115
contig 294
  -4817  -1458  4816  -5426  -5427  7517  -5303  -5923  -5341  5488  -1454  1453  -65  -7238  -6075  9141  -5899  9027  -1451  -7349
contig 295
  2543  -727  -5061  -5016  -7975  4303  767  2537  5163  -5053  6898  -4459  5051  4458  2580  -4305  5692  -8324  -1354  8323
contig 296
  4227  -8655  4642  8420  119  6130  6131  999  -1069  -8024  6633  -7295  3000  4414  8370  -1960  -437  5263  -400  4485
contig 297
  15  -7490  -209  5415  -5476  -5475  -5388  -4917  -5412  -5311  5336  -4953  1470  4846  4956  -4957  1654  -6603  1651
contig 298
  2606  712  2600  8049  761  -5174  -6901  759  4437  -2534  5022  -758  -5021  -4436  4351  5123  -8657  2533  -5122
contig 299
  -3802  -2742  2743  -875  -4101  1204  7440  -2745  4055  -4014  -4151  855  -4056  -1207  3881  -2748  2750  2851  3884
contig 300
  -3818  1281  3754  -3820  -8043  3822  2870  3925  4741  3924  3923  -4038  3920  -4100  -3798  4149  4099  3795  -7066
contig 301
  5960  -8078  628  -3144  3146  1027  3148  1009  1011  3630  -6147  6238  -1014  616  -6168  284  -7910  -7911  -7112
contig 302
  3888  7474  7429  7062  -4010  2665  -2666  2803  2846  -3993  -7438  1278  -1212  -4738  1289  1288  1211  -6265
contig 303
  -1919  8273  1920  -432  2948  5235  -5214  -1409  -6348  -6347  -6455  -4495  -2066  -448  -3047  -3946  4492  6834
contig 304
  -2432  3598  781  -3143  627  -8237  -3145  -3602  -150  1028  3150  3153  -2594  3678  3161  -3677  -8458  -3674
contig 305
  3638  -3640  -3235  -3642  -538  2231  2232  548  -3389  -541  -2382  -542  -5743  -5739  3428  -1146  -513  -7928
contig 306
  -2511  741  -2514  -688  4246  -4247  4249  -5095  -5097  5099  5100  5102  5178  5105  -5106  737  -4697  -4781
contig 307
  -6707  337  5254  -932  -5209  -431  -1915  430  -1912  -1910  6496  931  8363  5220  1902  -452  -330  -6708
contig 308
  3037  6111  -7312  -5318  6794  -6795  7145  6916  -1402  1958  1957  -455  362  -7826  1954  -2974  1953  5953
contig 309
  5184  5074  9450  -54  -5073  -4140  4435  -5116  -2659  -2660  2662  7221  -6046  2536  771  6674  -6677  -7001
contig 310
  4190  4187  8113  4231  4376  4085  4233  -2475  8852  -5089  8732  747  -7537  5654  -5653  -698  743  5147
contig 311
  7739  -7737  -3116  -3133  -3106  -2101  3104  -3102  8180  -1712  2097  -6486  -346  2134  5941  2118  -3095  8788
contig 312
  1301  -1413  1415  8124  -8122  -4541  -4560  622  -6177  -6007  621  1016  -6170  6169  -6117  -3279  -6728  -6176
contig 313
  -4359  5030  -1356  1344  2526  5036  5037  -719  -670  -7514  -672  4314  4313  4280  4468  8331  -2576  5721
contig 314
  4404  435  6349  433  5207  5208  4403  -336  8627  -334  -1925  -333  -6628  -335  -5331  1924  1923  -8357
contig 315
  -4880  -4937  2868  1775  5437  6506  -1429  5459  -9368  5338  -4997  1806  6883  -4939  8093  4941  9025
contig 316
  3107  2103  2989  -3117  5315  3105  -37  -4361  5726  -2612  6560  1325  -7305  -4356  -7139  -1296  7133
contig 317
  5384  -2857  -6936  -6887  260  -2858  -2859  -6069  261  6891  1439  -5438  4892  -6890  6939  -1441  6940
contig 318
  -2704  1664  2706  1663  4836  2709  -4835  -5478  4910  -4833  4832  -4908  4904  5484  4903  -4830  8090
contig 319
  -1639  2717  -905  916  1679  7857  -1681  5421  -5467  -8104  5424  -6431  -8377  -63  5308  5340  5895
contig 320
  -4090  5222  -4087  -1963  2027  -2028  2057  -2026  -439  -3010  2023  -2022  -2020  7344  2019  -3007  7025
contig 321
  9011  6402  -192  -1883  191  1880  5908  -184  4664  -1181  -5911  1625  5918  1891  -1897  4644  9093
contig 322
  906  -281  -4883  -6518  -282  -9196  2861  7125  -280  210  -4976  4975  -4861  5394  -4860  -6606
contig 323
  3532  -2184  -3408  -5504  -8481  522  9008  1523  6565  -1524  -2420  6198  -6744  6643  -2182  -6536
contig 324
  1804  -4949  -278  -75  6896  7157  295  6513  6425  4889  6483  6511  235  -1761  1762  5385
contig 325
  -3681  3448  3449  1120  -8140  -1555  5859  -2400  -9043  3557  -2399  -505  -2201  -3420  2396  8645
contig 326
  -6507  -234  8296  6484  6426  4886  4891  294  1435  245  -2865  246  -50  -73  -55  6961
contig 327
  -3211  6236  7314  -1007  -3294  3729  7229  3726  -1388  -1389  -6312  -1005  5246  5244  1071  8547
contig 328
  -5335  -4958  4921  5407  7520  -5406  -1647  -5305  -2685  1644  -1642  6077  1803  -2723  -1690  -8950
contig 329
  3759  2783  -7577  -8047  -2789  -1241  -2793  -1243  6263  -3764  4027  -3766  7887  4109  -4155  -7183
contig 330
  5486  8636  -4818  5387  -8263  -248  249  1452  -1666  4810  -4804  5372  -1447  -4800  -4807  -7845
contig 331
  2013  2014  -8982  3001  3030  5238  -2017  3053  -956  8356  -438  3008  -6620  -5193  2025  2055
contig 332
  -7841  4276  5660  8734  6548  5183  -2492  704  2493  757  -8426  5665  6672  2468  4274  8736
contig 333
  5656  5659  -5730  -689  5145  -6658  -5120  -5092  744  -2478  -2479  -1382  -4441  2480  -746  -6054
contig 334
  -5765  2365  -2174  -7210  2179  5763  7949  -3741  3379  -602  -2368  -1123  -5975  3534  303  -7181
contig 335
  -3324  5628  5630  -5556  -1160  -6721  -5506  -2312  -5558  1141  2403  507  2307  2402  5561  5559
contig 336
  -4933  880  -994  -634  -7771  2436  -996  1867  -4670  -998  3163  -3165  3168  -6761  -6589  6588
contig 337
  1621  -7324  -1624  -7558  -843  -8294  6781  3847  3899  2814  -6273  -3865  -9416  4004  -4037
contig 338
  -2030  -3054  7484  -7870  8274  6986  -2077  -4072  4420  7483  3003  4424  4484  -4067  6305
contig 339
  -3701  2147  -122  -3695  -3697  7611  3547  3352  7633  6000  -3571  3521  3522  -565  6943
contig 340
  -3049  450  -2944  4401  -5221  6816  -5259  6715  -4411  -6350  6817  4498  2068  7197  6976
contig 341
  -647  -3270  -1184  3273  3658  -1185  -6249  116  3256  3255  -3668  468  -2433  1025  -6140
contig 342
  -1894  -1198  982  6857  -4665  8780  4677  -1893  -1875  6858  5912  -185  4667  -186  -5910
contig 343
  -2308  5807  -8166  5808  3469  3560  1114  -6578  5843  -5844  -5566  -1569  1003  -1051  8557
contig 344
  3231  -1004  7761  -6223  -642  3264  -1006  8451  3672  -3267  -3290  -6165  -637  -1074  -5250
contig 345
  -4806  7847  -5433  7390  -4802  -7389  1792  -7388  -7825  4805  4809  5925  -8958  -5926  -9035
contig 346
  -1645  7859  -229  6604  -1789  -1650  -1653  -1655  69  4954  -4845  -5456  1697  4842  1657
contig 347
  787  -789  3787  -1238  -1239  4719  4717  4773  -4714  -4712  794  -3984  -3877  -4709  -8015
contig 348
  5791  3326  -1544  8315  4343  4345  7650  -4145  736  -735  -7979  5678  -4289  -8997  -6053
contig 349
  2461  1102  7766  -3252  -1057  -8514  -1056  -3712  -2455  7813  -3670  3669  -1179  2453  -8453
contig 350
  5958  312  -1733  1769  1732  -1969  -6107  3114  -2122  6929  -311  -388  -5966  -3109  7023
contig 351
  9006  6568  5744  2234  -8599  -3427  -1562  1527  573  2240  517  -1152  1090  9392  9325
contig 352
  2499  -2501  7135  2502  -5109  -6322  82  3836  -4770  -2777  -8295  -2779  2780  -3841  -4035
contig 353
  9116  5397  -5446  -252  4857  -2725  2722  909  7131  -4968  -4966  -4952  -9432  4965  9367
contig 354
  9324  509  8149  -8518  2176  2366  -3378  511  3531  2367  5981  2050  5264  -5196  -9405
contig 355
  6076  5430  -9030  5487  7850  -5489  -4814  -6923  -7878  4813  -1450  -6524  5431  7516
contig 356
  3624  7085  -115  6673  1064  -3662  1306  147  1305  1063  -7924  -128  -4204  -6299
contig 357
  2306  -5564  1140  1115  3558  -2401  -2303  5974  -8307  -504  3412  -2200  503  8644
contig 358
  -6248  -145  -4561  1739  -125  -162  -1740  161  -9340  1020  -5880  -6179  6040  -8766
contig 359
  -2642  -2640  4259  -8567  -4260  5651  -7836  -4261  -4074  -4264  -4265  6373  1381  -4408
contig 360
  6344  5276  -5275  5272  5270  5199  -4474  4185  4184  1081  3603  -2592  -3147  8013
contig 361
  1983  2078  1982  4660  21  7606  -3072  -2009  1834  4224  -2119  -7608  -3071  -8133
contig 362
  -3091  -2109  -3123  3122  -3121  8919  -317  -42  316  5968  3119  6091  1968  -8578
contig 363
  6591  1860  -1859  -7031  -6585  -633  7770  3171  8446  -2434  -3742  4671  -421  -7600
contig 364
  6630  401  4425  7097  -6353  4405  6461  -429  5964  -5319  -457  -2046  -2047  8077
contig 365
  6671  -2488  -5079  -5080  752  5081  5140  5133  2486  5086  -6832  2655  2528  9095
contig 366
  238  -1828  2905  -7158  -4869  4867  4866  4983  4982  -20  -8082  4865  -4980  -5442
contig 367
  1748  919  -136  9055  -5888  -1479  4944  5001  5002  -1477  6884  5492  -4940  8372
contig 368
  4591  -4590  1417  -2099  963  1361  -4282  -2564  2566  -4126  -5705  8495  -2535  -8609
contig 369
  7130  -4978  -7529  4981  -1827  5436  -5440  -5008  5009  -1514  -213  -4873  -8258  -7881
contig 370
  -7236  -2932  -3914  -7447  -3949  -1284  -148  7899  -4118  -164  4576  -1736  4601  -9402
contig 371
  -5507  3544  3543  -3416  7041  976  -2285  -2287  977  -2290  1541  5871  -5616  6527
contig 372
  -4645  -980  -4226  -8189  -3615  3189  -6033  4614  177  4612  -1890  1878  4217  -4676
contig 373
  -2701  1695  2703  -8380  -7512  4913  5477  -4912  4838  4839  -1466  -5313  -5312  -5413
contig 374
  5677  -5675  695  -6803  -1334  -6899  -1333  -5674  -9120  696  -6325  -7999  -4336  -9083
contig 375
  -5701  -1482  -2571  1357  5703  -765  1358  -1370  715  2567  -4462  -4587  -168  7590
contig 376
  8257  -5301  -5302  4925  -8092  66  -6889  902  -1455  -1808  8938  8935  -4819  9143
contig 377
  8355  2888  2889  4998  8375  1786  -5000  -4938  897  1476  -7128  -257  881  8632
contig 378
  -797  2741  -4150  7546  -798  2744  3803  882  -4755  7067  820  7413  -7084  1605
contig 379
  874  -799  -2668  -1213  3794  -3878  8027  2740  -2739  3753  -8278  -2737  3788  2736
contig 380
  2095  2096  -4543  -4575  1713  -1767  4547  169  -4545  -7576  -4572  -393  4574  -7316
contig 381
  2100  296  5800  5801  3350  5626  5627  -5629  -5803  -8167  3476  6193  -3474  3473
contig 382
  -3586  -1864  1885  -7741  4220  156  4650  4651  -158  -8545  -1858  -4641  -6409  -8192
contig 383
  3453  2204  -2376  -2271  -6650  -2199  546  -1129  6750  3682  -544  -8592  -3512
contig 384
  -6693  -6063  1286  863  -9108  3896  2878  -3858  -846  6267  6797  -9114  9109
contig 385
  2830  -3862  -822  8253  -3983  -1264  4059  -4792  -4710  1266  893  -1240  4711
contig 386
  3887  2664  -139  -4028  -138  -4774  1242  6283  -6787  7818  801  7018  -6697
contig 387
  -5083  5013  -6318  4235  -2482  748  5091  -2481  -763  -699  745  -697  -7876
contig 388
  7110  987  9135  -988  -8927  -8929  3172  1887  -4672  995  -2435  -997  9134
contig 389
  4373  4188  -655  -7832  4084  -750  700  -7997  5090  -5088  -5087  -5084  -5142
contig 390
  -2226  2380  3524  -5740  -487  -7632  2316  -7964  3517  -2222  488  -489  3698
contig 391
  -3179  3178  -7479  7478  4221  1866  -1886  3175  3174  -4526  -3173  -993  7102
contig 392
  -4569  243  4460  5110  -5020  8316  9336  6900  -6907  -4136  -1326  -4364  -8659
contig 393
  -123  3495  -525  6636  2214  -2216  -2217  -485  -8819  -3423  2215  6175  -9140
contig 394
  7852  1686  -133  5425  -1684  7856  1682  132  -9  59  6530  7942  -7941
contig 395
  -6226  -1066  4216  8184  -102  -1845  -100  4522  175  130  -4521  -3610  9087
contig 396
  -478  -599  -6992  -1091  1092  8156  -5812  5814  1537  -1538  5876  575  -3526
contig 397
  4756  6873  876  -5432  -6924  7848  -5370  5371  8268  -1446  1445  4797  -5434
contig 398
  4046  -4047  850  -4779  4691  -1422  -3947  -3948  834  -3950  -3952  -4699  -4700
contig 399
  -2538  -2496  -4455  5055  4454  4453  5052  2587  -4519  -722  -776  -4457  7667
contig 400
  -5565  -5563  6164  -8152  -3563  -3735  2209  -978  1086  5798  1550  5555  -8229
contig 401
  1304  114  -3657  -1022  -3272  -630  7054  6211  6210  -1060  6247  -6010  -8123
contig 402
  -6616  -2035  6085  -3016  -5252  -3015  5352  5350  962  341  -8504  2061  6629
contig 403
  -870  -6815  -4102  4013  4754  -4784  -203  -4015  4016  1206  6276  1252  -4787
contig 404
  5545  -583  -2288  532  -2356  2355  -8593  -8485  2352  -3418  2416  7204
contig 405
  3530  -3381  7950  3383  1122  -5584  7704  8235  5586  2177  -510  -5756
contig 406
  -484  -1137  6201  5522  1535  -5832  -5833  -5835  -567  -5528  5809  -7277
contig 407
  4039  2680  3860  8285  -3823  -3824  -2761  -2762  -2763  -3825  3826  8587
contig 408
  3536  -1565  1564  -5645  1563  -570  -3501  -2321  1139  -8231  -8236  -6195
contig 409
  5685  4297  -4298  -4299  -681  -2540  -5058  5057  -1320  -2539  -5060  -7988
contig 410
  -4843  -4844  -70  6602  256  4955  -5453  -6517  -5452  -4852  5449  4853
contig 411
  1862  -1895  3193  3191  8464  7480  1854  -4225  181  -1853  4230  8554
contig 412
  6911  -5673  -8333  1350  4342  4340  4338  8615  4337  6324  -9461  9381
contig 413
  -7089  4290  -8612  -2521  -693  -8998  5720  1488  7137  -6912  8334  -8491
contig 414
  -2114  3096  3126  -2987  1985  1768  1716  -1715  -7574  1710  4571  -8325
contig 415
  -1126  6181  477  -5610  -1132  -5531  5533  5535  -5536  7717  5537  5613
contig 416
  7172  -1485  5149  1340  5688  1353  5687  1374  5686  707  6837  -7652
contig 417
  -4994  -6880  4877  4878  4995  6435  -6525  -1754  8041  17  -1794  -7328
contig 418
  7273  7272  -7231  -7785  -8558  3210  -3209  8450  3623  -9127  -6762  -9126
contig 419
  2776  2778  7283  -2809  7555  -7557  2815  6782  6869  -8282  7240  8620
contig 420
  -6030  2476  2472  -4409  4407  4094  4270  6295  -8271  -9442  -8733  -9079
contig 421
  -3195  -3196  -6407  4646  1594  105  -8555  107  -3275  -3276  109  8918
contig 422
  2229  1191  -7426  6225  3713  -3617  6471  -1076  5236  -2440  -7984  8004
contig 423
  322  4167  -89  3086  -6097  43  315  2129  2130  -5367  -319  7156
contig 424
  -1298  1966  7497  6104  1297  -4177  -7496  -1950  1951  2976  1956  -8275
contig 425
  8068  -4486  8067  2954  4487  -4176  405  8050  8674  -352  -406  8069
contig 426
  -2362  2164  -8147  -3527  -3374  3515  -2169  -2170  9198  3377  1590  5762
contig 427
  3347  1161  8526  5518  -3346  -5517  1534  3332  -5513  7360  -1187  -8168
contig 428
  -2929  4215  2924  -4214  835  -2933  -837  -8185  4002  -3907  -3999  -6264
contig 429
  -4603  -1703  3158  -3159  3160  3162  -3164  -3675  -3167  7405  -7809  -7765
contig 430
  6412  -3849  844  -2824  -859  -6798  2822  8281  -2820  -7398  -6799  -7556
contig 431
  -6469  -1201  -6468  5279  -3302  -8863  -8125  6466  -5278  -4509  1034  -7095
contig 432
  -2088  3066  373  5956  5957  7190  446  -2090  2091  -7246  -3061  8392
contig 433
  3886  1248  -1247  -805  4161  2795  -807  -3762  -2844  4045  4025
contig 434
  -2973  -360  2975  -1955  -7494  -363  -427  2977  -5299  -3035  9065
contig 435
  2141  8304  3353  -490  -2145  3356  -492  7968  2146  6202  -7951
contig 436
  1638  -58  57  -218  -1637  1687  4900  216  4828  4829  -8573
contig 437
  3518  -2206  2377  2205  -3455  -3456  545  -3457  6581  5551  5794
contig 438
  3963  -8248  -3964  -8552  780  -8023  -925  -926  927  2729  -8889
contig 439
  442  -2189  6300  -4212  1852  -7735  2995  1851  -4209  -4625  -7111
contig 440
  6888  -45  1438  -1437  -2721  -7165  5380  -5378  6514  2  -8371
contig 441
  815  3777  3775  3889  2804  3772  3744  7581  2802  7888  -4771
contig 442
  6991  3465  -3464  2266  -6640  -3309  -8525  5519  -491  3355  -9147
contig 443
  3097  325  -3098  -170  -942  3099  4549  -4166  -4592  4544  6624
contig 444
  -7093  930  -1899  1901  -1905  -1907  1908  3024  9456  -1909  8984
contig 445
  3582  3580  990  -989  -986  -6256  -6242  6157  6155  -985  6241
contig 446
  -5933  5947  2037  -2038  354  -353  2036  -6360  8353  8963  8965
contig 447
  2768  -2769  -3940  -7758  -2669  -886  -2770  -6696  -2771  -144  2774
contig 448
  3129  -1986  4546  -418  4548  1717  -1718  -2986  1719  172  -5364
contig 449
  7237  -2938  6062  -6292  2935  -6056  -3917  6291  -6290  -4001  8619
contig 450
  -5984  9202  6754  7044  5982  -1151  2220  -3437  -3440  8445  8439
contig 451
  3154  -3707  3608  3166  -7256  1045  3170  -8550  2904  -7408  3287
contig 452
  -7400  -4678  2754  3890  -4708  -4707  -4114  4117  3812  857  -8861
contig 453
  1646  2881  4961  6505  -5405  5306  -4964  5403  5450  2684  -5402
contig 454
  7751  -7752  8244  -4767  3856  3853  -845  3850  -3895  3848  8624
contig 455
  -7820  8778  4154  -4723  -5883  7823  -3745  3770  -1234  3743  -8009
contig 456
  4324  4323  4322  5706  4281  667  4360  -668  -1371  1369  -5704
contig 457
  2585  -723  5049  5048  676  5046  -2648  -6847  -7991  -597  -4310
contig 458
  5215  -5213  5211  950  338  3040  8055  949  5332  5255  8966
contig 459
  2602  4355  4354  4352  4365  5718  1410  -6045  2530  -2615  8328
contig 460
  146  -4602  -163  -6041  -127  -3274  2460  1062  -126  -3281  -8277
contig 461
  5289  -77  -1783  1757  1  5498  -4948  5497  6516  -1065  -6427
contig 462
  -4406  395  8362  5320  -5298  2978  425  7869  5945  937  6977
contig 463
  -5376  -7846  8474  -4798  -4799  -4801  5373  -4803  -1448  8959  5900
contig 464
  4513  -4254  -4253  -2506  5177  6447  2510  -1332  742  -2651  -8540
contig 465
  -6479  1945  1407  1495  1493  2062  -2060  340  6098  339  -8563
contig 466
  2104  -1707  4588  2010  444  36  -349  3103  -5361  348  -3131
contig 467
  -2039  1965  8073  -1967  7868  -1946  -4070  5260  -4423  -7493  -4068
contig 468
  -4044  1217  -2678  8480  791  1257  -6814  -8291  -80  -4726
contig 469
  1245  -804  -2791  -2794  806  -3763  808  -2663  3765  -7061
contig 470
  -3125  -171  -1984  -173  -2133  -5942  5368  -8224  345  3128
contig 471
  -5790  -483  7707  5825  -5827  5514  2267  5515  -3467  -8309
contig 472
  -220  4824  7487  221  -6878  -4988  -4986  -5422  4821  1428
contig 473
  5806  5557  -1554  -7939  -508  -7940  8232  1142  5501  8487
contig 474
  6981  -2072  2041  2073  -5961  3039  3038  2049  -5965  -8076
contig 475
  2807  813  -4156  2805  -7011  810  7184  140  4761  4024
contig 476
  7053  -286  -6006  7892  -160  6206  -7217  6119  -1018  -7255
contig 477
  3652  3654  1174  -1175  7416  -3655  -6664  1173  4507  -9014
contig 478
  -2237  3426  3425  7630  -5583  -7960  -5502  3386  540  -3538
contig 479
  -1029  -2595  3641  3644  -7773  3241  3646  3242  1033  -8011
contig 480
  3725  7808  7802  -3671  -3266  -3265  -3262  -6133  1189  -6808
contig 481
  155  -5316  -958  -1872  302  3080  -5355  -1977  95  -1978
contig 482
  4379  4442  -5731  7833  4234  -5143  -2485  5085  -5082  5139
contig 483
  -6087  6709  2980  5200  -5269  -5268  -5197  -954  -3058  6088
contig 484
  -3226  3227  3228  2445  2446  2447  -3721  3722  -3715  -7811
contig 485
  2361  -3369  2163  2165  -551  7970  7614  -8940  2156  8284
contig 486
  5317  7926  -5288  -1434  -5287  5464  5463  -1776  -1431  6938
contig 487
  2630  762  -5127  2603  5128  -5131  5172  5136  4366  -6827
contig 488
  610  -7837  4266  5646  -4096  -2471  -4268  7838  -4095  -9183
contig 489
  6282  3747  3780  -81  7915  -6261  -3746  7235  2845  -7063
contig 490
  -3012  -935  2054  1961  -5194  -1399  8051  2052  7683  -8503
contig 491
  -5468  -5339  5466  -1683  -5423  8103  8635  -898  -2882  7853
contig 492
  3014  2029  -3013  1964  4417  4415  -1987  9440  6502  -5347
contig 493
  2385  8399  -2383  -549  5745  3392  3393  539  -9007  9091
contig 494
  7990  -5161  -2582  -710  2583  -6670  -1484  2649  726  8205
contig 495
  -1167  1170  -5991  533  2289  3403  1155  -5614  1539  -5820
contig 496
  3943  -1599  6262  -2930  -2931  -8429  -8890  -8414  3908  -4000
contig 497
  -6520  5490  5004  -4374  4189  9015  -4191  6550  9047  8904
contig 498
  -8373  7534  -4993  4992  1517  -4990  8378  -4989  4870  -8468
contig 499
  -8639  3075  -6480  3018  3020  7696  -3076  -8111  -3021  -8981
