1	110	504294878.5	0	504292788	504296969	"Gb_09464"
1	2119	415245218	0	415223765	415266671	"Gb_20792"
1	2421	131250676	0	131108504	131392848	"Gb_09656"
5	323	171413459.5	0	171409765	171417154	"Gb_31618"
5	1927	176727177	0	176713041	176741313	"Gb_10139"
5	1927	173698826.5	0	173696825	173700828	"Gb_07029"
4	905	750736674	0	750653562	750819786	"Gb_00552"
4	2232	732544090	0	732427190	732660990	"Gb_19378"
4	2232	728271948	0	728159668	728384228	"Gb_22177"
4	1733	734632267.5	0	734631972	734632563	"Gb_26920"
1	871	NA	0	1128314885	1128439708	"Gb_17059"
1	1881	220657077.5	0	220655932	220658223	"Gb_10452"
5	1893	111550899	0	111530498	111571300	"Gb_04916"
1	902	182031309.5	0	182030340	182032279	"Gb_05943"
1	5193	237710584.5	0	237709628	237711541	"Gb_25472"
4	858	734157246.5	0	734090025	734224468	"Gb_26916"
4	199	704776273.5	0	704775202	704777345	"Gb_36815"
10	168	630103929.5	1	630093243	630114616	"Gb_07909"
6	849	604540570.5	1	604520584	604560557	"Gb_16099"
10	1924	604200077	1	604198446	604201708	"Gb_06451"
10	1656	595622832.5	1	595318408	595927257	"Gb_21411"
10	1835	604671371.5	1	604491841	604850902	"Gb_04448"
10	1835	601893991.5	1	601777347	602010636	"Gb_06563"
10	1748	670898186	1	670850358	670946014	"Gb_03781"
6	1748	363843706	1	363841201	363846211	"Gb_36688"
6	167	631491825.5	1	631490692	631492959	"Gb_29764"
5	933	441136694.5	1	441075033	441198356	"Gb_29434"
5	535	512908076.5	1	512859802	512956351	"Gb_06458"
5	534	506471841	1	506459112	506484570	"Gb_06607"
5	1004	508668058	1	508548422	508787694	"Gb_00308"
5	1002	733830009.5	1	733823042	733836977	"Gb_21676"
5	6196	727868336	1	727867414	727869258	"Gb_38753"
5	2901	617054693	1	617051529	617057857	"Gb_05803"
3	1154	487565597.5	2	487540400	487590795	"Gb_16103"
3	572	619114442.5	2	619112952	619115933	"Gb_02066"
7	376	51397491	2	51369969	51425013	"Gb_27448"
7	467	25595269	2	25591138	25599400	"Gb_14049"
7	467	27407141	2	27407041	27407241	"Gb_22838"
7	3077	36944348	2	36943825	36944871	"Gb_02451"
12	969	230744077.5	2	230608521	230879634	"Gb_09913"
7	1876	288377433	2	288370880	288383986	"Gb_30396"
5	959	344437478	2	344430312	344444644	"Gb_05868"
3	3233	519957969.5	2	519845973	520069966	"Gb_36362"
12	269	556270355.5	3	556269212	556271499	"Gb_36988"
5	3108	572137277	3	572132793	572141761	"Gb_39640"
5	1766	533860920	3	533858455	533863385	"Gb_23910"
5	2914	538718843.5	3	538717781	538719906	"Gb_32072"
8	1610	650125331.5	3	650027912	650222751	"Gb_02879"
8	256	660393665	3	660393016	660394314	"Gb_32966"
8	945	548643060.5	3	548641613	548644508	"Gb_26152"
8	1930	585390978.5	3	585327569	585454388	"Gb_41150"
8	1946	349976507	3	349974952	349978062	"Gb_34034"
10	1946	501350176.5	3	501349488	501350865	"Gb_14125"
8	613	21984659.5	4	21984375	21984944	"Gb_30879"
8	612	18538353	4	18493133	18583573	"Gb_40603"
8	999	69964790.5	4	69769398	70160183	"Gb_22256"
8	2392	15648253	4	15645844	15650662	"Gb_03809"
8	2392	17002833.5	4	16939508	17066159	"Gb_16628"
7	2339	262061530.5	4	262058938	262064123	"Gb_02476"
7	618	267029762.5	4	267029079	267030446	"Gb_26781"
7	621	122042390	4	122041028	122043752	"Gb_26177"
10	228	59821191	4	59748638	59893744	"Gb_33904"
10	1625	255026814	4	255025948	255027680	"Gb_11676"
5	1626	49159187.5	4	49158786	49159589	"Gb_39726"
5	4022	46758660	4	46758164	46759156	"Gb_39727"
5	5482	557089822	5	557089134	557090510	"Gb_23258"
5	531	540068157	5	539997173	540139141	"Gb_32070"
5	2066	532545036	5	532526131	532563941	"Gb_23909"
5	931	619296347	5	619296031	619296663	"Gb_28410"
5	5662	611183598.5	5	611133431	611233766	"Gb_02140"
5	6250	443240566	5	443166334	443314798	"Gb_26617"
5	3545	474800089	5	474677654	474922524	"Gb_24145"
5	22	466449471.5	5	466448575	466450368	"Gb_30742"
5	623	469162915.5	5	469154247	469171584	"Gb_27784"
5	3364	567459187	5	567301378	567616996	"Gb_05040"
1	3362	766576024	5	766511875	766640173	"Gb_27390"
5	632	418418012	5	418373871	418462153	"Gb_03562"
1	224	852051198	5	852049815	852052581	"Gb_17190"
2	224	382334852	5	382332874	382336830	"Gb_28585"
2	5542	489052619	5	489044402	489060836	"Gb_02525"
11	6642	280893090	5	280605516	281180664	"Gb_31209"
2	5927	335927572.5	5	335926847	335928298	"Gb_32987"
2	4869	339198714	5	339196358	339201070	"Gb_04568"
7	1269	219974077	6	219973148	219975006	"Gb_36979"
7	840	240397640.5	6	240360025	240435256	"Gb_02960"
4	4664	618940870.5	6	618922109	618959632	"Gb_35816"
10	1020	58891939	6	58855577	58928301	"Gb_40272"
10	28	51476127.5	6	51258185	51694070	"Gb_15844"
2	1208	509390741.5	7	509389743	509391740	"Gb_02773"
2	5094	514558040	7	514557292	514558788	"Gb_15293"
2	743	444199233	7	444183673	444214793	"Gb_00154"
2	1538	445465178.5	7	445465026	445465331	"Gb_40856"
3	4269	95645634	7	95636010	95655258	"Gb_35196"
2	4269	446018703.5	7	446015350	446022057	"Gb_40860"
2	5141	495244383.5	7	495242270	495246497	"Gb_38601"
12	550	218520099	8	218379596	218660602	"Gb_30141"
12	1198	104433886	8	104313878	104553894	"Gb_22046"
12	1199	97170017	8	97128296	97211738	"Gb_27516"
12	4206	328362770	8	328280947	328444593	"Gb_11524"
4	398	146857901.5	8	146857336	146858467	"Gb_05672"
10	398	69041700.5	8	69040617	69042784	"Gb_10245"
12	6574	89267366	8	89242256	89292476	"Gb_12059"
12	1214	98277395.5	8	98245179	98309612	"Gb_17271"
8	4783	349630931	10	349507153	349754709	"Gb_19912"
8	2165	323644930.5	10	323562107	323727754	"Gb_34330"
8	1469	453499696	10	453440346	453559046	"Gb_31563"
9	1951	200379949	10	200379253	200380645	"Gb_21922"
12	771	546000732.5	10	545775319	546226146	"Gb_29521"
6	527	189911336.5	10	189910665	189912008	"Gb_13584"
11	527	319576879.5	10	319574543	319579216	"Gb_09524"
11	527	546501058.5	10	546498575	546503542	"Gb_26338"
11	120	320820525	10	320758588	320882462	"Gb_09525"
11	120	546155610.5	10	546072106	546239115	"Gb_06732"
7	552	577508867	11	577374764	577642970	"Gb_34913"
8	3758	16650729.5	11	16650277	16651182	"Gb_16625"
8	2932	112357738	11	112356448	112359028	"Gb_32351"
8	2933	106263145.5	11	106241027	106285264	"Gb_09060"
1	4667	786993765.5	11	786965983	787021548	"Gb_02314"
5	2707	116214344.5	12	116113931	116314758	"Gb_10723"
1	687	195416874.5	12	195345815	195487934	"Gb_08784"
6	2966	286481475.5	12	286481144	286481807	"Gb_35902"
6	2967	293286918	12	292975453	293598383	"Gb_29405"
6	3118	290818060.5	12	290816936	290819185	"Gb_12424"
2	5884	124218812	13	124165463	124272161	"Gb_21166"
2	1089	120857633.5	13	120856014	120859253	"Gb_11104"
8	1089	219261449	13	219259442	219263456	"Gb_39303"
2	3388	143229027	13	143117619	143340435	"Gb_15365"
11	1362	277016533.5	13	277016072	277016995	"Gb_27774"
3	1379	518191276.5	13	518189714	518192839	"Gb_04017"
2	1364	101989160.5	13	101985502	101992819	"Gb_11589"
2	4492	652036605.5	13	651849676	652223535	"Gb_39080"
7	464	31938303.5	14	31935786	31940821	"Gb_30641"
5	464	624888013	14	624855647	624920379	"Gb_21227"
7	474	51592459	14	51538265	51646653	"Gb_27449"
7	960	25188510.5	14	25185456	25191565	"Gb_26323"
7	960	30319285	14	30306990	30331580	"Gb_35164"
7	5768	34585375.5	14	34429011	34741740	"Gb_19876"
7	3017	288962178.5	14	288961550	288962807	"Gb_30399"
7	4129	528251442	14	528169470	528333414	"Gb_26979"
3	1856	474730756	14	474727793	474733719	"Gb_16184"
3	1857	468711593.5	14	468705357	468717830	"Gb_39263"
3	3472	522598215	14	522597047	522599383	"Gb_11507"
7	3472	192067992.5	14	192066839	192069146	"Gb_05835"
1	1845	175033719.5	15	174904343	175163096	"Gb_23346"
4	1085	435645632	15	435635819	435655445	"Gb_00676"
6	897	358062764	15	358039869	358085659	"Gb_20472"
6	848	600310107	15	600251601	600368613	"Gb_19472"
11	1060	45560547	16	45559672	45561422	"Gb_00233"
2	5559	628219246.5	16	628218723	628219770	"Gb_11396"
10	2720	343687931.5	16	343639539	343736324	"Gb_06339"
2	4310	303202636.5	17	303037277	303367996	"Gb_02814"
12	3473	178495570.5	17	178436238	178554903	"Gb_31921"
1	1697	NA	17	1092236182	1092238286	"Gb_23230"
1	1890	NA	17	1079079294	1079081350	"Gb_40264"
1	1890	NA	17	1079079419	1079080865	"Gb_40258"
5	5335	170179538.5	17	170179398	170179679	"Gb_31613"
5	1696	173543604	17	173542678	173544530	"Gb_07025"
5	1695	176112938	17	176081179	176144697	"Gb_11203"
1	6666	979712802	17	979617404	979808200	"Gb_23256"
1	2266	1004553255.5	17	1004314504	1004792007	"Gb_37830"
1	4320	1010333880	17	1010325128	1010342632	"Gb_13915"
4	914	703085062.5	17	703083874	703086251	"Gb_36830"
4	10393	698805681	17	698804944	698806418	"Gb_39757"
3	1490	37480443.5	18	37432332	37528555	"Gb_05609"
3	1254	74742143.5	18	74729364	74754923	"Gb_26474"
3	2510	316941495.5	18	316896753	316986238	"Gb_07780"
8	3	390111619.5	18	390110316	390112923	"Gb_29741"
2	2535	714153093.5	18	714151388	714154799	"Gb_30841"
2	1980	714300455.5	18	714289996	714310915	"Gb_30840"
11	1139	56032434.5	19	56030084	56034785	"Gb_38099"
11	2040	550946053.5	19	550838508	551053599	"Gb_10986"
2	543	235531747	19	235388398	235675096	"Gb_20817"
2	5539	236024951.5	19	236024445	236025458	"Gb_20818"
2	5539	141060937.5	19	141060510	141061365	"Gb_23309"
9	6964	43550813.5	19	43549269	43552358	"Gb_34627"
2	3477	280197263	19	280173325	280221201	"Gb_40581"
2	4932	46624067	19	46623738	46624396	"Gb_27800"
2	706	14070302	19	13943358	14197246	"Gb_26889"
2	125	5847414.5	19	5773898	5920931	"Gb_34494"
2	5144	13388537.5	19	13388319	13388756	"Gb_26884"
2	1517	670548427	19	670408114	670688740	"Gb_11945"
2	1939	605441330	19	605397635	605485025	"Gb_18524"
2	5	568806277.5	20	568781970	568830585	"Gb_31246"
12	2371	569208332.5	20	569207780	569208885	"Gb_30731"
12	2371	569277223	20	569276715	569277731	"Gb_30730"
7	1300	266744521	20	266678498	266810544	"Gb_26778"
3	4854	684103000	21	684011456	684194544	"Gb_02119"
7	1093	77526528.5	21	77525606	77527451	"Gb_06747"
9	1773	61306784.5	22	61294590	61318979	"Gb_14317"
11	1772	5729358	22	5605147	5853569	"Gb_30378"
11	3485	85551180	22	85547729	85554631	"Gb_07831"
2	5701	318442570.5	22	318440872	318444269	"Gb_36974"
11	1219	92804604.5	22	92803862	92805347	"Gb_17224"
11	1220	92113979	22	91807362	92420596	"Gb_12187"
1	3778	384315322	23	384122040	384508604	"Gb_15026"
1	1054	347396925.5	23	347230761	347563090	"Gb_39825"
1	1053	346749832.5	23	346745538	346754127	"Gb_40480"
1	1052	345790122.5	23	345750677	345829568	"Gb_40475"
6	1052	24794705.5	23	24793082	24796329	"Gb_38130"
1	1036	345365153.5	23	345219951	345510356	"Gb_40471"
1	1036	348718331.5	23	348716950	348719713	"Gb_21668"
1	1041	381034409.5	23	380996320	381072499	"Gb_15023"
3	2869	516710219	24	516554916	516865522	"Gb_14386"
1	3244	514026003.5	24	514021540	514030467	"Gb_24669"
5	5645	25323179	24	25322341	25324017	"Gb_29459"
1	320	136054016.5	24	136050599	136057434	"Gb_21879"
11	3293	182240101	25	182236739	182243463	"Gb_40126"
9	3714	187035916.5	25	187033912	187037921	"Gb_04102"
10	3935	478160195	26	477975588	478344802	"Gb_19582"
8	790	329955583	27	329953024	329958142	"Gb_39526"
8	1932	458863487.5	27	458814894	458912081	"Gb_34077"
8	1531	514446735	27	514445570	514447900	"Gb_38052"
12	1826	557800671.5	28	557745497	557855846	"Gb_41012"
5	471	471443395.5	28	471434948	471451843	"Gb_22686"
5	1810	606493780.5	28	606352927	606634634	"Gb_30260"
5	1634	606169997	28	606105229	606234765	"Gb_30255"
8	1024	330589602.5	28	330544632	330634573	"Gb_13248"
10	1400	548230424	29	548217002	548243846	"Gb_33378"
10	1074	432489117.5	29	432381262	432596973	"Gb_18649"
10	1709	48770973	30	48770487	48771459	"Gb_37714"
3	176	5950859	30	5950225	5951493	"Gb_40693"
10	176	344927425	30	344915929	344938921	"Gb_25567"
10	3438	162687270	30	162686972	162687568	"Gb_09118"
1	418	657285956.5	31	657200833	657371080	"Gb_13237"
1	1959	651678737	31	651633839	651723635	"Gb_14739"
4	6576	699855105	31	699854279	699855931	"Gb_01642"
7	568	686388309	31	686380660	686395958	"Gb_12530"
1	71	149014741.5	32	149013488	149015995	"Gb_01745"
4	624	525359655.5	32	525358339	525360972	"Gb_29211"
5	427	51083552.5	33	50943264	51223841	"Gb_30820"
2	773	545542542.5	33	545541284	545543801	"Gb_27949"
4	2874	652475526	33	652444304	652506748	"Gb_20939"
2	1537	448707427	33	448677990	448736864	"Gb_09808"
2	1537	446625594.5	33	446623818	446627371	"Gb_09800"
12	5588	625396036	33	625372486	625419586	"Gb_29230"
9	5588	506985721.5	33	506983756	506987687	"Gb_00487"
2	5589	594163178	33	594095841	594230515	"Gb_37860"
5	3786	210172409	34	210042835	210301983	"Gb_31695"
10	2740	620496468	34	620493451	620499485	"Gb_17099"
4	2740	15149132	34	15147814	15150450	"Gb_38847"
2	2740	351751979	34	351749792	351754166	"Gb_07512"
4	297	214844621	34	214842014	214847228	"Gb_38457"
4	1072	202368845.5	34	202289059	202448632	"Gb_08354"
10	1072	211414773.5	34	211370417	211459130	"Gb_36316"
4	2737	173402368	34	173250676	173554060	"Gb_29950"
4	1027	231867265.5	34	231864741	231869790	"Gb_39834"
6	505	477572363.5	35	477571726	477573001	"Gb_12907"
7	505	30820039.5	35	30819559	30820520	"Gb_31193"
6	381	64402336.5	35	64400559	64404114	"Gb_31755"
6	1494	539385631.5	35	539381820	539389443	"Gb_25776"
6	746	521893096.5	35	521767614	522018579	"Gb_13615"
5	2177	452734861	36	452733478	452736244	"Gb_15789"
7	2177	77270213.5	36	77268966	77271461	"Gb_23149"
10	1358	488082239.5	36	488066924	488097555	"Gb_37362"
10	1121	439408697.5	36	439407264	439410131	"Gb_20189"
6	1928	358731719	36	358730041	358733397	"Gb_20459"
1	997	798292090	37	798230869	798353311	"Gb_07483"
5	997	549648641.5	37	549647649	549649634	"Gb_31684"
4	5473	531657065	37	531655936	531658194	"Gb_03263"
1	1142	793917255.5	37	793822150	794012361	"Gb_36147"
5	145	111090976.5	38	111089896	111092057	"Gb_04915"
1	2191	145626053	38	145593654	145658452	"Gb_13280"
8	2960	587425685.5	38	587424384	587426987	"Gb_41153"
8	1012	651646970.5	38	651556442	651737499	"Gb_27991"
1	957	772510741	39	772412095	772609387	"Gb_38660"
1	957	770872267.5	39	770697195	771047340	"Gb_39888"
1	4243	832466026	39	832465728	832466324	"Gb_23592"
1	2709	839286279	39	839285051	839287507	"Gb_24342"
1	2709	834564112.5	39	834561644	834566581	"Gb_17897"
1	2709	831112225	39	831024048	831200402	"Gb_40232"
1	5631	851031264	39	851005080	851057448	"Gb_17179"
9	506	195977081.5	40	195968276	195985887	"Gb_35063"
10	1820	623269519	40	623178563	623360475	"Gb_33072"
6	1872	389452593.5	40	389215015	389690172	"Gb_30357"
5	3516	728495831.5	40	728494101	728497562	"Gb_22696"
10	1282	161532713	41	161402974	161662452	"Gb_22465"
10	1672	414224761	41	414136720	414312802	"Gb_08627"
10	1862	401974116.5	41	401973297	401974936	"Gb_09559"
10	754	393218814.5	41	393217394	393220235	"Gb_11996"
1	754	916671138.5	41	916669894	916672383	"Gb_34637"
10	1912	333827246.5	42	333709202	333945291	"Gb_35635"
10	504	351666878.5	42	351666100	351667657	"Gb_25406"
10	1280	143619648.5	42	143579985	143659312	"Gb_18614"
10	1416	158122093	42	158118950	158125236	"Gb_08295"
10	503	341985102	42	341984537	341985667	"Gb_32340"
10	3357	413751378	42	413728305	413774451	"Gb_08629"
10	1710	49221043.5	42	49143042	49299045	"Gb_37710"
10	2293	335619080	42	335618113	335620047	"Gb_33421"
7	548	129751855.5	43	129734551	129769160	"Gb_16853"
6	52	68273142.5	43	68272231	68274054	"Gb_30970"
4	3535	741314550	43	741313508	741315592	"Gb_29276"
7	254	3962769	44	3961009	3964529	"Gb_08344"
11	448	165437655.5	44	165434147	165441164	"Gb_36524"
3	448	489035337.5	44	489034363	489036312	"Gb_16516"
3	2944	496327001.5	44	496279921	496374082	"Gb_11848"
3	958	497502474.5	44	497488912	497516037	"Gb_11480"
3	1621	500137918.5	44	500106004	500169833	"Gb_19268"
12	886	87519034	45	87438094	87599974	"Gb_12056"
12	5585	106317777	45	106231604	106403950	"Gb_29637"
12	6204	99666643	45	99666036	99667250	"Gb_31432"
12	5581	93429741.5	45	93284275	93575208	"Gb_12066"
3	3359	323608691.5	46	323475480	323741903	"Gb_07736"
5	1171	54659601	46	54524015	54795187	"Gb_19844"
10	2279	260397457	47	260376148	260418766	"Gb_35127"
10	6787	260925480.5	47	260924894	260926067	"Gb_14069"
7	4562	299986030	47	299984405	299987655	"Gb_22399"
8	801	16285919.5	47	16283845	16287994	"Gb_16632"
7	798	298560598	47	298559538	298561658	"Gb_29428"
7	31	563718577	47	563717412	563719742	"Gb_27566"
2	4603	661139626	48	661138453	661140799	"Gb_17403"
2	5636	98797544.5	48	98782891	98812198	"Gb_05917"
2	1389	102465947.5	48	102444010	102487885	"Gb_34800"
10	2785	93700550.5	49	93698122	93702979	"Gb_41470"
10	2827	102458230.5	49	102457686	102458775	"Gb_30901"
3	940	673065927	50	673059511	673072343	"Gb_05418"
2	940	532366063.5	50	532364489	532367638	"Gb_24488"
2	2873	552324635.5	50	552264762	552384509	"Gb_18285"
1	766	526561100.5	51	526317501	526804700	"Gb_29661"
1	1524	377844246	51	377743051	377945441	"Gb_10258"
1	3450	387951635.5	51	387950322	387952949	"Gb_35793"
1	732	411777716.5	51	411745695	411809738	"Gb_17699"
3	4875	697870056	52	697869470	697870642	"Gb_10627"
3	153	707570210.5	52	707569075	707571346	"Gb_09499"
3	150	655424175.5	52	655423204	655425147	"Gb_30482"
11	150	133005559.5	52	132973366	133037753	"Gb_33416"
3	665	311493163	52	311489626	311496700	"Gb_03688"
3	812	308876040	52	308840262	308911818	"Gb_34888"
3	3943	354678756.5	52	354677122	354680391	"Gb_09370"
3	2089	356010150.5	52	356005299	356015002	"Gb_21315"
3	3908	304153180.5	52	304082686	304223675	"Gb_25171"
10	2576	65276563.5	53	65264605	65288522	"Gb_04127"
10	1739	57600377.5	53	57599278	57601477	"Gb_36016"
6	2035	324985545	53	324984317	324986773	"Gb_39451"
6	2035	324931580	53	324929313	324933847	"Gb_39452"
12	1169	180024230	53	179890949	180157511	"Gb_25229"
12	1169	192915233.5	53	192844227	192986240	"Gb_10012"
12	5228	156166585.5	53	156164850	156168321	"Gb_08547"
12	1201	155618147.5	53	155617356	155618939	"Gb_08535"
3	5452	647472347.5	54	647461822	647482873	"Gb_19591"
9	1339	107600331	54	107592549	107608113	"Gb_09687"
3	4180	678245225	54	678244063	678246387	"Gb_30928"
7	4182	85985486.5	54	85881574	86089399	"Gb_00257"
7	3408	9738338.5	54	9735094	9741583	"Gb_40551"
7	3287	11935616	54	11879113	11992119	"Gb_25885"
7	3923	12803716.5	54	12803193	12804240	"Gb_25879"
3	1344	642515950.5	54	642515539	642516362	"Gb_10031"
3	1345	622093568	54	622092892	622094244	"Gb_10897"
5	1546	249783774.5	55	249664761	249902788	"Gb_40667"
10	3177	415590742	55	415545744	415635740	"Gb_27959"
12	5590	43807848.5	55	43798878	43816819	"Gb_35087"
12	2331	222825259	55	222824146	222826372	"Gb_09260"
6	1276	45058367	56	45056622	45060112	"Gb_16825"
6	4832	26531527	56	26528503	26534551	"Gb_06821"
4	1528	248694163.5	56	248693798	248694529	"Gb_08187"
4	1898	228283699	56	228270473	228296925	"Gb_20609"
4	893	128418209.5	56	128417758	128418661	"Gb_00686"
4	893	128379144	56	128378814	128379474	"Gb_00687"
4	893	126966388	56	126965118	126967658	"Gb_00702"
4	892	116968902	56	116966098	116971706	"Gb_26958"
5	5719	356424767	56	356349632	356499902	"Gb_27628"
4	303	84824754	56	84823661	84825847	"Gb_38819"
10	303	606270737	56	606267761	606273713	"Gb_18035"
4	3809	110974622	56	110973953	110975291	"Gb_40146"
3	3536	470373402	57	470349694	470397110	"Gb_14095"
1	1923	61468348	58	61371346	61565350	"Gb_09312"
4	873	734971792.5	58	734971434	734972151	"Gb_26913"
4	1693	736557071	58	736360922	736753220	"Gb_27551"
1	876	1016787494	58	1016625799	1016949189	"Gb_36309"
1	631	766830747.5	58	766801434	766860061	"Gb_27396"
7	827	596108432	59	596107836	596109028	"Gb_06170"
1	1301	837522003	59	837519443	837524563	"Gb_13916"
5	1153	429990723	59	429990295	429991151	"Gb_08422"
5	8	442375770.5	59	442374242	442377299	"Gb_06534"
1	981	752116623.5	59	752056657	752176590	"Gb_38019"
1	237	769538095.5	59	769536689	769539502	"Gb_36720"
11	237	49498929.5	59	49497667	49500192	"Gb_17724"
3	2927	398514180	60	398512503	398515857	"Gb_39379"
8	266	31101942	60	31101170	31102714	"Gb_08805"
8	3058	30625950.5	60	30624754	30627147	"Gb_08801"
3	1569	250475542	60	250388702	250562382	"Gb_15226"
10	1569	445924683.5	60	445923313	445926054	"Gb_06928"
3	274	274319569.5	60	274304172	274334967	"Gb_37894"
2	561	539180599	62	539147559	539213639	"Gb_05693"
11	2377	472179855	62	472121440	472238270	"Gb_32360"
11	939	474349019.5	62	474335316	474362723	"Gb_30659"
7	236	566861891.5	62	566857979	566865804	"Gb_12518"
8	6013	8636699.5	62	8564838	8708561	"Gb_40058"
2	854	301147883	63	301037529	301258237	"Gb_25378"
2	855	301411030.5	63	301399469	301422592	"Gb_25382"
4	3976	716135458	64	716134459	716136457	"Gb_15752"
1	1964	651166767	64	651164226	651169308	"Gb_14741"
2	6473	339002764	65	338997302	339008226	"Gb_04569"
2	6071	352848771.5	65	352848078	352849465	"Gb_00416"
5	221	500592650	65	500534601	500650699	"Gb_01736"
12	6713	628137168.5	65	628136443	628137894	"Gb_36093"
8	1791	479575894.5	66	479575136	479576653	"Gb_23856"
3	1008	285569007	66	285529061	285608953	"Gb_40711"
3	1636	256841692.5	66	256750347	256933038	"Gb_35918"
4	1084	85824674	67	85805685	85843663	"Gb_38815"
2	1447	339944279.5	67	339926611	339961948	"Gb_37034"
9	1447	333907911	67	333897350	333918472	"Gb_29159"
9	4417	688581592	67	688429704	688733480	"Gb_18894"
1	872	79751481	68	79749750	79753212	"Gb_09601"
4	1882	737291532.5	68	737266950	737316115	"Gb_27557"
11	160	634340056.5	68	634329017	634351096	"Gb_04992"
4	160	753149331.5	68	753112746	753185917	"Gb_32202"
1	3206	991133421	68	991065329	991201513	"Gb_00559"
1	1713	984125519	68	984075530	984175508	"Gb_32348"
1	4824	NA	68	1085223596	1085382985	"Gb_04225"
1	5862	NA	68	1083245452	1083252595	"Gb_19169"
3	1338	206699772	69	206691960	206707584	"Gb_36938"
3	1328	203010373	69	202960870	203059876	"Gb_31916"
3	1325	351032373.5	69	350940336	351124411	"Gb_00928"
3	667	351440596	69	351271346	351609846	"Gb_18863"
3	667	305942169	69	305939716	305944622	"Gb_14221"
3	675	351979105.5	69	351976622	351981589	"Gb_18862"
9	1904	425419113.5	70	425418736	425419491	"Gb_35180"
3	1919	21060869.5	71	21060106	21061633	"Gb_38604"
4	1919	282144583	71	282144198	282144968	"Gb_21938"
5	1917	383424645	71	383253205	383596085	"Gb_33676"
4	1915	352257044.5	71	352255978	352258111	"Gb_05440"
4	1648	94621805	71	94481690	94761920	"Gb_13304"
4	1741	80953525	71	80953030	80954020	"Gb_21286"
4	2942	623310844.5	72	623189028	623432661	"Gb_32562"
10	2934	256155639	72	256119291	256191987	"Gb_24528"
4	4530	58329199	73	58328084	58330314	"Gb_16675"
6	2577	59127199	73	59125612	59128786	"Gb_35297"
6	4394	48570684.5	73	48536203	48605166	"Gb_14322"
6	1277	32877803	73	32831681	32923925	"Gb_14520"
4	1477	248473485	73	248472682	248474288	"Gb_08186"
12	5945	206283320	74	206259552	206307088	"Gb_30788"
12	2495	216424555	74	216381734	216467376	"Gb_33235"
12	1149	214724752	74	214629325	214820179	"Gb_33239"
12	985	36482314	74	36481554	36483074	"Gb_01609"
12	3899	51013168	74	51011274	51015062	"Gb_34864"
9	181	620646540	75	620639180	620653900	"Gb_04365"
5	181	372195935.5	75	372195745	372196126	"Gb_24331"
9	1743	668733695.5	75	668731591	668735800	"Gb_01245"
9	185	670338559	75	670334504	670342614	"Gb_07921"
4	185	431543365.5	75	431543252	431543479	"Gb_30691"
9	436	533477091	75	533474770	533479412	"Gb_39850"
3	79	310585986	76	310585066	310586906	"Gb_34416"
3	666	309870125	76	309869384	309870866	"Gb_34406"
3	1346	656838426.5	76	656633678	657043175	"Gb_29280"
3	1333	698444442	76	698442467	698446417	"Gb_18225"
5	2467	212268831	77	212224937	212312725	"Gb_15276"
5	2743	711891055	77	711889593	711892517	"Gb_21242"
5	2431	217248411.5	77	217112737	217384086	"Gb_10222"
3	3393	418970778.5	78	418968762	418972795	"Gb_31834"
7	5753	401329251	78	401235222	401423280	"Gb_00946"
7	4811	413505822.5	78	413505727	413505918	"Gb_41701"
7	3878	239139543	78	239045456	239233630	"Gb_22473"
1	1550	867174572.5	79	867172868	867176277	"Gb_31218"
5	3368	363216160	80	362977180	363455140	"Gb_35553"
5	1403	659754805	80	659753622	659755988	"Gb_33996"
5	1404	663116695.5	80	663104864	663128527	"Gb_05634"
4	1073	183096194.5	80	183095491	183096898	"Gb_23518"
4	1359	178237011	80	178236713	178237309	"Gb_08754"
4	1359	175355437	80	175226594	175484280	"Gb_16383"
6	1368	332991909.5	80	332820437	333163382	"Gb_39400"
1	4761	598447714	81	598371088	598524340	"Gb_10689"
1	1035	327933255.5	81	327932944	327933567	"Gb_34842"
1	1035	328038881.5	81	328038736	328039027	"Gb_34841"
10	1033	459793541	81	459766919	459820163	"Gb_00177"
11	1033	9592235	81	9590543	9593927	"Gb_21846"
10	917	659433890.5	82	659432940	659434841	"Gb_14423"
10	1749	661303763	82	661280736	661326790	"Gb_14413"
10	194	666839739.5	82	666829809	666849670	"Gb_39746"
10	1838	677355391.5	82	677226765	677484018	"Gb_08675"
10	899	687019990	82	686968788	687071192	"Gb_21766"
10	899	679245996	82	679188180	679303812	"Gb_39694"
10	1723	220762535	82	220762141	220762929	"Gb_06443"
10	4873	197359077	82	197358950	197359204	"Gb_00525"
9	1331	264669922.5	83	264669308	264670537	"Gb_13865"
9	3329	635720207.5	83	635718028	635722387	"Gb_23420"
9	3591	261955618	83	261940113	261971123	"Gb_13388"
6	1045	26156178.5	84	26070143	26242214	"Gb_06822"
10	1110	674375957.5	85	674333510	674418405	"Gb_31274"
10	1110	646306746	85	646229302	646384190	"Gb_37974"
10	1059	649970266	85	649969356	649971176	"Gb_40949"
8	255	171059356	85	171018070	171100642	"Gb_33908"
8	1767	476125081.5	85	476123461	476126702	"Gb_38343"
3	555	116234602	86	116139861	116329343	"Gb_01425"
3	4976	30713649	86	30712985	30714313	"Gb_36453"
7	6637	399663087.5	87	399661683	399664492	"Gb_35032"
7	3343	428390129.5	87	428340900	428439359	"Gb_30577"
7	5541	723981867	87	723981436	723982298	"Gb_03039"
7	5541	724135253.5	87	724100151	724170356	"Gb_03040"
7	3666	715670472	87	715541356	715799588	"Gb_12825"
8	5792	6657842	88	6601579	6714105	"Gb_12275"
8	4293	50919918	88	50916615	50923221	"Gb_14334"
8	4276	44997793	88	44997149	44998437	"Gb_01389"
8	4276	45145893	88	45145407	45146379	"Gb_01388"
8	5657	104094450.5	88	103955133	104233768	"Gb_06265"
7	819	70710358.5	89	70708811	70711906	"Gb_24319"
7	817	80062809.5	89	80061523	80064096	"Gb_37555"
7	817	79594952.5	89	79594189	79595716	"Gb_03673"
3	815	683927252	89	683926131	683928373	"Gb_02122"
5	2255	378186178.5	90	377930627	378441730	"Gb_29835"
5	169	373526016	90	373523366	373528666	"Gb_40282"
4	3784	259498768	90	259466933	259530603	"Gb_06580"
4	1455	62157789.5	91	62077397	62238182	"Gb_38344"
6	406	177412730	91	177412366	177413094	"Gb_16245"
9	4311	415804211	92	415778676	415829746	"Gb_36462"
9	563	416082886.5	92	416019773	416146000	"Gb_36463"
5	67	487042096.5	93	486919870	487164323	"Gb_05422"
5	57	517400470	93	517340576	517460364	"Gb_05860"
5	5806	597231689.5	93	597231340	597232039	"Gb_41226"
5	930	621306444.5	93	621303419	621309470	"Gb_32409"
5	5483	621892028	93	621788688	621995368	"Gb_32407"
1	1018	826002902.5	93	826002333	826003472	"Gb_16313"
5	5366	537316021	93	537265524	537366518	"Gb_32422"
5	636	542199369.5	93	542196153	542202586	"Gb_32037"
5	636	615084865.5	93	615082714	615087017	"Gb_10890"
5	636	542305893	93	542304893	542306893	"Gb_32058"
1	636	725660782.5	93	725659521	725662044	"Gb_13338"
5	1793	518628512	94	518618117	518638907	"Gb_05845"
5	1612	476420853	94	476212168	476629538	"Gb_24146"
1	567	756578794	94	756577992	756579596	"Gb_04185"
3	1334	702024742	95	702023226	702026258	"Gb_06063"
10	910	216086743.5	97	216046060	216127427	"Gb_28814"
10	1563	676045775	97	676027334	676064216	"Gb_41423"
10	5168	636117023.5	97	636115392	636118655	"Gb_12687"
1	2791	307835156	98	307808157	307862155	"Gb_37388"
1	617	661774567.5	98	661697761	661851374	"Gb_14475"
1	1173	851808936	98	851808202	851809670	"Gb_17189"
5	21	470061387.5	98	470060790	470061985	"Gb_22682"
9	205	28323323.5	99	28321803	28324844	"Gb_41126"
10	3188	692747428	99	692624974	692869882	"Gb_30710"
10	870	661254311	99	661251743	661256879	"Gb_14412"
9	1589	500628120	100	500561223	500695017	"Gb_32245"
6	752	673804216.5	101	673803494	673804939	"Gb_37354"
8	3644	17842958	102	17842463	17843453	"Gb_02909"
8	3644	18053192	102	18051932	18054452	"Gb_02908"
8	4279	20973649.5	102	20970825	20976474	"Gb_06391"
8	1567	594516701.5	103	594506637	594526766	"Gb_30916"
5	1794	607422935	103	607208653	607637217	"Gb_39516"
5	2912	584111731	103	583986212	584237250	"Gb_06147"
6	6035	203186538	105	203163497	203209579	"Gb_13366"
3	1351	408222749.5	106	408222304	408223195	"Gb_26428"
3	1351	423873532	106	423873122	423873942	"Gb_28134"
4	2084	701374265	106	701238210	701510320	"Gb_08986"
5	1107	22537103.5	106	22468391	22605816	"Gb_19077"
5	5990	11889037	106	11888571	11889503	"Gb_08577"
12	5990	27388493.5	106	27387761	27389226	"Gb_29632"
5	1105	180870294.5	106	180869602	180870987	"Gb_34533"
10	2402	267649646	107	267619504	267679788	"Gb_29331"
10	2949	274385253.5	107	274384381	274386126	"Gb_20061"
11	1754	627174945	108	627172996	627176894	"Gb_09644"
2	1266	502699777	108	502622943	502776611	"Gb_16350"
4	1266	277023030.5	108	276980299	277065762	"Gb_22523"
10	901	648616998	109	648615237	648618759	"Gb_03470"
10	881	694906964	109	694905110	694908818	"Gb_19850"
8	1308	42790558.5	110	42790146	42790971	"Gb_18452"
8	1308	106788742	110	106700014	106877470	"Gb_32230"
8	1309	40954924.5	110	40953239	40956610	"Gb_37343"
8	1310	38753924.5	110	38751786	38756063	"Gb_07382"
8	5521	9120842	110	9117138	9124546	"Gb_32213"
8	6258	39157480	110	39156612	39158348	"Gb_07398"
8	5124	44741370	110	44709017	44773723	"Gb_10167"
2	610	550325013	111	550323750	550326276	"Gb_18293"
7	610	577117518	111	577059714	577175322	"Gb_34910"
5	1183	630803108.5	111	630802935	630803282	"Gb_30325"
5	1568	614824258.5	111	614776501	614872016	"Gb_28897"
5	1014	718916444.5	111	718914857	718918032	"Gb_24098"
5	1809	576280385	111	576065124	576495646	"Gb_13934"
5	1809	600316461.5	111	600314906	600318017	"Gb_15614"
4	3904	269335365.5	112	269316417	269354314	"Gb_31163"
5	332	177027581.5	113	176943084	177112079	"Gb_10140"
1	2460	983528894	113	983526987	983530801	"Gb_29928"
1	311	998093033.5	113	997985230	998200837	"Gb_35139"
1	1395	1015568617.5	113	1015567904	1015569331	"Gb_17008"
1	1396	1014805653.5	113	1014767507	1014843800	"Gb_06758"
7	3414	401000573	113	400998979	401002167	"Gb_00947"
1	3574	180137878.5	113	180137623	180138134	"Gb_24081"
1	144	NA	114	1128004617	1128028519	"Gb_17071"
4	2678	751441817	114	751348592	751535042	"Gb_00550"
7	5984	394748896	114	394745832	394751960	"Gb_10619"
7	5995	392043655.5	114	391850459	392236852	"Gb_05379"
10	3953	544685628.5	115	544631080	544740177	"Gb_25336"
10	2759	594638301	115	594486659	594789943	"Gb_27798"
3	1506	34342876.5	116	34341947	34343806	"Gb_21462"
3	1504	21106988	116	21105563	21108413	"Gb_38610"
3	369	17587881	116	17586118	17589644	"Gb_00664"
3	2838	38598807.5	116	38586817	38610798	"Gb_11068"
8	2157	359826774	117	359821355	359832193	"Gb_18405"
8	4773	360619380.5	117	360480114	360758647	"Gb_15088"
8	3250	337371235.5	117	337188394	337554077	"Gb_37507"
8	1297	568000931.5	117	567996641	568005222	"Gb_23956"
12	3404	55480882	117	55479951	55481813	"Gb_11245"
7	484	437930317	118	437860299	438000335	"Gb_04033"
3	641	742515775	119	742313601	742717949	"Gb_03750"
5	1627	220650234	120	220618161	220682307	"Gb_02116"
8	234	649474109.5	120	649418555	649529664	"Gb_02875"
3	1026	340891834	121	340890403	340893265	"Gb_21078"
2	713	531992750.5	122	531838948	532146553	"Gb_24495"
2	713	540642851.5	122	540586515	540699188	"Gb_38396"
2	5462	532832573.5	122	532711123	532954024	"Gb_08869"
6	582	56193959	123	56192951	56194967	"Gb_32897"
6	5485	52128791.5	123	52126774	52130809	"Gb_17555"
4	2655	256842197.5	123	256787387	256897008	"Gb_06578"
3	77	204816857.5	124	204815845	204817870	"Gb_31913"
7	3365	433768218	125	433716987	433819449	"Gb_23600"
7	2327	338840987.5	125	338654378	339027597	"Gb_19065"
7	5467	350472133.5	125	350470362	350473905	"Gb_28170"
2	556	683455655.5	125	683450822	683460489	"Gb_20888"
8	142	376599207	126	376539564	376658850	"Gb_02292"
3	142	370598274.5	126	370596327	370600222	"Gb_08517"
3	2663	367919143	126	367918761	367919525	"Gb_34331"
3	2663	365641921	126	365502835	365781007	"Gb_11756"
3	2665	362704020.5	126	362670469	362737572	"Gb_29856"
12	5524	625650462	127	625649936	625650988	"Gb_29220"
3	1544	476414262	128	476394589	476433935	"Gb_15393"
1	3400	467508976	129	467474534	467543418	"Gb_06092"
10	6190	101632184	129	101631684	101632684	"Gb_15934"
5	3289	432712949	130	432707324	432718574	"Gb_24881"
3	50	215449659.5	130	215448237	215451082	"Gb_33922"
3	1798	45101932.5	131	45098555	45105310	"Gb_25795"
3	1797	52136197.5	131	52135085	52137310	"Gb_08690"
3	5342	59998103	131	59997510	59998696	"Gb_11139"
10	1658	645052894.5	132	644816374	645289415	"Gb_37969"
10	1658	642916420.5	132	642914085	642918756	"Gb_38929"
10	1840	693204542.5	132	693204202	693204883	"Gb_30700"
10	1657	692500719	132	692473201	692528237	"Gb_30711"
10	1887	665013630.5	132	665012309	665014952	"Gb_39743"
8	2390	567678829.5	133	567602989	567754670	"Gb_23951"
8	2390	590776854	133	590774300	590779408	"Gb_29566"
5	2316	625921625	133	625918521	625924729	"Gb_21223"
1	725	350488130.5	134	350487298	350488963	"Gb_01398"
3	5773	396194636.5	135	396190792	396198481	"Gb_21740"
3	1571	395983496	135	395925433	396041559	"Gb_21741"
3	1574	60504473.5	135	60501994	60506953	"Gb_38761"
3	7867	62401543.5	135	62377089	62425998	"Gb_16015"
9	7867	123194262	135	123191393	123197131	"Gb_15997"
3	6745	62826296	135	62675867	62976725	"Gb_16012"
3	5714	79323616.5	135	79278374	79368859	"Gb_40699"
1	761	913456889.5	136	913456661	913457118	"Gb_19603"
3	2090	362037063	137	362013178	362060948	"Gb_29854"
3	2070	203935320	137	203783206	204087434	"Gb_31910"
4	4132	360280820	138	360279913	360281727	"Gb_37901"
2	2340	715152453	139	715150352	715154554	"Gb_30839"
8	4335	659833913	139	659829361	659838465	"Gb_32183"
1	1087	1008720830	140	1008690591	1008751069	"Gb_41055"
10	3183	450208891.5	141	449975125	450442658	"Gb_29099"
10	1839	690013249	141	690011917	690014581	"Gb_37263"
6	560	316213046	142	316066540	316359552	"Gb_41794"
6	3885	310061466.5	142	310057305	310065628	"Gb_25602"
6	1272	205856641.5	142	205776624	205936659	"Gb_07886"
3	449	497096293.5	143	497095843	497096744	"Gb_33038"
3	1783	500795015	143	500630258	500959772	"Gb_19277"
8	9311	54682202.5	144	54387544	54976861	"Gb_15429"
10	3079	276100355.5	145	276032590	276168121	"Gb_16393"
10	462	277693538	145	277693031	277694045	"Gb_20116"
6	499	531521028	145	531518768	531523288	"Gb_31076"
11	2152	314719416.5	147	314719043	314719790	"Gb_38276"
12	1483	561266367.5	147	561202606	561330129	"Gb_03735"
12	719	542900280.5	147	542898188	542902373	"Gb_40051"
9	1816	62352371	148	62334755	62369987	"Gb_14318"
2	701	108035770.5	149	108033918	108037623	"Gb_14813"
2	1515	661530897	149	661501621	661560173	"Gb_00971"
2	1516	15471399.5	149	15310193	15632606	"Gb_21177"
2	1947	2948964	149	2873271	3024657	"Gb_29796"
6	1553	54449688.5	150	54448470	54450907	"Gb_23674"
11	1961	78151321	151	78150813	78151829	"Gb_03362"
6	1285	32555143.5	152	32501047	32609240	"Gb_00666"
6	395	45383293.5	152	45380313	45386274	"Gb_16815"
8	3733	677881798.5	153	677881224	677882373	"Gb_14193"
8	2355	687700361	153	687627951	687772771	"Gb_05732"
8	992	380536698	153	380536294	380537102	"Gb_37623"
2	1375	86215870	155	86214212	86217528	"Gb_18552"
2	1150	142573393	155	142562055	142584731	"Gb_15362"
2	2048	144522473	155	144519822	144525124	"Gb_07458"
7	2367	120578835.5	156	120507643	120650028	"Gb_26182"
5	545	729476273	156	729423822	729528724	"Gb_16690"
4	2732	248809393.5	157	248733765	248885022	"Gb_08188"
4	3384	36206491	157	36128868	36284114	"Gb_05546"
4	2413	25588259.5	157	25587791	25588728	"Gb_17317"
4	2414	24053719.5	157	24009834	24097605	"Gb_23571"
10	1264	64034723.5	158	64007606	64061841	"Gb_04126"
11	1207	610640841.5	158	610515536	610766147	"Gb_21527"
2	2870	445124828.5	159	445119711	445129946	"Gb_01078"
2	4774	562276071	159	562164221	562387921	"Gb_40028"
2	1486	535359472	159	535320079	535398865	"Gb_02704"
1	3248	930475051	161	930300884	930649218	"Gb_41462"
3	96	488950579.5	161	488942049	488959110	"Gb_16511"
2	1397	98338873.5	162	98323038	98354709	"Gb_29957"
2	1374	96405031.5	162	96402042	96408021	"Gb_04397"
7	1374	524727717.5	162	524727472	524727963	"Gb_24628"
2	1365	766650731	162	766646826	766654636	"Gb_28231"
2	1365	766728629.5	162	766728085	766729174	"Gb_28232"
2	2753	715630721.5	162	715608732	715652711	"Gb_33346"
2	2757	688842762	162	688804627	688880897	"Gb_26435"
12	2147	615009248.5	163	615008602	615009895	"Gb_10372"
12	4249	625227758	163	625226095	625229421	"Gb_29224"
12	792	85218172	163	85216836	85219508	"Gb_39683"
9	4244	273598708	164	273560191	273637225	"Gb_22666"
2	2584	182207102.5	165	182074162	182340043	"Gb_12284"
3	551	744853049	166	744840992	744865106	"Gb_26640"
3	2001	686497216.5	166	686386272	686608161	"Gb_23882"
8	3741	64467005.5	167	64465100	64468911	"Gb_26012"
3	258	52886441	168	52837067	52935815	"Gb_15309"
3	2313	65501057.5	168	65404693	65597422	"Gb_33641"
3	1795	65273368.5	168	65271524	65275213	"Gb_33642"
3	3055	63728811.5	168	63726891	63730732	"Gb_11314"
3	3055	63914616.5	168	63913963	63915270	"Gb_11319"
3	6731	72106480	168	72105520	72107440	"Gb_12699"
6	2580	323764273.5	169	323691005	323837542	"Gb_02925"
9	276	21010913.5	170	21010010	21011817	"Gb_30583"
4	1083	84295917.5	171	84167112	84424723	"Gb_01625"
4	2728	80265102.5	171	80264679	80265526	"Gb_21296"
10	2728	610920074.5	171	610918915	610921234	"Gb_05057"
5	1082	71014217	171	70987059	71041375	"Gb_07092"
4	1082	77617308	171	77616590	77618026	"Gb_21289"
5	498	344349056.5	171	344348328	344349785	"Gb_05863"
2	2872	551692054	173	551667813	551716295	"Gb_18297"
2	716	445703660.5	173	445701134	445706187	"Gb_40858"
1	1350	846636766	174	846636234	846637298	"Gb_32002"
1	6263	854725481	174	854723955	854727007	"Gb_15002"
2	6263	375558752.5	174	375557391	375560114	"Gb_41333"
1	5465	729126532	174	729125655	729127409	"Gb_13354"
5	5465	543141198	174	543139449	543142947	"Gb_32056"
5	2473	205715510.5	175	205714249	205716772	"Gb_14858"
5	1382	198022662.5	175	197953716	198091609	"Gb_35656"
5	1360	373919470.5	175	373918773	373920168	"Gb_40293"
5	1115	366084499	175	366063291	366105707	"Gb_34283"
10	1588	268162169.5	176	268149990	268174349	"Gb_29333"
5	894	219163256.5	178	219159020	219167493	"Gb_10224"
5	1714	358253561	178	358229272	358277850	"Gb_20442"
5	1897	360379315	178	360376265	360382365	"Gb_16343"
4	2092	88794911.5	179	88761181	88828642	"Gb_25982"
10	900	644339176	181	644319422	644358930	"Gb_37967"
9	900	23934213.5	181	23917307	23951120	"Gb_04106"
3	1977	443685279.5	182	443672117	443698442	"Gb_40890"
4	1977	500249887.5	182	500210100	500289675	"Gb_03500"
4	253	231210056.5	184	231205965	231214148	"Gb_22699"
2	5618	648754566	184	648753731	648755401	"Gb_22882"
9	847	666355056	185	666110371	666599741	"Gb_39788"
9	183	665773040.5	185	665770277	665775804	"Gb_39786"
9	211	667990019.5	185	667898478	668081561	"Gb_10239"
2	4	577430918.5	186	577351626	577510211	"Gb_22434"
12	1136	566220003	186	566118283	566321723	"Gb_41703"
7	6182	303765152.5	186	303566453	303963852	"Gb_39410"
6	2199	132242625.5	188	132228529	132256722	"Gb_21713"
1	2199	792255315.5	188	792127584	792383047	"Gb_14931"
1	2199	789900664.5	188	789826697	789974632	"Gb_35388"
1	3653	789112758.5	188	788991229	789234288	"Gb_16686"
11	6170	634776724	188	634704314	634849134	"Gb_04997"
12	3454	618350591.5	189	618349941	618351242	"Gb_12627"
12	3454	618589155	189	618512712	618665598	"Gb_12619"
12	2146	615224333.5	189	615113605	615335062	"Gb_10370"
2	4304	356977990	192	356768954	357187026	"Gb_17171"
6	2264	408630601.5	193	408628926	408632277	"Gb_35321"
6	192	409954317	193	409950955	409957679	"Gb_30339"
6	3227	416236542.5	193	416230021	416243064	"Gb_15447"
6	4063	418091433	193	417930922	418251944	"Gb_32393"
1	3914	NA	194	1126534182	1126678561	"Gb_20476"
1	2105	92850181	194	92847881	92852481	"Gb_07444"
4	87	750251678.5	194	750236897	750266460	"Gb_00553"
4	3205	218568878	195	218566712	218571044	"Gb_23602"
4	219	199314802	195	199313177	199316427	"Gb_38352"
4	2274	304417196.5	195	304406957	304427436	"Gb_28735"
6	3228	411680533.5	196	411680333	411680734	"Gb_07788"
9	2243	630977759.5	197	630973593	630981926	"Gb_01241"
1	1411	411074181.5	199	411071505	411076858	"Gb_36850"
1	1412	435088207	199	435084580	435091834	"Gb_04306"
8	553	61031530.5	200	61023678	61039383	"Gb_25760"
8	2565	64680620.5	200	64662767	64698474	"Gb_26018"
8	2210	342947483.5	201	342920570	342974397	"Gb_28994"
8	1532	347206298	201	347205648	347206948	"Gb_21220"
8	789	518002234	201	517972525	518031943	"Gb_16450"
7	762	31267699.5	203	31266876	31268523	"Gb_24788"
1	1493	926268890	203	926121556	926416224	"Gb_23465"
1	4159	349375866.5	203	349293476	349458257	"Gb_07340"
4	1237	129382230.5	204	129380051	129384410	"Gb_07245"
10	1237	63661233	204	63659421	63663045	"Gb_04141"
10	1237	140177369.5	204	140177217	140177522	"Gb_27211"
4	5437	146152724	204	146150113	146155335	"Gb_05670"
3	1869	514274238.5	205	514273216	514275261	"Gb_40445"
11	1869	167690187	205	167688768	167691606	"Gb_31981"
7	1869	193525674.5	205	193524288	193527061	"Gb_37149"
3	1673	513953624	205	513941991	513965257	"Gb_40444"
3	5112	513863933.5	205	513863694	513864173	"Gb_40443"
4	497	95550918.5	207	95541907	95559930	"Gb_11567"
5	1742	349930141	207	349929499	349930783	"Gb_41241"
5	3160	347443463	207	347431918	347455008	"Gb_27511"
7	2425	319262049.5	208	319260381	319263718	"Gb_24008"
3	1764	279313892	209	279284016	279343768	"Gb_00228"
5	853	172061911.5	210	171991338	172132485	"Gb_07028"
5	852	7878481	210	7823313	7933649	"Gb_14708"
5	851	11423877.5	210	11394989	11452766	"Gb_07669"
5	1661	15203146.5	210	15202992	15203301	"Gb_41000"
5	1842	19573972	210	19514238	19633706	"Gb_24378"
8	3817	50571856.5	211	50504660	50639053	"Gb_14335"
11	3126	626728497	213	626688441	626768553	"Gb_09642"
7	2530	267916683	215	267788265	268045101	"Gb_34536"
12	5440	147781450.5	216	147772796	147790105	"Gb_01968"
11	5439	73473265.5	216	73446823	73499708	"Gb_33600"
7	5629	487972895.5	216	487928140	488017651	"Gb_15677"
11	5629	68440863	216	68439816	68441910	"Gb_27847"
6	1463	585347126.5	217	585301537	585392716	"Gb_13018"
6	1292	81070206.5	217	81027565	81112848	"Gb_38203"
2	2452	109421008.5	218	109419730	109422287	"Gb_14801"
2	3791	698279983	218	698257890	698302076	"Gb_18434"
2	3791	700596818.5	218	700596079	700597558	"Gb_03732"
2	4242	685737463	218	685627417	685847509	"Gb_07655"
2	4840	683729208.5	218	683728522	683729895	"Gb_22585"
9	435	535398657	219	535397885	535399429	"Gb_02796"
2	8604	768650267	220	768632973	768667561	"Gb_28216"
2	3434	713073033	220	713072433	713073633	"Gb_27127"
10	1762	674639020	221	674633912	674644128	"Gb_31273"
10	1562	633264500	221	633073974	633455026	"Gb_24172"
10	5167	628578544	221	628574840	628582248	"Gb_23038"
4	5167	7806335	221	7805313	7807357	"Gb_29537"
6	2249	445051748.5	221	445049784	445053713	"Gb_19359"
11	1117	35752687	223	35721102	35784272	"Gb_15747"
8	5522	51362461	224	51360676	51364246	"Gb_17874"
8	1312	51579854.5	224	51495667	51664042	"Gb_17876"
8	1311	45443697.5	224	45301483	45585912	"Gb_01387"
8	2695	43438357	224	43399999	43476715	"Gb_18459"
9	2220	616294553.5	225	616265442	616323665	"Gb_00318"
5	170	378534295	226	378533215	378535375	"Gb_29824"
1	3637	846380282	227	846303560	846457004	"Gb_13536"
5	1122	427122204	227	427121234	427123174	"Gb_36556"
2	737	659930722	228	659907263	659954181	"Gb_17044"
8	2115	634270412.5	228	634127590	634413235	"Gb_28479"
5	1828	492920958.5	229	492758776	493083141	"Gb_10855"
4	1127	503906443	230	503854424	503958462	"Gb_31787"
11	975	150704123.5	230	150702854	150705393	"Gb_24697"
5	1926	175616599.5	231	175528898	175704301	"Gb_09981"
5	2298	12863181	231	12766117	12960245	"Gb_08572"
1	1841	1060986573.5	232	1060961124	1061012023	"Gb_23374"
1	1889	NA	232	1083756834	1083760061	"Gb_19167"
5	137	157720103.5	233	157719553	157720654	"Gb_29844"
10	4298	79561091.5	237	79501716	79620467	"Gb_38316"
4	1659	747632207.5	239	747631825	747632590	"Gb_22644"
4	859	746884214	239	746843154	746925274	"Gb_22633"
4	875	746980404.5	239	746979777	746981032	"Gb_22642"
4	1692	740911621	239	740884716	740938526	"Gb_10526"
7	794	367131927.5	242	367057379	367206476	"Gb_16302"
7	2227	385282716	242	385280781	385284651	"Gb_39488"
7	5831	378561097	242	378560916	378561278	"Gb_08915"
7	4235	425636847	242	425540019	425733675	"Gb_40341"
4	4392	37378109.5	243	37377714	37378505	"Gb_38558"
3	265	60020042	244	60017431	60022653	"Gb_11136"
6	1097	328609888.5	248	328573963	328645814	"Gb_39590"
6	5451	328283451	248	328282793	328284109	"Gb_13152"
6	1381	331373941.5	248	331373160	331374723	"Gb_02182"
