5	4028	615660695	0	615652552	615668838	"gene20224"
5	3469	615057208	0	614935345	615179071	"gene20216"
6	4659	448836324.5	0	448820528	448852121	"gene23198"
6	28	639083227	0	639078159	639088295	"gene24162"
6	228	632582446	0	632563925	632600967	"gene24117"
1	621	612634723	0	612633556	612635890	"gene3301"
4	1183	634647932	0	634647760	634648104	"gene16734"
8	994	49027734	0	49008711	49046757	"gene28127"
3	552	105869550	0	105833664	105905436	"gene9786"
3	1989	96460288.5	0	96452841	96467736	"gene9747"
3	1989	57116950	0	57106339	57127561	"gene9551"
3	610	104474780	0	104470902	104478658	"gene9780"
10	4512	73529406.5	0	73524206	73534607	"gene34850"
10	4830	45878290.5	0	45875373	45881208	"gene34676"
10	4854	48743165.5	0	48738762	48747569	"gene34695"
3	4811	254090587	0	254061316	254119858	"gene10488"
7	2227	502410116	0	502404729	502415503	"gene26842"
3	2227	326678678	0	326675190	326682166	"gene10745"
3	3343	378208125	0	378183949	378232301	"gene10943"
10	3393	293599830	0	293588631	293611029	"gene35839"
1	352	149794657.5	1	149793614	149795701	"gene772"
1	1754	148947832.5	1	148935882	148959783	"gene764"
1	1754	148972600	1	148968939	148976261	"gene765"
5	1266	24052073	1	24050537	24053609	"gene17458"
8	1266	12287883.5	1	12283737	12292030	"gene27853"
11	771	436456433.5	1	436246908	436665959	"gene39961"
9	2149	532212745	1	532207361	532218129	"gene33693"
5	940	127170347.5	1	127168681	127172014	"gene18041"
5	3597	312692799	1	312689444	312696154	"gene18866"
11	4249	335980947.5	1	335973089	335988806	"gene39436"
4	1932	27229479	1	27210185	27248773	"gene13595"
4	4876	228222780	1	228049892	228395668	"gene14654"
7	837	637104869.5	2	637078430	637131309	"gene27603"
7	836	629420082	2	629404174	629435990	"gene27540"
2	37	195148944	2	195135882	195162006	"gene6143"
2	6855	102997686.5	2	102996056	102999317	"gene5620"
2	3137	303627044	2	303626454	303627634	"gene6539"
2	1216	294691685.5	2	294625996	294757375	"gene6512"
3	5629	211428845	2	211416243	211441447	"gene10295"
2	5629	832636391	2	832633018	832639764	"gene9002"
2	5228	19738465.5	2	19735916	19741015	"gene5243"
2	4206	354109433.5	2	354107944	354110923	"gene6720"
5	4206	526817273	2	526816252	526818294	"gene19761"
2	3485	809115415.5	2	809113267	809117564	"gene8874"
2	1219	820597322.5	2	820593406	820601239	"gene8933"
2	1220	821189210	2	821165720	821212700	"gene8938"
11	1234	26191375	2	26185354	26197396	"gene37824"
11	4611	24503476.5	2	24499589	24507364	"gene37806"
3	2772	793352185.5	2	793332310	793372061	"gene13163"
11	3959	30716445	3	30709192	30723698	"gene37862"
11	1407	74991838.5	3	74983962	74999715	"gene38170"
11	4492	169076177.5	3	169066741	169085614	"gene38696"
11	3791	74851462.5	3	74795794	74907131	"gene38168"
11	3791	76233375.5	3	76221216	76245535	"gene38180"
3	1374	141036264	3	141036032	141036496	"gene9937"
5	5636	383453757	3	383423733	383483781	"gene19166"
10	1379	228883679	3	228882151	228885207	"gene35591"
8	663	434944123.5	3	434940698	434947549	"gene29918"
6	663	350878563.5	3	350876285	350880842	"gene22681"
10	3778	554703594	3	554701098	554706090	"gene37055"
10	3370	608148663	3	608137359	608159967	"gene37311"
10	1052	587494201	3	587485894	587502508	"gene37203"
4	2022	314869082.5	4	314868881	314869284	"gene15078"
8	847	528843843	4	528826619	528861067	"gene30410"
3	847	429238936	4	429235300	429242572	"gene11197"
6	2934	371684452	4	371624887	371744017	"gene22769"
10	1036	587926208.5	5	587922253	587930164	"gene37207"
10	1036	585829884.5	5	585820723	585839046	"gene37193"
10	5763	557876345.5	5	557875054	557877637	"gene37064"
8	3384	187276437	5	187249922	187302952	"gene28862"
9	2606	552005470	5	551976490	552034450	"gene33757"
4	221	459521946	6	459439359	459604533	"gene15701"
4	534	454494186.5	6	454474410	454513963	"gene15673"
11	534	262171108	6	262077004	262265212	"gene39075"
4	933	544065322.5	6	544057802	544072843	"gene16242"
4	2066	427180547	6	427173507	427187587	"gene15568"
4	1000	425793429.5	6	425778843	425808016	"gene15559"
4	5366	568986645	6	568984104	568989186	"gene16378"
4	636	596400070	6	596394375	596405765	"gene16545"
4	1002	675278111.5	6	675263279	675292944	"gene16989"
4	535	443262232.5	6	443261043	443263422	"gene15597"
4	1004	460113642	6	460102922	460124362	"gene15705"
4	2912	626334026.5	6	626332993	626335060	"gene16690"
4	2912	631379269.5	6	631376227	631382312	"gene16726"
4	1014	659963022.5	6	659953258	659972787	"gene16904"
4	6483	660886565	6	660885473	660887657	"gene16914"
4	1634	677905560	6	677889637	677921483	"gene17012"
4	1810	677720610.5	6	677695789	677745432	"gene17011"
4	1809	680074753	6	680070080	680079426	"gene17019"
4	1809	628432788	6	628425004	628440572	"gene16705"
4	1809	628554060.5	6	628550597	628557524	"gene16707"
4	2743	702184778	7	702174651	702194905	"gene17175"
8	297	27193687	7	27192860	27194514	"gene27994"
8	2480	383513045	7	383364467	383661623	"gene29690"
8	1072	37176961	7	37163207	37190715	"gene28045"
8	3774	257813427.5	7	257813245	257813610	"gene29200"
8	1083	137299940	7	137283749	137316131	"gene28596"
8	1082	132460920	7	132389905	132531935	"gene28566"
8	6404	12733923	7	12732824	12735022	"gene27856"
8	2413	190213389	7	190047862	190378916	"gene28874"
8	2414	189585476.5	7	189575878	189595075	"gene28871"
8	2415	190585604.5	7	190582038	190589171	"gene28876"
8	2417	192681728	7	192681411	192682045	"gene28895"
1	1395	694383537.5	8	694382947	694384128	"gene3669"
1	1087	693809872.5	8	693803932	693815813	"gene3665"
5	1087	409029954.5	8	409024573	409035336	"gene19243"
11	1826	434443994	8	434398006	434489982	"gene39944"
8	453	485202299	8	485195969	485208629	"gene30145"
3	2678	776514166	9	776499460	776528872	"gene13078"
1	144	757057349.5	9	757051724	757062975	"gene3929"
1	822	817754335.5	9	817745007	817763664	"gene4178"
1	3574	979069908	9	979069655	979070161	"gene5091"
3	1101	402706582	9	402703009	402710155	"gene11069"
3	1101	402625360.5	9	402566309	402684412	"gene11068"
1	1396	685378661	9	685375476	685381846	"gene3624"
1	284	693635194	9	693614331	693656057	"gene3664"
9	1066	561174715.5	9	561171887	561177544	"gene33806"
11	1483	429063048	10	429054176	429071920	"gene39891"
11	719	440511833.5	10	440504442	440519225	"gene39978"
2	120	522908578.5	10	522884901	522932256	"gene7522"
5	713	145538220.5	10	145527452	145548989	"gene18122"
5	713	126972054	10	126956881	126987227	"gene18039"
5	1486	136438112	10	136435935	136440289	"gene18087"
5	2872	44535879	10	44525811	44545947	"gene17553"
2	527	520299073	10	520296263	520301883	"gene7505"
4	2390	244976851.5	11	244909949	245043754	"gene14745"
10	725	585387209	12	585374318	585400100	"gene37186"
10	1035	607104362.5	12	607104108	607104617	"gene37304"
10	1035	607094333.5	12	607092801	607095866	"gene37303"
6	2720	505431556.5	12	505419898	505443215	"gene23459"
2	1117	858216000	12	858212695	858219305	"gene9126"
5	1389	379820771	12	379791555	379849987	"gene19143"
10	5452	93204167.5	13	93203582	93204753	"gene34952"
10	153	30870786	13	30869583	30871989	"gene34604"
10	154	30089743	13	30087971	30091515	"gene34601"
1	3639	186187579	13	186182194	186192964	"gene1007"
1	2177	448175543	13	448173812	448177274	"gene2467"
9	4114	518415207.5	14	518405537	518424878	"gene33609"
4	1469	29958336.5	14	29950762	29965911	"gene13622"
4	3264	195231136.5	14	195212289	195249984	"gene14526"
4	3266	336228711.5	14	336220309	336237114	"gene15172"
4	4783	328340280.5	14	328338991	328341570	"gene15148"
4	789	185469100.5	14	185468055	185470146	"gene14476"
4	788	195432506.5	14	195400446	195464567	"gene14527"
4	1794	676206948	15	676195841	676218055	"gene16994"
4	1766	423310608.5	15	423305694	423315523	"gene15548"
4	2316	635935121	15	635772888	636097354	"gene16736"
1	2316	724059515.5	15	724050141	724068890	"gene3797"
1	2316	723819126.5	15	723800088	723838165	"gene3794"
1	1889	728428876.5	15	728427839	728429914	"gene3813"
4	1791	12326730.5	16	12323905	12329556	"gene13526"
4	1767	12742896	16	12741394	12744398	"gene13532"
6	1795	36806368	16	36805328	36807408	"gene21023"
6	155	35503591.5	16	35498185	35508998	"gene21017"
6	3055	35282851.5	16	35281091	35284612	"gene21016"
6	7867	32679754	16	32677101	32682407	"gene20993"
10	1041	558263376	17	558231598	558295154	"gene37066"
10	1054	586227992.5	17	586225378	586230607	"gene37196"
9	1054	203855810.5	17	203854928	203856693	"gene32303"
8	2092	143682593	17	143662412	143702774	"gene28611"
1	3914	759787624.5	17	759736975	759838274	"gene3948"
1	2105	938535027	17	938526511	938543543	"gene4851"
3	2084	702751556	17	702693004	702810108	"gene12679"
3	5984	345244523.5	17	345241362	345247685	"gene10825"
1	6243	140530081.5	18	140528613	140531550	"gene721"
4	2199	403853932.5	18	403845984	403861881	"gene15439"
1	6170	143093105	18	143011495	143174715	"gene738"
8	1821	488547734.5	19	488537584	488557885	"gene30155"
1	1923	960038791.5	20	960014877	960062706	"gene4963"
8	2655	10346808.5	21	10219341	10474276	"gene27845"
8	4392	179749942.5	21	179749598	179750287	"gene28808"
8	1359	44334447.5	21	44334151	44334744	"gene28095"
8	1073	44140202	21	44087081	44193323	"gene28091"
4	1404	697268368	21	697259383	697277353	"gene17140"
5	2740	344180687	22	344179070	344182304	"gene19003"
8	2740	214942901.5	22	214941433	214944370	"gene29017"
5	2473	531488475.5	22	531476286	531500665	"gene19777"
8	2737	47185481.5	22	47167368	47203595	"gene28120"
9	881	57780292	23	57779173	57781411	"gene31539"
9	3188	8302829	23	8273835	8331823	"gene31244"
7	167	4877331	23	4876082	4878580	"gene24564"
9	1835	203471493	23	203462039	203480947	"gene32302"
9	1835	210525431	23	210497935	210552927	"gene32332"
10	44	193890026	24	193829561	193950491	"gene35425"
10	45	196299396.5	24	196267724	196331069	"gene35444"
10	45	195648456.5	24	195619131	195677782	"gene35437"
4	1986	55837238.5	24	55812842	55861635	"gene13776"
4	9091	27760405.5	24	27759839	27760972	"gene13602"
4	232	312598311	24	312597167	312599455	"gene15063"
4	1988	315379421.5	24	315379174	315379669	"gene15082"
4	1988	315402488.5	24	315401749	315403228	"gene15083"
10	110	492430878	25	492428721	492433035	"gene36685"
7	1494	48311109.5	25	48302879	48319340	"gene24803"
6	1254	25666699	26	25655482	25677916	"gene20908"
6	373	14888829.5	26	14887764	14889895	"gene20794"
6	373	20819798.5	26	20813540	20826057	"gene20852"
6	373	16843581	26	16843044	16844118	"gene20824"
4	5716	596197682.5	26	596191567	596203798	"gene16544"
9	1373	420156140.5	27	420107833	420204448	"gene33184"
9	1057	420859037.5	27	420824972	420893103	"gene33187"
8	2732	7690952	27	7687299	7694605	"gene27837"
2	792	118417460	28	118415971	118418949	"gene5706"
11	3454	358251771	28	358237702	358265840	"gene39522"
11	2147	360403187.5	28	360402424	360403951	"gene39541"
11	2146	360613816	28	360613101	360614531	"gene39542"
5	4774	64368709	28	64365032	64372386	"gene17638"
6	1520	652647579	29	652635788	652659370	"gene24297"
10	34	236688769	29	236666901	236710637	"gene35627"
7	1865	48079845.5	29	48041730	48117961	"gene24801"
6	462	438931038	29	438930731	438931345	"gene23171"
6	2897	376200978	29	376199854	376202102	"gene22797"
6	2279	373438937.5	29	373418466	373459409	"gene22786"
6	6787	373370674.5	29	373370405	373370944	"gene22785"
6	186	420151828.5	29	420150067	420153590	"gene23069"
7	2565	607240601	30	607238875	607242327	"gene27355"
7	3741	608069395	30	608066634	608072156	"gene27358"
7	1990	607598951.5	30	607592105	607605798	"gene27357"
7	3817	618244822.5	30	618238972	618250673	"gene27416"
6	3079	439013497	32	439010859	439016135	"gene23172"
7	752	91857874.5	32	91855623	91860126	"gene25044"
7	848	10029878	33	10016018	10043738	"gene24596"
7	849	7572919	33	7566631	7579207	"gene24585"
7	897	397528769.5	33	397512613	397544926	"gene26287"
2	1170	136305866	34	136299196	136312536	"gene5826"
2	1131	34324743	34	34316355	34333131	"gene5305"
2	5945	241984682	34	241980941	241988423	"gene6331"
2	1169	227211023.5	34	227186799	227235248	"gene6281"
2	1169	36345356	34	36343417	36347295	"gene5320"
2	985	188274782.5	34	188267317	188282248	"gene6117"
2	1200	292352603.5	34	292342332	292362875	"gene6503"
2	5440	27013122	34	27005493	27020751	"gene5268"
2	5439	797390679.5	34	797384188	797397171	"gene8836"
4	471	504614143.5	36	504605197	504623090	"gene15966"
4	3542	503210270.5	36	503203587	503216954	"gene15957"
4	223	612228804	36	612223238	612234370	"gene16624"
4	67	522415201	36	522414231	522416171	"gene16077"
4	931	648876225.5	36	648875911	648876540	"gene16834"
4	2901	649574993	36	649573025	649576961	"gene16840"
4	930	685102250	36	685097376	685107124	"gene17058"
4	10136	565191194	36	565177874	565204514	"gene16364"
4	10157	560815484	36	560807715	560823253	"gene16347"
4	9461	559214900	36	559211832	559217968	"gene16340"
4	5482	604315139.5	36	604313143	604317136	"gene16588"
4	7591	607951382.5	36	607944822	607957943	"gene16604"
5	853	462748550.5	37	462747214	462749887	"gene19485"
1	4824	729759117	37	729757429	729760805	"gene3817"
10	3233	227532411	38	227526569	227538253	"gene35577"
2	1869	693763969.5	38	693762903	693765036	"gene8313"
10	1673	230681824.5	38	230674851	230688798	"gene35600"
10	5112	231174613	38	231173909	231175317	"gene35602"
8	2981	134883518.5	38	134877530	134889507	"gene28578"
8	892	98351383	38	98330197	98372569	"gene28408"
10	1411	531539260.5	39	531521982	531556539	"gene36897"
10	1412	476895652	39	476890659	476900645	"gene36612"
11	1493	244632039	40	244627117	244636961	"gene38989"
10	766	505713890	40	505708522	505719258	"gene36760"
6	1222	588697395	42	588697199	588697591	"gene23853"
6	1419	499692621	42	499674625	499710617	"gene23424"
6	176	508137925	42	508132127	508143723	"gene23475"
6	1671	346444278	42	346429336	346459220	"gene22646"
6	754	340905050.5	42	340903937	340906164	"gene22602"
11	754	243150100	42	243149163	243151037	"gene38977"
6	1739	636711803	42	636710857	636712749	"gene24142"
8	1911	210161417	42	210161155	210161679	"gene28980"
6	1911	661259573	42	661250458	661268688	"gene24388"
6	1912	452735026.5	42	452734368	452735685	"gene23214"
6	1912	452670117	42	452661445	452678789	"gene23213"
6	3698	412320666.5	42	412313021	412328312	"gene23034"
6	3355	415044198.5	42	414968609	415119788	"gene23044"
6	6106	420330274	42	420330111	420330437	"gene23071"
6	187	365418430	42	365364930	365471930	"gene22746"
1	1881	896270957	43	896269680	896272234	"gene4535"
1	1730	818946454	43	818866074	819026834	"gene4186"
1	1730	819104235.5	43	819055658	819152813	"gene4188"
1	3356	831218659.5	43	831194689	831242630	"gene4238"
1	5193	836241074	43	836239083	836243065	"gene4266"
1	872	958503354.5	43	958498791	958507918	"gene4951"
3	914	698489556.5	43	698489184	698489929	"gene12661"
1	4320	684102133.5	43	684079922	684124345	"gene3613"
1	3206	678563284.5	43	678474639	678651930	"gene3577"
9	6964	625505857	44	625501027	625510687	"gene34198"
11	5539	46664739.5	44	46658991	46670488	"gene37989"
5	1364	381340657.5	44	381334058	381347257	"gene19152"
5	1397	387274005.5	44	387225789	387322222	"gene19185"
5	1397	387221065	44	387216310	387225820	"gene19184"
11	5618	168579602	44	168579232	168579972	"gene38693"
10	732	531457834.5	45	531453131	531462538	"gene36894"
10	2851	531631069.5	45	531617162	531644977	"gene36899"
10	4159	585497841	45	585472451	585523231	"gene37188"
11	4158	262425566	45	262391568	262459564	"gene39076"
2	969	270094514	46	270093972	270095056	"gene6430"
1	467	288311849.5	46	288309155	288314544	"gene1669"
3	3017	431073729	46	430964642	431182816	"gene11211"
3	4129	145913379.5	46	145900519	145926240	"gene9963"
3	4235	264398323	47	264348434	264448212	"gene10517"
3	4236	253431899	47	253422007	253441791	"gene10484"
9	2305	564985437.5	49	564981052	564989823	"gene33827"
9	2305	568512913.5	49	568499125	568526702	"gene33844"
11	2305	5548894	49	5462130	5635658	"gene37588"
11	736	104025199	50	103891792	104158606	"gene38379"
11	1516	109656772.5	50	109535986	109777559	"gene38417"
11	3609	106844605.5	50	106844282	106844929	"gene38397"
9	2053	624101928	50	624096360	624107496	"gene34188"
9	2053	624196560.5	50	624194140	624198981	"gene34189"
11	1378	92057324.5	50	92054621	92060028	"gene38297"
11	1378	94182128.5	50	94148963	94215294	"gene38317"
6	3453	502388056	51	502387530	502388582	"gene23441"
6	3453	504698822	51	504682747	504714897	"gene23456"
6	2846	488660766.5	51	488650240	488671293	"gene23390"
6	1221	567599015	51	567573102	567624928	"gene23779"
9	1221	20423894	51	20423554	20424234	"gene31290"
6	1418	602862352	51	602827261	602897443	"gene23932"
6	1418	600839349	51	600819999	600858699	"gene23918"
6	1237	624168119	51	624152646	624183592	"gene24053"
8	1237	90090660	51	90081843	90099477	"gene28378"
6	2576	623524506	51	623518057	623530955	"gene24047"
6	5230	493398487	51	493398296	493398678	"gene23403"
3	4289	106451116.5	52	106446177	106456056	"gene9793"
10	6426	584186452.5	53	584186072	584186833	"gene37176"
10	2852	534515032	53	534505076	534524988	"gene36918"
10	703	551922668	53	551914981	551930355	"gene37036"
8	2971	632203067	54	632173511	632232623	"gene31020"
8	181	384807970	54	384807783	384808157	"gene29692"
8	183	529544089.5	54	529542103	529546076	"gene30414"
8	1743	516703948	54	516701227	516706669	"gene30349"
8	211	523524602	54	523506680	523542524	"gene30387"
5	2002	71254431.5	55	71253341	71255522	"gene17675"
5	2328	102686295	55	102685165	102687425	"gene17869"
3	939	804810832.5	55	804780120	804841545	"gene13237"
11	1136	410290450.5	55	410247791	410333110	"gene39776"
5	4	101406081	55	101376813	101435349	"gene17863"
7	3998	326372220.5	57	326358617	326385824	"gene25967"
11	1947	116231118	58	116225376	116236860	"gene38453"
11	1517	32540599	58	32517774	32563424	"gene37876"
11	1468	33158961	58	33153596	33164326	"gene37885"
4	2111	202040998.5	58	201989016	202092981	"gene14563"
4	1931	206766523	58	206668462	206864584	"gene14591"
4	5805	258753940	58	258753714	258754166	"gene14810"
11	2536	76547227.5	60	76504099	76590356	"gene38181"
11	2535	2158165	60	2154461	2161869	"gene37554"
11	1980	2050539	60	2041601	2059477	"gene37551"
4	233	56344195.5	61	56343890	56344501	"gene13778"
4	13	29019181	61	28998113	29040249	"gene13610"
4	991	93642755.5	61	93631488	93654023	"gene14007"
7	3547	602554726	61	602552505	602556947	"gene27314"
4	3364	614759384.5	62	614756429	614762340	"gene16644"
4	3364	614684250	62	614682721	614685779	"gene16643"
5	224	312268908	62	312267072	312270744	"gene18865"
10	2791	627625140	62	627614297	627635983	"gene37490"
3	3976	673925296.5	62	673922763	673927830	"gene12510"
10	1857	174280457	63	174269034	174291880	"gene35360"
2	6623	172451357.5	63	172450391	172452324	"gene6041"
10	6623	180818305.5	63	180810748	180825863	"gene35368"
10	1856	184625958	63	184622656	184629260	"gene35378"
10	1856	186154362.5	63	186152083	186156642	"gene35393"
2	3404	158003726.5	64	157996733	158010720	"gene5953"
2	1215	106346755	64	106337832	106355678	"gene5642"
4	6395	258664056.5	64	258663448	258664665	"gene14809"
2	2495	274331863	64	274325120	274338606	"gene6442"
2	35	272509522.5	64	272490425	272528620	"gene6433"
1	3126	149516122	65	149511865	149520379	"gene771"
5	1208	15959567	65	15958078	15961056	"gene17403"
1	71	885852507	66	885833663	885871351	"gene4492"
4	145	363919138	66	363917958	363920318	"gene15277"
1	681	934710743.5	66	934698652	934722835	"gene4829"
1	10861	812314831	66	812304473	812325189	"gene4143"
8	219	37585009.5	67	37583936	37586083	"gene28050"
2	1362	542782392.5	68	542775963	542788822	"gene7604"
11	3388	94416605.5	68	94381671	94451540	"gene38318"
8	4530	159691212	69	159690216	159692208	"gene28710"
4	1940	252795286	70	252794062	252796510	"gene14778"
4	1930	255697938	70	255691505	255704371	"gene14801"
4	1930	254967794	70	254963565	254972023	"gene14796"
4	1540	259495370	70	259489723	259501017	"gene14814"
2	1199	104120153.5	70	104103685	104136622	"gene5631"
8	398	95545605	70	95544818	95546392	"gene28392"
6	398	625319423.5	70	625315965	625322882	"gene24060"
3	199	697520492	71	697518878	697522106	"gene12656"
3	2232	761363090	71	761327763	761398417	"gene12981"
3	2232	732080827.5	71	732054776	732106879	"gene12851"
3	875	642481106	71	642476323	642485889	"gene12342"
3	859	642617764	71	642611743	642623785	"gene12346"
1	160	135249456	71	135246498	135252414	"gene709"
1	160	143917314.5	71	143915552	143919077	"gene744"
3	160	777176733	71	777168922	777184544	"gene13084"
7	160	66732223	71	66722342	66742104	"gene24900"
7	266	639265060.5	72	639263350	639266771	"gene27621"
6	258	89598128	72	89590335	89605921	"gene21375"
6	265	118580966	72	118574501	118587431	"gene21609"
6	9172	62997665	72	62996477	62998853	"gene21221"
6	5713	63923402.5	72	63917524	63929281	"gene21234"
7	3058	639058858	75	639046005	639071711	"gene27617"
6	1798	88162167	75	88156923	88167411	"gene21366"
6	3056	14681705	75	14656312	14707098	"gene20792"
6	2313	37885753.5	75	37858224	37913283	"gene21033"
6	1574	31015660.5	75	31009593	31021728	"gene20976"
6	6745	33246934.5	75	33221311	33272558	"gene20997"
6	6731	19448595.5	75	19448036	19449155	"gene20843"
6	2949	379583022	76	379581769	379584275	"gene22828"
6	2948	439193516.5	76	439186754	439200279	"gene23176"
6	2402	377002888	76	377000892	377004884	"gene22802"
6	3104	374982861.5	76	374936785	375028938	"gene22791"
6	3352	423778362	76	423777600	423779124	"gene23092"
3	798	426903526.5	77	426901862	426905191	"gene11185"
4	4238	67584724	77	67581652	67587796	"gene13864"
3	4238	411817831	77	411815512	411820150	"gene11123"
7	5779	615921894.5	77	615919658	615924131	"gene27395"
7	801	646487652.5	77	646480018	646495287	"gene27695"
7	801	105875703.5	77	105873863	105877544	"gene25092"
7	5124	621954066.5	77	621941079	621967054	"gene27452"
3	87	775753437.5	78	775751000	775755875	"gene13076"
6	2510	186009243.5	79	185994496	186023991	"gene21900"
6	2336	192191795	79	192190881	192192709	"gene21938"
6	555	190128568.5	79	190113878	190143259	"gene21929"
6	2335	195204560.5	79	195136519	195272602	"gene21956"
8	2243	568476828	80	568473265	568480391	"gene30580"
9	1331	458929764.5	81	458929066	458930463	"gene33343"
5	2467	525391193.5	81	525382100	525400287	"gene19753"
5	2431	523076660	81	523026745	523126575	"gene19740"
4	3377	704515178.5	81	704501431	704528926	"gene17184"
5	1382	531729347	81	531726151	531732543	"gene19779"
5	7314	512115797	81	512110673	512120921	"gene19680"
1	376	369741011.5	83	369724349	369757674	"gene2093"
2	1550	455287919.5	83	455273042	455302797	"gene7178"
10	449	219787955	83	219787514	219788396	"gene35542"
10	450	212270180	83	212268503	212271857	"gene35503"
10	958	217934363.5	83	217924716	217944011	"gene35532"
10	1621	222757220	83	222709406	222805034	"gene35560"
2	150	745720127.5	84	745711751	745728504	"gene8557"
11	3714	3423187.5	86	3420209	3426166	"gene37572"
5	1447	355877489.5	87	355875664	355879315	"gene19032"
8	4577	609403951.5	87	609397433	609410470	"gene30844"
6	2293	455182492	88	455180871	455184113	"gene23226"
6	7172	633644398.5	88	633636429	633652368	"gene24123"
6	1709	637813909.5	88	637813382	637814437	"gene24148"
6	3357	343061392.5	88	343054801	343067984	"gene22617"
6	504	476667858.5	88	476666886	476668831	"gene23319"
6	503	518422414.5	88	518413992	518430837	"gene23541"
6	1280	485379093	88	485354861	485403325	"gene23358"
10	2789	473938958.5	89	473923506	473954411	"gene36598"
10	1459	482966267.5	89	482964956	482967579	"gene36636"
3	1207	820008564	89	820005870	820011258	"gene13292"
6	6190	603462277.5	89	603462053	603462502	"gene23936"
10	1240	626119563.5	89	626090774	626148353	"gene37473"
5	1927	498136619.5	90	498133353	498139886	"gene19648"
5	1927	492055766.5	90	492050910	492060623	"gene19612"
1	2423	695171722.5	90	695162683	695180762	"gene3672"
6	2731	487065697.5	90	487055347	487076048	"gene23373"
1	2731	934358945	90	934357406	934360484	"gene4824"
3	2425	403086867	90	403079799	403093935	"gene11071"
1	1697	731745283.5	91	731721863	731768704	"gene3822"
1	1890	724805882.5	91	724805345	724806420	"gene3798"
1	1841	718702978.5	91	718686748	718719209	"gene3766"
4	2298	489818732	91	489818292	489819172	"gene15881"
4	2298	489791987	91	489782993	489800981	"gene15880"
4	851	489429674	91	489424789	489434559	"gene15876"
5	5335	463882327	91	463866481	463898173	"gene19492"
5	1696	499357681.5	91	499351693	499363670	"gene19651"
5	1926	495104105	91	495063904	495144306	"gene19626"
4	852	488911458.5	91	488896247	488926670	"gene15873"
10	1525	563045050.5	93	563042352	563047749	"gene37070"
10	1524	563257769.5	93	563236687	563278852	"gene37075"
2	39	242967601.5	94	242953936	242981267	"gene6338"
2	953	242094069.5	94	242093386	242094753	"gene6334"
2	539	258307350.5	94	258306672	258308029	"gene6394"
2	550	258901484.5	94	258892039	258910930	"gene6396"
2	1149	250038986.5	94	250038192	250039781	"gene6355"
5	4304	340776270	95	340767164	340785376	"gene18989"
5	6473	358320643.5	95	358313289	358327998	"gene19044"
2	4687	534631294.5	95	534629050	534633539	"gene7551"
9	1816	579610667.5	96	579607822	579613513	"gene33911"
2	1772	853762756	96	853760210	853765302	"gene9099"
9	1277	431152378	97	431140350	431164406	"gene33228"
8	1528	8088398	97	8087297	8089499	"gene27839"
3	3666	10902098	99	10720492	11083704	"gene9282"
3	795	497862486.5	99	497695202	498029771	"gene11461"
3	1269	491960211.5	99	491959286	491961137	"gene11442"
3	3482	489735097	99	489734696	489735498	"gene11432"
7	6983	15364080.5	99	15363657	15364504	"gene24640"
2	6983	32285590	99	32285253	32285927	"gene5295"
10	1346	101638329	100	101601828	101674830	"gene35011"
10	455	195867454.5	101	195860315	195874594	"gene35442"
9	899	33408781	102	33396931	33420631	"gene31387"
9	899	42818549	102	42804017	42833081	"gene31464"
9	3000	66386178.5	102	66385453	66386904	"gene31593"
6	1797	89465865.5	103	89464942	89466789	"gene21374"
6	5342	118449888	103	118447187	118452589	"gene21608"
6	4398	16602474.5	103	16590395	16614554	"gene20815"
6	8950	62265899	103	62260541	62271257	"gene21216"
7	5522	620273755.5	104	620263067	620284444	"gene27439"
7	4293	619895251.5	104	619894598	619895905	"gene27436"
7	4276	620395605.5	104	620388228	620402983	"gene27441"
7	1311	620480964	104	620438649	620523279	"gene27443"
7	6258	626522407	104	626521483	626523331	"gene27496"
5	137	472917324	105	472917038	472917610	"gene19519"
11	2584	26896810	106	26864396	26929224	"gene37829"
9	2570	539899685.5	106	539889502	539909869	"gene33728"
9	2570	539857956	106	539837711	539878201	"gene33727"
4	3284	228917618.5	107	228917098	228918139	"gene14663"
4	2112	186290777	107	186276352	186305202	"gene14483"
10	638	14739816.5	107	14731809	14747824	"gene34493"
11	125	115189639	107	115174515	115204763	"gene38446"
10	1053	586771900	108	586768603	586775197	"gene37201"
5	3142	667330408	110	667232598	667428218	"gene20521"
5	3142	673179352.5	110	673174107	673184598	"gene20538"
5	6201	673970409	110	673879372	674061446	"gene20542"
8	185	512666962	111	512664235	512669689	"gene30315"
4	1567	262196641	112	262188074	262205208	"gene14837"
9	901	91832972.5	114	91826086	91839859	"gene31773"
3	355	554102391	115	554101990	554102792	"gene11777"
4	4330	599134529.5	117	599011979	599257080	"gene16565"
11	1408	28677813.5	117	28675855	28679772	"gene37844"
5	5462	131700051.5	117	131617972	131782131	"gene18061"
7	800	608414220	118	608408072	608420368	"gene27364"
7	4279	641957504	118	641938334	641976674	"gene27647"
3	1300	469047753.5	118	468915149	469180358	"gene11362"
9	2377	628855045	118	628852332	628857758	"gene34235"
3	2377	804514537.5	118	804497272	804531803	"gene13235"
10	3535	448985293	118	448984873	448985713	"gene36496"
3	3535	643419250.5	118	643418204	643420297	"gene12354"
5	5	68529878.5	118	68529293	68530464	"gene17655"
6	410	622475956	120	622475289	622476623	"gene24042"
6	1264	623801509.5	120	623737302	623865717	"gene24051"
6	2827	601722562.5	120	601722309	601722816	"gene23923"
9	168	127479426	121	127478666	127480186	"gene31991"
9	870	69471343.5	121	69469569	69473118	"gene31616"
9	870	519645781.5	121	519634388	519657175	"gene33614"
8	3904	15398442	122	15386100	15410784	"gene27873"
1	320	926111020	124	926096717	926125323	"gene4776"
1	311	675439642.5	124	675385210	675494075	"gene3558"
1	1102	673186673	124	673186337	673187009	"gene3552"
4	997	599913802	125	599912814	599914790	"gene16573"
10	3472	225495039.5	126	225481969	225508110	"gene35572"
1	3472	662197348.5	126	662196003	662198694	"gene3507"
11	269	435107521.5	127	435105626	435109417	"gene39952"
8	3677	497174741	128	497171834	497177648	"gene30208"
9	3677	633500136.5	128	633494741	633505532	"gene34287"
10	2869	229435430.5	129	229434411	229436450	"gene35594"
10	424	238464280.5	129	238447003	238481558	"gene35636"
10	96	212965674.5	129	212953931	212977418	"gene35507"
3	1882	756387627.5	130	756379820	756395435	"gene12964"
3	905	774340547.5	130	774336988	774344107	"gene13066"
1	876	686432311.5	130	686430125	686434498	"gene3626"
1	2266	683653179	130	683633832	683672526	"gene3607"
11	2048	93549442.5	131	93542517	93556368	"gene38312"
3	840	497246317	135	497244323	497248311	"gene11459"
3	5830	252769127	135	252754883	252783371	"gene10481"
3	1474	343050948.5	135	343007732	343094165	"gene10811"
5	427	624455630	136	624429391	624481869	"gene20275"
9	2439	71199673	137	71194275	71205071	"gene31630"
6	372	26273243.5	140	26271672	26274815	"gene20910"
6	1506	49368277	140	49344615	49391939	"gene21152"
6	413	49207301	140	49206838	49207764	"gene21150"
6	2838	48406310.5	140	48397242	48415379	"gene21135"
5	5927	359203312.5	143	359182554	359224071	"gene19049"
5	4869	357651499	143	357648698	357654300	"gene19043"
5	5720	353893512	143	353890447	353896577	"gene19024"
5	6071	336158910	143	336157800	336160020	"gene18975"
5	4868	353357503.5	143	353357067	353357940	"gene19021"
5	4868	353401557	143	353394162	353408952	"gene19022"
4	606	28050456.5	144	28034481	28066432	"gene13605"
4	992	318159744.5	144	318087945	318231544	"gene15093"
4	2503	22010253	144	22000698	22019808	"gene13585"
6	227	459916985.5	146	459908594	459925377	"gene23246"
9	1839	3838392	147	3832700	3844084	"gene31218"
8	909	30849976.5	148	30840935	30859018	"gene28027"
5	894	520397365.5	148	520394792	520399939	"gene19726"
5	1627	518662754.5	149	518635231	518690278	"gene19715"
8	4417	495536499	151	495492700	495580298	"gene30199"
11	1164	899431.5	152	894563	904300	"gene37536"
4	4335	67062728.5	152	67053561	67071896	"gene13861"
10	2038	189042608.5	152	189035617	189049600	"gene35409"
9	3591	459531183	154	459523691	459538675	"gene33346"
5	332	492244830	158	492226029	492263631	"gene19616"
4	1391	473326210	158	473313673	473338747	"gene15782"
4	1107	475691660	158	475677274	475706046	"gene15801"
4	6651	477095959.5	158	477092756	477099163	"gene15815"
8	3809	101041905.5	160	101038937	101044874	"gene28432"
8	2761	259176908.5	160	259170298	259183519	"gene29205"
8	1455	161559099	161	161556695	161561503	"gene28722"
1	505	274460900	161	274459053	274462747	"gene1609"
7	505	251402892.5	161	251388676	251417109	"gene25693"
1	3006	836500773.5	162	836500033	836501514	"gene4268"
9	1363	70061165	163	70011013	70111317	"gene31623"
11	728	261374110	164	261276838	261471382	"gene39071"
11	3451	260174072	164	260173918	260174226	"gene39064"
8	1648	147256771	167	147243225	147270317	"gene28635"
8	1647	303092552	167	303084946	303100158	"gene29399"
10	1334	33757435.5	170	33755437	33759434	"gene34616"
10	1333	34404624	170	34397651	34411597	"gene34617"
6	3974	58947660.5	171	58931355	58963966	"gene21206"
1	960	274494678.5	174	274487431	274501926	"gene1610"
4	464	683814988	174	683784559	683845417	"gene17049"
1	3288	192015798.5	176	192014165	192017432	"gene1038"
1	3408	187342911.5	176	187341728	187344095	"gene1017"
7	1309	627306760	179	627298963	627314557	"gene27508"
7	1312	603968971.5	179	603946332	603991611	"gene27330"
7	5521	653991913	179	653988825	653995001	"gene27756"
7	6013	654136948.5	179	654125940	654147957	"gene27760"
7	5792	654641061.5	179	654618591	654663532	"gene27766"
10	2119	530894107.5	181	530860454	530927761	"gene36887"
10	2119	530935449.5	181	530929203	530941696	"gene36889"
6	2898	440498365	182	440497283	440499447	"gene23180"
7	499	179702645.5	182	179698063	179707228	"gene25408"
3	827	85895876.5	183	85880344	85911409	"gene9690"
3	3348	86217610	183	86201553	86233667	"gene9695"
3	3347	86501044	183	86393380	86608708	"gene9696"
8	5654	45326413.5	186	45326081	45326746	"gene28104"
1	913	816971899.5	189	816925370	817018429	"gene4173"
9	1110	28808518	191	28803428	28813608	"gene31351"
9	1562	134094242	191	134081184	134107300	"gene32021"
11	4242	29707218	192	29673618	29740818	"gene37848"
11	2756	73816217	192	73786652	73845782	"gene38159"
11	2753	2369236	192	2354776	2383696	"gene37558"
7	1223	13217775.5	193	13210188	13225363	"gene24625"
7	1246	14830040	193	14821089	14838991	"gene24636"
1	254	175866584.5	194	175865074	175868095	"gene918"
3	6182	413486574.5	196	413464122	413509027	"gene11128"
3	4562	427323496.5	196	427320531	427326462	"gene11191"
2	1961	800493149.5	198	800492640	800493659	"gene8846"
5	1105	500041365	199	500035640	500047090	"gene19656"
11	1393	93236757.5	199	93235646	93237869	"gene38311"
1	2040	8905185.5	199	8896076	8914295	"gene69"
5	4734	331067205	200	331046605	331087805	"gene18951"
10	1544	187413964.5	204	187367874	187460055	"gene35403"
7	1704	237441145	204	237426930	237455360	"gene25627"
4	4252	193233354.5	208	193108697	193358012	"gene14513"
1	1845	979555051	209	979545397	979564705	"gene5097"
9	5167	145039450	212	145037090	145041810	"gene32096"
8	5167	229043112.5	212	228998570	229087655	"gene29082"
9	1059	91201407.5	212	91194677	91208138	"gene31770"
6	5437	624761075.5	217	624758937	624763214	"gene24057"
8	5437	95297670	217	95290085	95305255	"gene28391"
6	1281	605611557	217	605608121	605614993	"gene23952"
2	5880	221154511	218	221145262	221163760	"gene6257"
6	1919	66875857	219	66875466	66876248	"gene21256"
8	4066	227107505.5	219	227107245	227107766	"gene29070"
1	2191	884793246	220	884781727	884804765	"gene4483"
4	2960	256637540.5	220	256636664	256638417	"gene14802"
9	506	504494768	221	504488609	504500927	"gene33547"
5	1745	459520729	224	459441879	459599579	"gene19470"
5	5589	11420755.5	225	11415362	11426149	"gene17382"
9	1840	8760888	228	8760719	8761057	"gene31246"
4	3545	505028144	229	505020927	505035361	"gene15970"
2	3473	36124084.5	230	36115703	36132466	"gene5318"
2	887	271007976	230	271006710	271009242	"gene6431"
4	1774	227014404	234	227012828	227015980	"gene14652"
4	1531	183999034.5	234	183997863	184000206	"gene14464"
8	3997	647277422.5	235	647254524	647300321	"gene31161"
9	11	640022298	236	640019227	640025369	"gene34376"
10	3536	172433250.5	239	172397092	172469409	"gene35352"
8	1741	136477705.5	241	136474158	136481253	"gene28589"
9	303	194963597	241	194957951	194969243	"gene32283"
8	303	141526983	241	141523406	141530560	"gene28600"
8	2728	135576538	241	135570686	135582390	"gene28583"
9	2728	191428338	241	191427878	191428798	"gene32266"
7	2391	649833008.5	243	649793901	649872116	"gene27719"
8	3784	10616564.5	248	10615888	10617241	"gene27846"
7	1463	16785210.5	248	16784432	16785989	"gene24659"
7	1984	584579391.5	249	584565843	584592940	"gene27241"
