3	2949	3797288	0	3795839	3798737	"Sp03g00717"
4	2274	348698.5	2	347621	349776	"Sp04g00075"
2	2761	3684315.5	2	3683275	3685356	"Sp02g00703"
9	3774	1191845	2	1191586	1192104	"Sp09g00271"
8	2119	5732224.5	3	5728451	5735998	"Sp08g00783"
8	2851	5724573.5	3	5721849	5727298	"Sp08g00781"
5	2852	1187941	3	1187380	1188502	"Sp05g00264"
13	3778	768684	3	762878	774490	"Sp13g00144"
16	497	256590	5	255880	257300	"Sp16g00049"
16	497	257933	5	257318	258548	"Sp16g00050"
10	1648	2669053.5	5	2665208	2672899	"Sp10g00419"
7	1741	2500350.5	5	2499998	2500703	"Sp07g00413"
9	1082	1736261	5	1735991	1736531	"Sp09g00370"
4	1082	525666	5	524364	526968	"Sp04g00117"
13	1082	721427	5	721170	721684	"Sp13g00137"
16	303	259126.5	5	258809	259444	"Sp16g00051"
20	303	1622363.5	5	1620410	1624317	"Sp20g00280"
9	303	1732185	5	1731806	1732564	"Sp09g00368"
13	303	698169	5	697607	698731	"Sp13g00132"
10	303	2640530	5	2640217	2640843	"Sp10g00412"
14	303	2468032	5	2467521	2468543	"Sp14g00471"
13	1084	4396650.5	5	4392129	4401172	"Sp13g00823"
9	1084	1724657	5	1723915	1725399	"Sp09g00366"
13	1084	691075	5	690912	691238	"Sp13g00131"
2	1084	4786174.5	5	4786013	4786336	"Sp01g00642"
2	2092	4750110.5	5	4746088	4754133	"Sp02g00932"
5	2092	1529310.5	5	1527560	1531061	"Sp05g00339"
13	1083	706372	5	704617	708127	"Sp13g00133"
13	2728	718890	5	718012	719768	"Sp13g00136"
20	2728	1629905	5	1629454	1630356	"Sp20g00282"
14	1223	2341015	6	2338185	2343845	"Sp14g00443"
2	1246	4469843	6	4464688	4474998	"Sp02g00878"
17	150	3456500	7	3454968	3458032	"Sp17g00390"
3	975	2351377	7	2350623	2352131	"Sp03g00497"
3	975	2354648.5	7	2354145	2355152	"Sp03g00499"
1	964	617585.5	7	615287	619884	"Sp01g00129"
3	964	2253896	7	2253015	2254777	"Sp03g00482"
13	2243	3728751	8	3726825	3730677	"Sp13g00735"
16	2243	3011632.5	8	3001725	3021540	"Sp16g00480"
4	3329	8625240	8	8619512	8630968	"Sp04g01389"
2	1563	1460197.5	9	1459006	1461389	"Sp02g00297"
2	1928	1858807.5	10	1858357	1859258	"Sp02g00352"
14	1928	1175419	10	1171708	1179130	"Sp14g00199"
2	3204	1866359.5	10	1865496	1867223	"Sp02g00356"
20	2254	312829.5	10	311925	313734	"Sp20g00063"
14	1872	933189	10	910948	955430	"Sp14g00163"
4	2111	9355090.5	18	9353271	9356910	"Sp04g01506"
18	1931	292816	18	289951	295681	"Sp18g00051"
10	5366	77326.5	20	76130	78523	"Sp10g00015"
3	5716	3322154.5	20	3320257	3324052	"Sp03g00642"
10	636	40635	20	39631	41639	"Sp10g00004"
4	636	6503824.5	20	6503444	6504205	"Sp04g01186"
4	636	6500784	20	6499186	6502382	"Sp04g01185"
4	636	6263342	20	6258795	6267889	"Sp04g01156"
16	4330	2861069	20	2856396	2865742	"Sp16g00459"
16	997	1601501	20	1600218	1602784	"Sp16g00286"
9	2999	691371.5	21	690296	692447	"Sp09g00157"
20	2264	472666.5	21	471094	474239	"Sp20g00100"
6	3058	5016344	22	5014637	5018051	"Sp06g00722"
6	266	5022505	22	5021665	5023345	"Sp06g00723"
1	266	2997757.5	22	2992567	3002948	"Sp01g00496"
9	641	952892.5	23	949650	956135	"Sp09g00219"
7	5112	548552.5	24	548301	548804	"Sp07g00098"
1	5112	2269019	24	2268707	2269331	"Sp01g00386"
3	5112	8750041.5	24	8749718	8750365	"Sp03g01368"
3	1673	8753190.5	24	8750887	8755494	"Sp03g01369"
7	1673	554906	24	552809	557003	"Sp07g00100"
3	1869	8757411	24	8757004	8757818	"Sp03g01371"
1	1869	2265026	24	2264842	2265210	"Sp01g00384"
3	1869	8758161	24	8757925	8758397	"Sp03g01372"
1	1869	2264068.5	24	2263625	2264512	"Sp01g00383"
15	613	2498509	26	2498235	2498783	"Sp15g00272"
12	4279	3145707.5	26	3141283	3150132	"Sp12g00392"
11	3644	5377893	26	5370623	5385163	"Sp11g00708"
12	3644	3284129.5	26	3279955	3288304	"Sp12g00413"
5	3644	5283171	26	5277099	5289243	"Sp05g00802"
4	2392	5455458.5	26	5453499	5457418	"Sp04g01056"
4	3758	5465281	26	5464400	5466162	"Sp04g01059"
6	2323	6094109.5	27	6093418	6094801	"Sp06g00881"
10	2323	6077884	27	6076988	6078780	"Sp10g00763"
5	2960	1547781	27	1547518	1548044	"Sp05g00342"
1	2960	7014067	27	7013652	7014482	"Sp01g00981"
1	2390	7000042	27	6995172	7004912	"Sp01g00978"
6	1567	1928552.5	27	1928311	1928794	"Sp06g00373"
13	725	2792664.5	28	2790783	2794546	"Sp13g00566"
2	490	1158277.5	32	1156915	1159640	"Sp02g00234"
2	2249	1144265.5	32	1132777	1155754	"Sp02g00233"
12	2146	5271814.5	34	5270399	5273230	"Sp12g00806"
5	2147	6604883.5	34	6604632	6605135	"Sp05g01008"
12	3454	5283828.5	34	5282420	5285237	"Sp12g00809"
12	3454	5281388.5	34	5280921	5281856	"Sp12g00808"
3	1301	3122724	35	3121481	3123967	"Sp03g00612"
1	4243	1124110	35	1123917	1124303	"Sp01g00233"
3	4243	3085420.5	35	3081469	3089372	"Sp03g00602"
1	2709	1132469.5	35	1127894	1137045	"Sp01g00235"
3	2709	3095521	35	3094353	3096689	"Sp03g00605"
3	3637	3158000	35	3151593	3164407	"Sp03g00616"
3	1350	3179174.5	35	3178303	3180046	"Sp03g00618"
9	1350	6293417	35	6293017	6293817	"Sp09g00973"
1	5631	1140980.5	35	1139330	1142631	"Sp01g00237"
3	6263	3212963	35	3212556	3213370	"Sp03g00625"
1	1066	5870768.5	38	5870070	5871467	"Sp01g00803"
1	2305	5867100	38	5864771	5869429	"Sp01g00802"
6	2305	2569031	38	2567721	2570341	"Sp06g00459"
5	2838	3697518	40	3695839	3699197	"Sp05g00646"
5	1490	3700221	40	3699616	3700826	"Sp05g00647"
1	1490	2722724.5	40	2721459	2723990	"Sp01g00458"
8	1506	523178.5	40	521850	524507	"Sp08g00018"
8	4976	507265.5	40	506543	507988	"Sp08g00015"
8	3974	504014	40	503760	504268	"Sp08g00012"
10	8950	3623409.5	40	3622198	3624621	"Sp10g00480"
10	5713	3598925.5	40	3598299	3599552	"Sp10g00473"
7	1169	7843324	43	7842283	7844365	"Sp07g01080"
7	1169	7853330	43	7851112	7855548	"Sp07g01085"
1	3473	7980820	43	7977356	7984284	"Sp01g01191"
4	1131	6586564	43	6572455	6600673	"Sp04g01203"
11	1078	2432642	44	2429608	2435676	"Sp11g00392"
20	1078	3386926.5	44	3382285	3391568	"Sp20g00530"
11	1362	952465	44	948390	956540	"Sp11g00167"
11	1362	1111277.5	44	1110750	1111805	"Sp11g00205"
11	1362	1118579	44	1115274	1121884	"Sp11g00207"
11	1362	1113053.5	44	1111833	1114274	"Sp11g00206"
4	6642	4689658	44	4677720	4701596	"Sp04g00949"
10	4687	821485.5	44	819187	823784	"Sp10g00137"
8	1980	2604661	45	2604319	2605003	"Sp08g00272"
19	1980	2688134.5	45	2687834	2688435	"Sp19g00379"
8	2535	2607566.5	45	2607131	2608002	"Sp08g00274"
13	1164	1654644	45	1653653	1655635	"Sp13g00339"
13	3786	383132	47	381587	384677	"Sp13g00060"
9	2473	2139430.5	47	2138120	2140741	"Sp09g00442"
9	1382	2129793.5	47	2126981	2132606	"Sp09g00438"
8	1105	5380675.5	47	5380494	5380857	"Sp08g00716"
5	332	1254127	47	1251686	1256568	"Sp05g00279"
10	1926	6734416	47	6732619	6736213	"Sp10g00890"
17	4875	3610120	49	3609561	3610679	"Sp17g00418"
17	1334	3620115	49	3619048	3621182	"Sp17g00420"
2	1334	7705700	49	7704307	7707093	"Sp02g01254"
17	154	3809039	49	3808462	3809616	"Sp17g00454"
17	154	3960471	49	3959984	3960958	"Sp17g00481"
13	154	5076006.5	49	5075827	5076186	"Sp13g00906"
17	154	4311110.5	49	4310919	4311302	"Sp17g00525"
17	154	3597895.5	49	3596734	3599057	"Sp17g00414"
13	154	4980889	49	4978967	4982811	"Sp13g00891"
15	5589	764788.5	50	763782	765795	"Sp15g00049"
12	2576	98529	54	95786	101272	"Sp12g00015"
7	1237	1576218.5	54	1575124	1577313	"Sp07g00239"
12	1237	102690.5	54	101954	103427	"Sp12g00016"
3	1237	1792113.5	54	1790850	1793377	"Sp03g00350"
5	1483	6056577	55	6053862	6059292	"Sp05g00890"
15	1483	1163273	55	1160000	1166546	"Sp15g00134"
15	1483	1167372.5	55	1166634	1168111	"Sp15g00135"
1	1826	6139926.5	55	6136796	6143057	"Sp01g00838"
12	771	4514282.5	55	4510324	4518241	"Sp12g00662"
5	719	6069457	55	6068538	6070376	"Sp05g00894"
3	3077	7913357	56	7912906	7913808	"Sp03g01249"
9	464	5176105	56	5174709	5177501	"Sp09g00818"
7	464	330230	56	328632	331828	"Sp07g00057"
1	464	1888307.5	56	1886991	1889624	"Sp01g00334"
9	960	5146950.5	56	5143343	5150558	"Sp09g00815"
3	960	7693172.5	56	7691594	7694751	"Sp03g01230"
9	960	5085323	56	5083435	5087211	"Sp09g00812"
3	467	7707423.5	56	7701928	7712919	"Sp03g01231"
1	505	10020231	56	10019326	10021136	"Sp01g01571"
6	1733	7503351	58	7501076	7505626	"Sp06g01148"
10	858	6988267.5	58	6986861	6989674	"Sp10g00929"
6	2232	7489218.5	58	7487762	7490675	"Sp06g01142"
1	2232	8772317	58	8769835	8774799	"Sp01g01340"
10	2232	6980055.5	58	6978068	6982043	"Sp10g00927"
12	5230	4369452.5	59	4369266	4369639	"Sp12g00623"
11	5230	5855458.5	59	5855282	5855635	"Sp11g00783"
5	1280	5811794	59	5809189	5814399	"Sp05g00863"
11	1222	5860422	59	5860133	5860711	"Sp11g00786"
12	1222	4374374.5	59	4374204	4374545	"Sp12g00625"
8	320	5468114	61	5467720	5468508	"Sp08g00735"
8	320	5433907	61	5433570	5434244	"Sp08g00728"
13	2421	2529539	61	2524126	2534952	"Sp13g00510"
6	194	8130335	63	8128369	8132301	"Sp06g01288"
10	194	7754180.5	63	7751559	7756802	"Sp10g01072"
6	1887	166201	63	165702	166700	"Sp06g00041"
10	870	7759097.5	63	7758028	7760167	"Sp10g01073"
3	870	5024034	63	5018658	5029410	"Sp03g00928"
6	1749	8134744	63	8133089	8136399	"Sp06g01289"
9	1363	746430.5	63	743859	749002	"Sp09g00171"
4	228	3526981	65	3524140	3529822	"Sp04g00709"
11	1739	5723714.5	65	5722818	5724611	"Sp11g00758"
11	1709	5729670	65	5726930	5732410	"Sp11g00760"
4	612	5344249.5	66	5339603	5348896	"Sp04g01043"
15	801	2162867	66	2161571	2164163	"Sp15g00246"
10	892	2606299.5	70	2605376	2607223	"Sp10g00406"
17	3408	4526536.5	73	4525571	4527502	"Sp17g00574"
20	2452	3629266	74	3627452	3631080	"Sp20g00562"
20	1389	3666569.5	74	3665068	3668071	"Sp20g00565"
11	1364	364072	74	363395	364749	"Sp11g00082"
9	5636	4032088	74	4031850	4032326	"Sp09g00706"
12	1310	3417780	76	3416795	3418765	"Sp12g00435"
12	1309	3406150.5	76	3405599	3406702	"Sp12g00430"
12	2695	3389573.5	76	3385122	3394025	"Sp12g00427"
12	5522	3481563.5	76	3479428	3483699	"Sp12g00449"
12	4293	3472614.5	76	3471981	3473248	"Sp12g00447"
12	1312	3461792.5	76	3456435	3467150	"Sp12g00446"
4	2115	9280910.5	79	9279741	9282080	"Sp04g01493"
13	234	1622076.5	79	1619686	1624467	"Sp13g00334"
19	4335	2744347	79	2740906	2747788	"Sp19g00391"
13	4335	1592764	79	1590256	1595272	"Sp13g00327"
1	460	5782297	80	5781551	5783043	"Sp01g00792"
1	459	5765262	80	5762523	5768001	"Sp01g00788"
15	1419	1229150	81	1227759	1230541	"Sp15g00146"
5	1419	5881167.5	81	5879132	5883203	"Sp05g00868"
11	2846	5858915.5	81	5857826	5860005	"Sp11g00785"
11	6593	5801983.5	81	5799110	5804857	"Sp11g00775"
12	1282	4312446	81	4310023	4314869	"Sp12g00610"
1	2316	8313492.5	84	8305208	8321777	"Sp01g01251"
1	2316	6621165.5	84	6612252	6630079	"Sp01g00916"
1	1183	6641196.5	84	6641041	6641352	"Sp01g00919"
6	1842	7156782.5	87	7154847	7158718	"Sp06g01058"
6	1842	1214613	87	1209971	1219255	"Sp06g00267"
6	1661	7174727.5	87	7159219	7190236	"Sp06g01059"
1	2298	8418225.5	87	8416510	8419941	"Sp01g01267"
10	2298	6710116.5	87	6707377	6712856	"Sp10g00885"
6	851	7205564	87	7203440	7207688	"Sp06g01063"
4	1919	43718.5	88	43104	44333	"Sp04g00008"
8	144	3494048	89	3493103	3494993	"Sp08g00419"
8	3914	3488801	89	3486193	3491409	"Sp08g00418"
4	2606	8506480.5	93	8504695	8508266	"Sp04g01372"
4	893	1227293	97	1226358	1228228	"Sp04g00256"
10	893	2533475.5	97	2532286	2534665	"Sp10g00397"
3	3976	570494.5	99	569171	571818	"Sp03g00090"
4	1463	1603167.5	101	1600349	1605986	"Sp04g00331"
2	183	150432.5	102	149750	151115	"Sp02g00035"
7	183	2767487	102	2765891	2769083	"Sp07g00472"
14	183	152679.5	102	151535	153824	"Sp14g00020"
1	3056	2854334	103	2850955	2857713	"Sp01g00487"
6	2313	4279746.5	103	4275849	4283644	"Sp06g00635"
6	1795	4287681	103	4286881	4288481	"Sp06g00639"
10	155	3798763	103	3796122	3801404	"Sp10g00510"
13	2812	1887938	103	1886217	1889659	"Sp13g00378"
18	1515	626539.5	111	621109	631970	"Sp18g00126"
19	1517	219840.5	111	217254	222427	"Sp19g00045"
11	4242	52947.5	111	49793	56102	"Sp11g00007"
11	176	5746048	112	5744204	5747892	"Sp11g00764"
12	176	4268900	112	4266504	4271296	"Sp12g00599"
5	504	5762564	112	5761411	5763717	"Sp05g00856"
15	504	1389944	112	1388490	1391398	"Sp15g00169"
2	1743	99062.5	117	97580	100545	"Sp02g00021"
14	185	238618.5	117	237828	239409	"Sp14g00035"
14	185	240183.5	117	239872	240495	"Sp14g00036"
14	211	246291.5	117	243570	249013	"Sp14g00037"
2	211	196606	117	195643	197569	"Sp02g00051"
13	847	1541488.5	117	1541057	1541920	"Sp13g00314"
2	847	161864.5	117	156730	166999	"Sp02g00038"
16	1346	5324598.5	122	5319465	5329732	"Sp16g00665"
7	535	3596619.5	130	3595049	3598190	"Sp07g00610"
17	3639	4511226	131	4509383	4513069	"Sp17g00568"
4	2655	1099811	133	1095285	1104337	"Sp04g00229"
7	2655	2595514.5	133	2589878	2601151	"Sp07g00439"
20	2732	2508951	133	2503811	2514091	"Sp20g00420"
11	743	4157604	136	4154057	4161151	"Sp11g00561"
12	743	4900501	136	4898254	4902748	"Sp12g00726"
11	716	6163018.5	136	6161717	6164320	"Sp11g00852"
15	716	4134117.5	136	4133342	4134893	"Sp15g00444"
15	1537	1016149	136	1013940	1018358	"Sp15g00100"
12	1537	4880634	136	4879187	4882081	"Sp12g00717"
12	1537	4890469.5	136	4889275	4891664	"Sp12g00720"
5	4269	6278188.5	136	6277765	6278612	"Sp05g00937"
12	1538	4894122.5	136	4893973	4894272	"Sp12g00722"
15	2870	993718	136	990370	997066	"Sp15g00093"
17	3943	3145364	139	3138748	3151980	"Sp17g00349"
17	675	3161095.5	139	3158244	3163947	"Sp17g00350"
13	675	5641539.5	139	5638698	5644381	"Sp13g00972"
17	667	3204958.5	139	3200639	3209278	"Sp17g00356"
13	667	5697455	139	5696995	5697915	"Sp13g00974"
16	4811	1159975.5	142	1152966	1166985	"Sp16g00211"
16	1474	1175428	142	1174813	1176043	"Sp16g00215"
16	1474	758230.5	142	756135	760326	"Sp16g00144"
7	5753	3335458	142	3333301	3337615	"Sp07g00571"
1	905	8745641	145	8743017	8748265	"Sp01g01331"
15	5521	2049509	149	2048656	2050362	"Sp15g00228"
5	5521	5360271.5	149	5358356	5362187	"Sp05g00816"
12	6013	3505767.5	149	3502035	3509500	"Sp12g00453"
15	6013	2042243	149	2036536	2047950	"Sp15g00227"
12	5792	3513000.5	149	3511183	3514818	"Sp12g00455"
13	2022	1134184	151	1134024	1134344	"Sp13g00235"
8	992	1319775	151	1317440	1322110	"Sp08g00098"
10	853	6726613.5	153	6725343	6727884	"Sp10g00888"
1	1695	8498273.5	153	8496825	8499722	"Sp01g01277"
6	1695	1186493	153	1185069	1187917	"Sp06g00263"
1	1927	8493242.5	153	8490801	8495684	"Sp01g01276"
8	1927	5385578	153	5381578	5389578	"Sp08g00717"
12	548	2242407.5	162	2238904	2245911	"Sp12g00265"
10	859	6974774	163	6973180	6976368	"Sp10g00926"
10	875	6972103.5	163	6971727	6972480	"Sp10g00925"
4	160	4450723.5	163	4449415	4452032	"Sp04g00904"
10	160	6967721.5	163	6966456	6968987	"Sp10g00923"
6	160	1083622.5	163	1079120	1088125	"Sp06g00244"
14	2648	2034726	167	2032842	2036610	"Sp14g00368"
2	2648	3785700.5	167	3785092	3786309	"Sp02g00720"
4	2035	6561637.5	167	6559611	6563664	"Sp04g01200"
2	2035	3783451	167	3782276	3784626	"Sp02g00719"
15	2035	1815289	167	1812788	1817790	"Sp15g00207"
14	3443	2042314.5	167	2041889	2042740	"Sp14g00371"
6	877	7801954.5	169	7800270	7803639	"Sp06g01207"
6	3179	657263	169	652295	662231	"Sp06g00151"
12	5656	3410873.5	171	3410580	3411167	"Sp12g00433"
15	5656	2069674	171	2067257	2072091	"Sp15g00231"
12	1308	3335485.5	171	3326367	3344604	"Sp12g00423"
4	1308	5235737	171	5229553	5241921	"Sp04g01027"
4	5927	4733322.5	174	4731179	4735466	"Sp04g00956"
16	4869	1871581	174	1860201	1882961	"Sp16g00328"
10	4868	969705	174	967697	971713	"Sp10g00161"
12	6170	1552047.5	175	1550235	1553860	"Sp12g00216"
5	1951	6824966	176	6824059	6825873	"Sp05g01047"
6	1951	5420497.5	176	5420278	5420717	"Sp06g00780"
12	1951	695047.5	176	692256	697839	"Sp12g00112"
2	506	1583566	176	1581169	1585963	"Sp02g00319"
6	3714	3370543.5	176	3370250	3370837	"Sp06g00553"
7	1958	7304062	178	7303899	7304225	"Sp07g01006"
3	4206	5451328.5	178	5449188	5453469	"Sp03g00994"
2	1658	1399092.5	179	1391586	1406599	"Sp02g00281"
1	1658	11235997	179	11234381	11237613	"Sp01g01775"
1	901	11278080.5	179	11275797	11280364	"Sp01g01788"
18	6964	1000365	181	999219	1001511	"Sp18g00194"
1	3108	6397723.5	183	6395454	6399993	"Sp01g00884"
1	2912	6432067.5	183	6427639	6436496	"Sp01g00892"
1	1794	6452160.5	183	6447807	6456514	"Sp01g00897"
6	455	2724044.5	186	2721386	2726703	"Sp06g00485"
1	455	5683520	186	5680486	5686554	"Sp01g00774"
9	455	269506.5	186	269291	269722	"Sp09g00056"
19	45	2768029.5	186	2763485	2772574	"Sp19g00398"
8	45	2416082	186	2405658	2426506	"Sp08g00240"
16	2090	4903349.5	189	4901472	4905227	"Sp16g00619"
2	2665	6908480.5	189	6905584	6911377	"Sp02g01207"
17	2663	2527756	189	2508362	2547150	"Sp17g00285"
17	142	2558966	189	2556156	2561776	"Sp17g00286"
3	186	3581246.5	190	3580360	3582133	"Sp03g00686"
3	3698	3616588.5	190	3614299	3618878	"Sp03g00693"
4	2740	4838295	191	4837357	4839233	"Sp04g00972"
13	2740	182922.5	191	181940	183905	"Sp13g00030"
20	2740	1911758.5	191	1910816	1912701	"Sp20g00337"
4	6071	4851351.5	191	4850201	4852502	"Sp04g00977"
4	4304	4860971	191	4860781	4861161	"Sp04g00981"
4	4304	4875795.5	191	4867330	4884261	"Sp04g00985"
10	4304	925560.5	191	924853	926268	"Sp10g00152"
16	4304	2027165	191	2026816	2027514	"Sp16g00349"
4	4304	4865737	191	4864606	4866868	"Sp04g00984"
4	4734	4971889.5	191	4970650	4973129	"Sp04g00997"
9	1264	6642626	192	6639802	6645450	"Sp09g01053"
12	5437	115973.5	192	114191	117756	"Sp12g00019"
18	398	4164183.5	192	4161720	4166647	"Sp18g00576"
12	398	123864	192	123173	124555	"Sp12g00023"
7	3472	559400.5	193	558241	560560	"Sp07g00101"
9	3434	4421926.5	195	4421311	4422542	"Sp09g00735"
9	2753	4416435	195	4412182	4420688	"Sp09g00733"
20	2753	3810255	195	3808994	3811516	"Sp20g00590"
17	153	3649265.5	199	3648223	3650308	"Sp17g00422"
17	1333	3613259.5	199	3612217	3614302	"Sp17g00419"
1	1574	2789930.5	203	2789415	2790446	"Sp01g00473"
6	3055	4294254	203	4289030	4299478	"Sp06g00640"
1	7867	2788054.5	203	2786726	2789383	"Sp01g00472"
1	6745	2780121.5	203	2778200	2782043	"Sp01g00470"
11	3509	4271957	204	4265984	4277930	"Sp11g00576"
12	427	821375.5	204	817538	825213	"Sp12g00126"
3	1621	4740553	205	4738098	4743008	"Sp03g00878"
18	543	1276509	207	1273522	1279496	"Sp18g00244"
18	5539	1250055	207	1249727	1250383	"Sp18g00238"
18	5539	1250764	207	1250604	1250924	"Sp18g00239"
11	3388	930349.5	207	927425	933274	"Sp11g00161"
11	1378	937317.5	207	934718	939917	"Sp11g00162"
18	1378	1256615	207	1251804	1261426	"Sp18g00240"
11	1378	1096147	207	1095757	1096537	"Sp11g00199"
18	5434	1242296	207	1237970	1246622	"Sp18g00237"
5	2191	1509978	208	1507925	1512031	"Sp05g00333"
5	311	1335194	212	1331653	1338735	"Sp05g00291"
10	3206	6746093	212	6744465	6747721	"Sp10g00894"
1	2266	8570623.5	212	8559895	8581352	"Sp01g01301"
6	876	1122228.5	212	1118108	1126349	"Sp06g00251"
15	792	735365	213	732232	738498	"Sp15g00040"
12	792	5482647.5	213	5482139	5483156	"Sp12g00846"
10	792	6555950	213	6554426	6557474	"Sp10g00854"
5	792	6737164.5	213	6737003	6737326	"Sp05g01031"
12	792	5480551	213	5480336	5480766	"Sp12g00845"
7	2495	7840167	214	7839386	7840948	"Sp07g01079"
18	1946	64152	216	60215	68089	"Sp18g00016"
16	3817	2056975	217	2052474	2061476	"Sp16g00353"
4	3817	5259982	217	5259442	5260522	"Sp04g01032"
16	3817	2365669.5	217	2361953	2369386	"Sp16g00405"
12	1311	3444864.5	217	3441156	3448573	"Sp12g00443"
1	1767	7384742	221	7383508	7385976	"Sp01g01063"
6	1767	1851743.5	221	1850914	1852573	"Sp06g00354"
6	1791	6624990.5	221	6623796	6626185	"Sp06g00955"
16	4028	800178.5	226	797437	802920	"Sp16g00147"
7	3469	2969752.5	226	2961619	2977886	"Sp07g00507"
5	373	3673886	230	3673007	3674765	"Sp05g00641"
6	373	5202640.5	230	5201709	5203572	"Sp06g00754"
6	4398	4334916.5	230	4334259	4335574	"Sp06g00650"
6	6731	4343734.5	230	4343308	4344161	"Sp06g00656"
6	6731	4345080.5	230	4344731	4345430	"Sp06g00657"
12	940	5077403	236	5076062	5078744	"Sp12g00766"
5	940	6503687	236	6502432	6504942	"Sp05g00985"
12	4	2586461.5	238	2585666	2587257	"Sp12g00313"
11	4	5076444.5	238	5067308	5085581	"Sp11g00675"
5	4	4826711.5	238	4825590	4827833	"Sp05g00748"
12	4	2549249.5	238	2544324	2554175	"Sp12g00308"
15	2328	3054216.5	238	3051767	3056666	"Sp15g00334"
12	2002	2533739	238	2531927	2535551	"Sp12g00306"
12	5	2524554.5	238	2521804	2527305	"Sp12g00303"
16	5	4460278.5	238	4459667	4460890	"Sp16g00583"
6	168	212174.5	244	211424	212925	"Sp06g00047"
10	168	7646275.5	244	7642589	7649962	"Sp10g01065"
6	168	8114315	244	8113022	8115608	"Sp06g01282"
2	4830	2869820.5	245	2868955	2870686	"Sp02g00544"
14	4854	1583150	245	1577338	1588962	"Sp14g00270"
14	1117	4821228.5	247	4818419	4824038	"Sp14g00734"
6	550	7024601	249	7022366	7026836	"Sp06g01035"
18	550	4972609	249	4970745	4974473	"Sp18g00711"
3	969	8126791.5	249	8125079	8128504	"Sp03g01277"
1	969	2638793.5	249	2637494	2640093	"Sp01g00443"
6	969	7011497	249	7009352	7013642	"Sp06g01033"
