6	13899	378060151.5	0	378059714	378060589	"gene22808"
6	2949	379583022	0	379581769	379584275	"gene22828"
6	2898	440498365	0	440497283	440499447	"gene23180"
1	8227	609286755.5	0	609280655	609292856	"gene3282"
6	8227	434744017.5	0	434739168	434748867	"gene23140"
6	13969	434186870	0	434185859	434187881	"gene23136"
6	13968	426487426	0	426464615	426510237	"gene23109"
6	13967	424307631.5	0	424146547	424468716	"gene23094"
6	13966	422801815.5	0	422796137	422807494	"gene23083"
6	13963	419345311	0	419343356	419347266	"gene23065"
6	13961	410782569	0	410768706	410796432	"gene23026"
6	13960	410253766.5	0	410252765	410254768	"gene23025"
6	13959	410118715	0	410117904	410119526	"gene23023"
6	14041	406818042	0	406813608	406822476	"gene22990"
6	14040	406660817	0	406659835	406661799	"gene22989"
6	14037	399335449.5	0	399255549	399415350	"gene22950"
6	14036	397290209.5	0	397281974	397298445	"gene22939"
6	14027	393990933.5	0	393985744	393996123	"gene22911"
6	14026	393204826.5	0	393202640	393207013	"gene22905"
6	14025	393022743	0	393015907	393029579	"gene22902"
6	14024	390273160.5	0	390262540	390283781	"gene22891"
6	13920	387521130	0	387520790	387521470	"gene22876"
4	13496	35420127	1	35419526	35420728	"gene13652"
4	13497	36899591	1	36896018	36903164	"gene13655"
4	13498	38678779.5	1	38648957	38708602	"gene13660"
4	13501	39988790	1	39964523	40013057	"gene13667"
4	13504	41045534	1	41044713	41046355	"gene13677"
4	13506	42232025.5	1	42231751	42232300	"gene13687"
4	13509	42980171.5	1	42959316	43001027	"gene13695"
4	13510	43480366	1	43474306	43486426	"gene13696"
4	13511	43753662	1	43741917	43765407	"gene13701"
4	13512	44077468.5	1	44068955	44085982	"gene13702"
4	13513	44888613	1	44867344	44909882	"gene13710"
4	13514	46195587	1	46189499	46201675	"gene13720"
4	13515	47686828.5	1	47666316	47707341	"gene13732"
9	11314	455396608	1	455396268	455396948	"gene33327"
4	11314	47797574	1	47797171	47797977	"gene13733"
4	13516	48084762	1	48076971	48092553	"gene13735"
4	13517	48547525	1	48545472	48549578	"gene13738"
4	13518	49469699.5	1	49468944	49470455	"gene13744"
4	13520	53172057	1	53165786	53178328	"gene13756"
4	13521	53656041	1	53655856	53656226	"gene13759"
8	14552	299187702	2	299175085	299200319	"gene29381"
8	14551	297001651	2	297001299	297002003	"gene29369"
8	14550	296448129	2	296440131	296456127	"gene29366"
8	14548	295108348.5	2	295107773	295108924	"gene29361"
8	14547	294761696	2	294761268	294762124	"gene29358"
8	14546	294613048	2	294611711	294614385	"gene29357"
3	13029	2639281	2	2635503	2643059	"gene9236"
8	13029	294349508.5	2	294346678	294352339	"gene29356"
3	13312	2482331.5	2	2481210	2483453	"gene9234"
8	13312	292334336.5	2	292332603	292336070	"gene29349"
8	14543	287880838	2	287866402	287895274	"gene29339"
8	14541	284224024.5	2	284223701	284224348	"gene29312"
8	14646	267205985.5	2	267203981	267207990	"gene29236"
8	14645	267159459	2	267158569	267160349	"gene29235"
8	14644	267076276.5	2	267075808	267076745	"gene29233"
8	14709	262142042.5	2	262141544	262142541	"gene29221"
8	2274	260476978.5	2	260460011	260493946	"gene29211"
8	14600	259460362.5	2	259459892	259460833	"gene29206"
8	2761	259176908.5	2	259170298	259183519	"gene29205"
8	3774	257813427.5	2	257813245	257813610	"gene29200"
8	14684	262029984	2	262022196	262037772	"gene29220"
10	2119	530935449.5	3	530929203	530941696	"gene36889"
10	2119	530894107.5	3	530860454	530927761	"gene36887"
10	2851	531631069.5	3	531617162	531644977	"gene36899"
10	2852	534515032	3	534505076	534524988	"gene36918"
10	11879	537181304.5	3	537169846	537192763	"gene36932"
10	11880	537474148.5	3	537464907	537483390	"gene36936"
10	11882	539482725.5	3	539481200	539484251	"gene36948"
10	11886	541707931	3	541705573	541710289	"gene36968"
10	11888	545123220.5	3	545080887	545165554	"gene36991"
10	11889	547144510	3	547136748	547152272	"gene37004"
10	11891	548150714.5	3	548148446	548152983	"gene37010"
10	11892	548777279.5	3	548773058	548781501	"gene37013"
10	11858	554410038	3	554395832	554424244	"gene37053"
10	3778	554703594	3	554701098	554706090	"gene37055"
10	1041	558263376	3	558231598	558295154	"gene37066"
10	11861	564292063	3	564284876	564299250	"gene37086"
10	11862	569458400	3	569455957	569460843	"gene37120"
10	11862	566832896.5	3	566826229	566839564	"gene37106"
10	11844	566957337.5	3	566938451	566976224	"gene37108"
10	11863	567041271	3	567028641	567053901	"gene37109"
1	11369	763901227.5	4	763875483	763926972	"gene3983"
1	11370	764295617	4	764279699	764311535	"gene3985"
1	11371	766643600	4	766641951	766645249	"gene3996"
1	11374	768235990	4	768063062	768408918	"gene4006"
1	11375	768797041.5	4	768778814	768815269	"gene4007"
1	11376	772304535	4	772281136	772327934	"gene4013"
1	11377	772708647.5	4	772680200	772737095	"gene4017"
1	11378	773191005.5	4	773175370	773206641	"gene4022"
1	11379	775152159.5	4	775149730	775154589	"gene4026"
1	11381	775966229	4	775965247	775967211	"gene4029"
1	11382	777317178.5	4	777316610	777317747	"gene4032"
1	11383	778777292.5	4	778764260	778790325	"gene4037"
1	11385	783453256.5	4	783351347	783555166	"gene4057"
1	11387	784791772	4	784773609	784809935	"gene4064"
1	11388	785633748	4	785621917	785645579	"gene4066"
1	11389	786586284	4	786580447	786592121	"gene4076"
1	11390	786762207.5	4	786761992	786762423	"gene4078"
8	1648	147256771	5	147243225	147270317	"gene28635"
8	14537	144630699.5	5	144629006	144632393	"gene28622"
8	14535	144020753	5	144019536	144021970	"gene28616"
8	14534	143957674.5	5	143951122	143964227	"gene28615"
8	14532	142152693.5	5	142150888	142154499	"gene28602"
8	1741	136477705.5	5	136474158	136481253	"gene28589"
8	1082	132460920	5	132389905	132531935	"gene28566"
8	2981	134883518.5	5	134877530	134889507	"gene28578"
9	303	194963597	5	194957951	194969243	"gene32283"
8	303	141526983	5	141523406	141530560	"gene28600"
8	2092	143682593	5	143662412	143702774	"gene28611"
8	1083	137299940	5	137283749	137316131	"gene28596"
8	2728	135576538	5	135570686	135582390	"gene28583"
9	2728	191428338	5	191427878	191428798	"gene32266"
9	14126	179579198.5	5	179566938	179591459	"gene32226"
6	14126	32237893.5	5	32235576	32240211	"gene20985"
8	14126	132029328.5	5	132019897	132038760	"gene28560"
6	14127	33425459	5	33416904	33434014	"gene21002"
7	1223	13217775.5	6	13210188	13225363	"gene24625"
7	1246	14830040	6	14821089	14838991	"gene24636"
7	9029	16147337	6	16133403	16161271	"gene24651"
7	14261	17888343	6	17887838	17888848	"gene24668"
7	14262	21329911.5	6	21326963	21332860	"gene24689"
7	14263	21440171.5	6	21437281	21443062	"gene24690"
7	14264	21561013	6	21560560	21561466	"gene24692"
7	14265	23236193	6	23233498	23238888	"gene24707"
7	14268	24056680.5	6	24055274	24058087	"gene24717"
7	14270	24806625.5	6	24802138	24811113	"gene24719"
7	14272	25286501	6	25284691	25288311	"gene24721"
7	14274	27628186	6	27619748	27636624	"gene24730"
7	14275	27949095	6	27948659	27949531	"gene24733"
7	14276	28614941.5	6	28613442	28616441	"gene24734"
7	14277	30076515.5	6	30072919	30080112	"gene24747"
7	14278	30510697.5	6	30510194	30511201	"gene24749"
7	14279	33384434.5	6	33384171	33384698	"gene24759"
2	150	745720127.5	7	745711751	745728504	"gene8557"
2	12540	745911189.5	7	745906476	745915903	"gene8558"
2	12541	749083353.5	7	749075946	749090761	"gene8575"
2	12542	749968191	7	749966405	749969977	"gene8581"
2	12545	752687091	7	752685864	752688318	"gene8597"
2	12546	753619448.5	7	753619158	753619739	"gene8600"
2	12547	754435884	7	754435191	754436577	"gene8607"
2	12548	754619430.5	7	754595115	754643746	"gene8610"
2	12549	755805881.5	7	755650496	755961267	"gene8618"
2	12550	756654844	7	756647856	756661832	"gene8622"
2	12552	757505646.5	7	757505140	757506153	"gene8630"
2	12553	758357964.5	7	758357793	758358136	"gene8636"
2	975	758415445.5	7	758414873	758416018	"gene8637"
2	964	772452254	7	772447079	772457429	"gene8704"
2	12698	769343871.5	7	769339752	769347991	"gene8676"
2	12635	742194134	7	742171075	742217193	"gene8531"
2	12635	767926694.5	7	767920270	767933119	"gene8666"
2	12638	745564091	7	745558847	745569335	"gene8555"
8	14758	562659076.5	8	562652566	562665587	"gene30535"
8	14763	564488218.5	8	564477866	564498571	"gene30556"
8	14764	564569713.5	8	564568808	564570619	"gene30557"
8	2243	568476828	8	568473265	568480391	"gene30580"
8	14793	573313149.5	8	573309141	573317158	"gene30609"
8	14794	573427842.5	8	573427558	573428127	"gene30610"
8	14796	580127503.5	8	580123216	580131791	"gene30636"
8	14797	581704803	8	581654330	581755276	"gene30641"
8	3329	583851733.5	8	583849996	583853471	"gene30657"
8	14798	584023821.5	8	584019170	584028473	"gene30659"
8	14806	587224739.5	8	587224394	587225085	"gene30685"
8	14807	588330207.5	8	588328494	588331921	"gene30694"
8	14808	589137131.5	8	589115827	589158436	"gene30702"
8	14809	589495868	8	589495105	589496631	"gene30703"
8	14768	593578566.5	8	593577979	593579154	"gene30737"
8	14770	600281813	8	600220215	600343411	"gene30767"
8	14772	605024335.5	8	605004866	605043805	"gene30794"
9	14861	42532180	9	42517180	42547180	"gene31461"
9	14860	42199373	9	42193030	42205716	"gene31458"
9	14859	42039323	9	42025356	42053290	"gene31456"
9	14856	38829814.5	9	38818635	38840994	"gene31431"
9	14855	38037930.5	9	38033383	38042478	"gene31429"
9	14854	37951130	9	37948579	37953681	"gene31426"
9	14852	37161186.5	9	37158759	37163614	"gene31418"
9	14851	36713480.5	9	36702214	36724747	"gene31417"
9	14850	34914973.5	9	34898980	34930967	"gene31401"
9	14996	34169395	9	34165563	34173227	"gene31395"
9	1563	30738822.5	9	30718443	30759202	"gene31373"
9	14865	30322900.5	9	30316554	30329247	"gene31363"
9	14864	30251312	9	30251074	30251550	"gene31362"
9	14862	29026946.5	9	29021386	29032507	"gene31355"
9	14902	21306273	9	21305972	21306574	"gene31298"
7	14348	394507027.5	9	394490975	394523080	"gene26270"
9	14348	16327554.5	9	16320329	16334780	"gene31282"
9	14901	10815241.5	9	10788475	10842008	"gene31265"
7	1928	396051919.5	10	396051378	396052461	"gene26281"
7	3203	389967680	10	389965951	389969409	"gene26252"
7	14330	389820411	10	389819760	389821062	"gene26251"
7	14325	384497626.5	10	384496867	384498386	"gene26225"
7	2986	381617815	10	381613240	381622390	"gene26217"
7	2254	380218108	10	380213132	380223084	"gene26209"
7	1872	381317206	10	381172415	381461997	"gene26214"
7	14362	382754312.5	10	382752910	382755715	"gene26221"
7	14328	389605486	10	389592719	389618253	"gene26247"
7	14329	389763556.5	10	389763266	389763847	"gene26248"
7	14331	391188293	10	391174664	391201922	"gene26255"
7	14347	394127696	10	394126150	394129242	"gene26267"
7	14349	395174590	10	395173942	395175238	"gene26275"
7	14350	395761108	10	395707844	395814372	"gene26278"
10	11729	485111147	11	485110615	485111679	"gene36648"
10	11732	487202461.5	11	487202012	487202911	"gene36658"
10	11733	487640719	11	487637717	487643721	"gene36664"
10	11734	489899029.5	11	489895433	489902626	"gene36670"
10	11736	493143816.5	11	493124937	493162696	"gene36690"
10	11739	494466878.5	11	494465428	494468329	"gene36703"
10	11740	494942217	11	494800060	495084374	"gene36704"
10	11741	495184620	11	495180029	495189211	"gene36705"
10	11743	495852658.5	11	495852137	495853180	"gene36709"
10	11744	496064406	11	496058274	496070538	"gene36712"
10	11745	496730167	11	496729279	496731055	"gene36715"
10	11746	496845282	11	496844831	496845733	"gene36716"
10	11747	503831608.5	11	503809047	503854170	"gene36739"
10	11750	505933156	11	505922408	505943904	"gene36764"
10	11927	511254975.5	11	511254292	511255659	"gene36781"
7	14442	588804932.5	12	588801285	588808580	"gene27245"
7	14441	585100282.5	12	585099551	585101014	"gene27242"
7	1984	584579391.5	12	584565843	584592940	"gene27241"
7	14440	584000439.5	12	583996714	584004165	"gene27235"
7	14439	583020425	12	583011111	583029739	"gene27226"
7	14438	582702924	12	582696523	582709325	"gene27224"
7	14396	572183822	12	572175540	572192104	"gene27186"
7	14466	567469960.5	12	567469586	567470335	"gene27171"
7	14465	567351018.5	12	567349513	567352524	"gene27170"
7	14461	561412723	12	561410702	561414744	"gene27146"
7	14460	555842215	12	555834539	555849891	"gene27126"
7	14459	553142450	12	553139342	553145558	"gene27108"
7	14458	549151602.5	12	549149388	549153817	"gene27102"
7	14457	547275997	12	547275840	547276154	"gene27090"
7	14456	545804236	12	545803851	545804621	"gene27085"
9	15082	471328977	13	471326238	471331716	"gene33422"
9	15100	473106017	13	473104184	473107850	"gene33430"
9	15102	474232042.5	13	474213384	474250701	"gene33435"
9	15104	474725572	13	474724899	474726245	"gene33438"
9	15106	476275764	13	476274745	476276783	"gene33447"
9	15153	484391048	13	484390048	484392048	"gene33474"
9	15156	487879024	13	487863666	487894382	"gene33495"
9	15157	489120720	13	489116182	489125258	"gene33505"
4	9509	692073299.5	13	692067299	692079300	"gene17095"
11	9509	234887938	13	234886191	234889685	"gene38936"
4	9509	260875543	13	260873875	260877211	"gene14824"
9	9509	490274470	13	490257759	490291181	"gene33510"
4	9509	317803662.5	13	317796681	317810644	"gene15092"
9	15158	490790659	13	490768184	490813134	"gene33513"
9	15159	493652516.5	13	493651447	493653586	"gene33517"
9	15161	496428441	13	496425336	496431546	"gene33521"
9	15162	497724422.5	13	497720657	497728188	"gene33533"
9	15163	497945130	13	497942248	497948012	"gene33534"
4	13408	718446586.5	14	718423292	718469881	"gene17265"
4	13405	716886085	14	716883311	716888859	"gene17258"
6	13405	411190895.5	14	411179182	411202609	"gene23028"
4	13404	714778730	14	714754526	714802934	"gene17244"
4	13403	713997808.5	14	713997548	713998069	"gene17237"
4	13402	713681261.5	14	713669450	713693073	"gene17235"
4	13419	712248285.5	14	712241565	712255006	"gene17226"
4	13418	709416539.5	14	709401149	709431930	"gene17220"
4	13416	707655601	14	707640091	707671111	"gene17210"
4	13415	706859966.5	14	706819604	706900329	"gene17205"
4	13413	706521417.5	14	706521241	706521594	"gene17200"
4	13429	706003696	14	706000142	706007250	"gene17194"
4	13427	705067201	14	705060499	705073903	"gene17187"
4	13426	702863211	14	702820797	702905625	"gene17180"
1	11443	973994685	15	973991940	973997430	"gene5044"
1	11444	975303374.5	15	975299647	975307102	"gene5059"
1	11445	976913032	15	976878717	976947347	"gene5072"
1	902	977309079	15	977308649	977309509	"gene5078"
1	11446	977374160	15	977368819	977379501	"gene5079"
1	11447	977801305.5	15	977786051	977816560	"gene5081"
1	11448	978060724.5	15	978060287	978061162	"gene5084"
1	3574	979069908	15	979069655	979070161	"gene5091"
1	11450	980056665.5	15	980056102	980057229	"gene5103"
1	11451	980163134	15	980154324	980171944	"gene5104"
1	11453	982182630	15	982172076	982193184	"gene5127"
1	11533	984142173	15	984121738	984162608	"gene5144"
1	11455	984988959	15	984914360	985063558	"gene5149"
11	10218	10706321.5	16	10698019	10714624	"gene37647"
11	12405	13431234.5	16	13430962	13431507	"gene37680"
11	12410	14739611.5	16	14694651	14784572	"gene37700"
11	12411	15900177.5	16	15894431	15905924	"gene37714"
11	12414	16458953.5	16	16455566	16462341	"gene37719"
11	12415	16560596	16	16557856	16563336	"gene37723"
11	12416	16699709.5	16	16692281	16707138	"gene37726"
11	12417	16994219.5	16	16992829	16995610	"gene37733"
11	12418	17689878.5	16	17628347	17751410	"gene37738"
11	12383	18316461.5	16	18314859	18318064	"gene37744"
11	12421	20302822.5	16	20302541	20303104	"gene37764"
11	12423	20671884	16	20671528	20672240	"gene37768"
11	12424	20975388.5	16	20950472	21000305	"gene37771"
10	12015	135419951.5	17	135410848	135429055	"gene35197"
10	12108	130029572	17	130022029	130037115	"gene35174"
10	12107	127959478	17	127958629	127960327	"gene35172"
10	12106	127064944.5	17	127039867	127090022	"gene35171"
10	12105	123938140	17	123937260	123939020	"gene35164"
10	12104	123606237	17	123597589	123614885	"gene35163"
10	12100	122266914	17	122264905	122268923	"gene35156"
10	12097	119727361	17	119725821	119728901	"gene35141"
10	12156	114315365	17	114312850	114317880	"gene35092"
10	12122	112491248.5	17	112486078	112496419	"gene35080"
10	12121	111783641	17	111783174	111784108	"gene35076"
10	12119	110730406.5	17	110729346	110731467	"gene35067"
10	12118	108621674.5	17	108621108	108622241	"gene35054"
3	11222	282637304	18	282626978	282647630	"gene10572"
3	11222	678773617.5	18	678773339	678773896	"gene12551"
4	11222	139692343	18	139691898	139692788	"gene14237"
4	11222	163940956.5	18	163931358	163950555	"gene14372"
9	11222	322983043.5	18	322982112	322983975	"gene32763"
7	11222	626769962	18	626768921	626771003	"gene27501"
8	11222	63280520	18	63279981	63281059	"gene28188"
4	13540	164480197.5	18	164466223	164494172	"gene14377"
4	13541	164727575.5	18	164689857	164765294	"gene14381"
3	11224	391904084	18	391873398	391934770	"gene11012"
4	11224	175498516.5	18	175481804	175515229	"gene14406"
4	13466	177951356.5	18	177941271	177961442	"gene14416"
4	13468	180939979.5	18	180933227	180946732	"gene14444"
4	13470	185034036.5	18	185032536	185035537	"gene14473"
4	9262	186628534.5	18	186603001	186654068	"gene14488"
4	2111	202040998.5	18	201989016	202092981	"gene14563"
4	1931	206766523	18	206668462	206864584	"gene14591"
4	13476	207984904	18	207980787	207989021	"gene14601"
4	13477	208348992.5	18	208348729	208349256	"gene14604"
5	13774	544325201	19	544325041	544325361	"gene19830"
5	13775	545446906	19	545446453	545447359	"gene19842"
5	13776	545490690	19	545489821	545491559	"gene19843"
5	13777	545593486	19	545590698	545596274	"gene19845"
5	13778	545600339	19	545600098	545600580	"gene19846"
5	13779	547109129	19	547108574	547109684	"gene19852"
5	13780	547161822.5	19	547161110	547162535	"gene19853"
5	13781	548682324	19	548655241	548709407	"gene19863"
5	13783	549100289.5	19	549097319	549103260	"gene19866"
5	13786	549963160.5	19	549961430	549964891	"gene19871"
5	13787	553135934	19	553130749	553141119	"gene19887"
5	13788	553955475.5	19	553954627	553956324	"gene19893"
4	9461	559214900	20	559211832	559217968	"gene16340"
4	10136	565191194	20	565177874	565204514	"gene16364"
4	5366	568986645	20	568984104	568989186	"gene16378"
4	5716	596197682.5	20	596191567	596203798	"gene16544"
4	636	596400070	20	596394375	596405765	"gene16545"
4	13377	596585017.5	20	596568409	596601626	"gene16547"
4	10193	597442080	20	597441593	597442567	"gene16554"
4	4330	599134529.5	20	599011979	599257080	"gene16565"
4	13341	599506246	20	599441724	599570768	"gene16570"
4	997	599913802	20	599912814	599914790	"gene16573"
4	13342	602751168	20	602745799	602756537	"gene16587"
4	13346	608822191	20	608819884	608824498	"gene16613"
7	14234	366882929	21	366882394	366883464	"gene26139"
7	2999	341840633.5	21	341815978	341865289	"gene26040"
7	3228	340342844	21	340333650	340352038	"gene26032"
7	2264	339769790.5	21	339767899	339771682	"gene26030"
7	14292	338092492	21	338079498	338105486	"gene26025"
7	14291	333456047	21	333419344	333492750	"gene26008"
7	14289	331622317.5	21	331449045	331795590	"gene25993"
7	14287	331058114.5	21	331055333	331060896	"gene25990"
7	14286	330953666.5	21	330953304	330954029	"gene25989"
7	14284	327433430.5	21	327422317	327444544	"gene25975"
7	14282	319961162	21	319953603	319968721	"gene25947"
7	14281	318833918	21	318808554	318859282	"gene25946"
7	14376	633691335.5	22	633686347	633696324	"gene27580"
7	14379	634508601.5	22	634489100	634528103	"gene27589"
7	3058	639058858	22	639046005	639071711	"gene27617"
7	266	639265060.5	22	639263350	639266771	"gene27621"
7	14485	636979767	22	636938703	637020831	"gene27601"
7	14484	636502804.5	22	636497963	636507646	"gene27600"
7	14483	629972350.5	22	629905373	630039328	"gene27548"
7	14482	629218959.5	22	629218038	629219881	"gene27534"
7	14481	629172707	22	629171579	629173835	"gene27533"
7	14480	629050056	22	629049824	629050288	"gene27528"
7	14479	628808831.5	22	628802214	628815449	"gene27522"
7	14385	627015969	22	627012468	627019470	"gene27504"
10	12067	13028406	23	13021525	13035287	"gene34481"
10	12068	13164635.5	23	13162425	13166846	"gene34482"
10	12160	13292650.5	23	13291863	13293438	"gene34484"
10	641	16866946.5	23	16864884	16869009	"gene34516"
10	12162	19612306.5	23	19565975	19658638	"gene34537"
10	12075	20527960	23	20519863	20536057	"gene34543"
10	12077	21420848	23	21403250	21438446	"gene34553"
10	12078	23975659	23	23974946	23976372	"gene34567"
10	12079	24292457.5	23	24221177	24363738	"gene34568"
10	12080	24551983.5	23	24532031	24571936	"gene34572"
10	12083	27400627	23	27371992	27429262	"gene34584"
10	12084	27490252	23	27482344	27498160	"gene34585"
10	12095	235028609.5	24	235028202	235029017	"gene35624"
10	12094	234125489.5	24	234123658	234127321	"gene35621"
10	12091	232757145	24	232755026	232759264	"gene35610"
10	9531	232641654.5	24	232636060	232647249	"gene35609"
10	12090	232273079.5	24	232272879	232273280	"gene35607"
10	12089	231681775.5	24	231672155	231691396	"gene35605"
10	5112	231174613	24	231173909	231175317	"gene35602"
10	1673	230681824.5	24	230674851	230688798	"gene35600"
2	1869	693763969.5	24	693762903	693765036	"gene8313"
2	12580	704928846.5	24	704927021	704930672	"gene8375"
8	12580	307591241.5	24	307589098	307593385	"gene29414"
8	14699	306745888	24	306742380	306749396	"gene29412"
8	14698	303303892.5	24	303272828	303334957	"gene29400"
10	12139	48697609	25	48695229	48699989	"gene34693"
10	12063	41820498.5	25	41820286	41820711	"gene34649"
10	12114	39569955	25	39566705	39573205	"gene34634"
10	12113	38149427.5	25	38148279	38150576	"gene34630"
5	11103	191883645	25	191877463	191889827	"gene18360"
10	11103	35843821.5	25	35842788	35844855	"gene34622"
10	11102	32773066.5	25	32762392	32783741	"gene34614"
5	11102	189378765	25	189371561	189385969	"gene18344"
5	13744	176554416	25	176553951	176554881	"gene18278"
5	13742	175293069.5	25	175292551	175293588	"gene18272"
5	13741	173359986	25	173358904	173361068	"gene18259"
5	13769	162775093	25	162760171	162790015	"gene18206"
5	13768	160705654	25	160692654	160718654	"gene18193"
5	13767	158096685.5	25	158094459	158098912	"gene18185"
7	613	640839273.5	26	640838989	640839558	"gene27637"
7	4279	641957504	26	641938334	641976674	"gene27647"
7	3644	643912933.5	26	643877221	643948646	"gene27669"
7	2392	645265334.5	26	645238866	645291803	"gene27684"
7	3758	645980686	26	645979818	645981554	"gene27693"
7	2391	649833008.5	26	649793901	649872116	"gene27719"
7	14421	650508014	26	650506997	650509031	"gene27722"
7	14424	652635981	26	652630625	652641337	"gene27740"
7	14425	652912012.5	26	652909484	652914541	"gene27745"
7	14427	654057747	26	654053221	654062273	"gene27758"
7	14428	654440649	26	654435322	654445976	"gene27763"
4	13481	226072859.5	27	226013167	226132552	"gene14645"
4	13483	230730447.5	27	230714091	230746804	"gene14675"
4	13485	233857984	27	233843171	233872797	"gene14686"
4	9508	241130927	27	241129969	241131885	"gene14725"
4	2323	244774579	27	244769518	244779640	"gene14744"
4	13486	250892040	27	250891511	250892569	"gene14772"
4	13487	251301607.5	27	251301311	251301904	"gene14773"
4	13488	254527033	27	254482193	254571873	"gene14794"
4	2960	256637540.5	27	256636664	256638417	"gene14802"
4	2390	244976851.5	27	244909949	245043754	"gene14745"
4	1567	262196641	27	262188074	262205208	"gene14837"
4	13490	262820595.5	27	262819378	262821813	"gene14843"
10	11840	565178476	28	565171853	565185099	"gene37089"
10	11934	566158390.5	28	566157869	566158912	"gene37099"
10	11935	568449692	28	568444312	568455072	"gene37114"
10	11936	569188299.5	28	569170915	569205684	"gene37118"
10	11866	569884778	28	569879768	569889788	"gene37123"
10	11937	570796431.5	28	570741589	570851274	"gene37138"
10	725	585387209	28	585374318	585400100	"gene37186"
10	1053	586771900	28	586768603	586775197	"gene37201"
10	1036	587926208.5	28	587922253	587930164	"gene37207"
10	1036	585829884.5	28	585820723	585839046	"gene37193"
10	11870	588524487	28	588504927	588544047	"gene37209"
10	11871	588809730.5	28	588799205	588820256	"gene37211"
7	14134	79783926	29	79783611	79784241	"gene24943"
7	14135	79972212	29	79970611	79973813	"gene24948"
7	14138	83125040	29	83117893	83132187	"gene24958"
7	14357	85346417	29	85346158	85346676	"gene24975"
7	14143	88750981.5	29	88749979	88751984	"gene25001"
7	14145	88880575.5	29	88856898	88904253	"gene25004"
7	14147	90413288.5	29	90411653	90414924	"gene25026"
7	752	91857874.5	29	91855623	91860126	"gene25044"
7	14152	93889018	29	93884562	93893474	"gene25054"
7	14153	94065539.5	29	94059621	94071458	"gene25056"
7	14154	95402176	29	95386860	95417492	"gene25065"
8	14669	17750296	30	17728775	17771817	"gene27900"
8	14668	17253955.5	30	17248913	17258998	"gene27895"
8	14667	16127629	30	16083930	16171328	"gene27884"
8	14666	15049329.5	30	15049063	15049596	"gene27871"
8	11333	13574778	30	13554118	13595438	"gene27868"
5	11333	27181131.5	30	27156658	27205605	"gene17475"
8	14665	13420532.5	30	13415911	13425154	"gene27864"
8	14664	13152124	30	13151541	13152707	"gene27860"
8	14662	239191483.5	30	239186436	239196531	"gene29121"
8	14662	11641230	30	11638269	11644191	"gene27849"
8	14692	237857305.5	30	237856763	237857848	"gene29118"
8	14689	237098717	30	237097297	237100137	"gene29112"
8	14687	236397995	30	236397628	236398362	"gene29107"
8	14735	612131181	31	612129138	612133224	"gene30862"
8	14737	612906065	31	612883335	612928795	"gene30868"
8	14738	613071982.5	31	613062006	613081959	"gene30870"
8	14739	613294711.5	31	613280716	613308707	"gene30871"
8	14740	615127921	31	615127475	615128367	"gene30884"
8	14744	619393459.5	31	619385344	619401575	"gene30902"
8	10978	624511185	31	624498658	624523712	"gene30967"
8	14788	625267753.5	31	625261172	625274335	"gene30979"
8	14789	626074602.5	31	626071134	626078071	"gene30981"
8	14790	626146588	31	626133990	626159186	"gene30982"
8	14791	627294373.5	31	627294206	627294541	"gene30991"
7	14159	292743994	32	292731565	292756423	"gene25840"
7	490	292886462.5	32	292884315	292888610	"gene25841"
7	14160	293581497	32	293573043	293589951	"gene25845"
7	14131	297870975.5	32	297870022	297871929	"gene25858"
7	14161	297962669.5	32	297943503	297981836	"gene25859"
7	14162	298049636.5	32	298020391	298078882	"gene25860"
7	2249	301531696.5	32	301527510	301535883	"gene25880"
7	14163	301763444.5	32	301753873	301773016	"gene25882"
7	14164	301790550	32	301784290	301796810	"gene25883"
7	14166	303511164.5	32	303510753	303511576	"gene25892"
7	14167	305092551	32	305076809	305108293	"gene25902"
11	2588	337711022	33	337674684	337747360	"gene39456"
11	2589	336687486	33	336670603	336704369	"gene39446"
6	2589	663133814	33	663132517	663135111	"gene24403"
11	11800	42431942.5	33	42431367	42432518	"gene37961"
11	11800	336208168	33	336200967	336215369	"gene39438"
10	11800	622361317.5	33	622360721	622361914	"gene37432"
11	12341	41591640	33	41567249	41616031	"gene37952"
11	12340	41476362.5	33	41475808	41476917	"gene37951"
11	12339	41154302.5	33	41147860	41160745	"gene37945"
11	12338	40287690.5	33	40282282	40293099	"gene37936"
11	12336	40021817	33	39974315	40069319	"gene37934"
11	12335	39878706.5	33	39868874	39888539	"gene37933"
11	12334	39741369.5	33	39740890	39741849	"gene37932"
11	12445	34533985	33	34533199	34534771	"gene37897"
11	2146	360613816	34	360613101	360614531	"gene39542"
11	2147	360403187.5	34	360402424	360403951	"gene39541"
11	3454	358251771	34	358237702	358265840	"gene39522"
11	12212	353770378.5	34	353749963	353790794	"gene39498"
11	12211	353370170	34	353369917	353370423	"gene39495"
11	12207	350262383	34	350209671	350315095	"gene39483"
11	12206	349922374.5	34	349921597	349923152	"gene39478"
11	12205	349594564.5	34	349588753	349600376	"gene39476"
11	12204	348870113	34	348864972	348875254	"gene39472"
11	12203	348092123	34	348088455	348095791	"gene39471"
11	12201	341441161.5	34	341440991	341441332	"gene39461"
9	11176	460288135	36	460280702	460295568	"gene33351"
6	11176	372179104	36	372168157	372190051	"gene22772"
4	11176	53912306.5	36	53888474	53936139	"gene13762"
2	11176	463919534.5	36	463915259	463923810	"gene7237"
9	15090	460995991	36	460968985	461022997	"gene33356"
9	15093	463526261.5	36	463494416	463558107	"gene33365"
9	15096	464823921.5	36	464814445	464833398	"gene33385"
9	15099	468187649	36	468165952	468209346	"gene33403"
9	15079	468866994.5	36	468858462	468875527	"gene33407"
9	15103	474286647	36	474285062	474288232	"gene33436"
9	15105	475934226	36	475933427	475935025	"gene33445"
9	15107	478330980	36	478242759	478419201	"gene33455"
9	15154	485949037.5	36	485943799	485954276	"gene33487"
3	13074	148164200.5	37	148163472	148164929	"gene9980"
3	13078	151715522.5	37	151709740	151721305	"gene10004"
3	13080	153281488.5	37	153280341	153282636	"gene10008"
3	13082	157396302	37	157380656	157411948	"gene10025"
3	13197	166591737	37	166588129	166595345	"gene10049"
3	13198	166675027	37	166673320	166676734	"gene10050"
3	13199	168076951	37	168071485	168082417	"gene10057"
3	13085	172797080.5	37	172792909	172801252	"gene10076"
3	13086	175497142.5	37	175495176	175499109	"gene10082"
3	13087	175634156.5	37	175626211	175642102	"gene10083"
9	1066	561174715.5	38	561171887	561177544	"gene33806"
9	2305	568512913.5	38	568499125	568526702	"gene33844"
9	2305	564985437.5	38	564981052	564989823	"gene33827"
11	2305	5548894	38	5462130	5635658	"gene37588"
9	15189	574708740.5	38	574694490	574722991	"gene33873"
9	13990	575190097	38	575182906	575197288	"gene33879"
6	13990	669248007.5	38	669246866	669249149	"gene24449"
6	13991	669413385.5	38	669398912	669427859	"gene24453"
6	13992	669972380	38	669970933	669973827	"gene24460"
6	13994	671085900.5	38	671075184	671096617	"gene24480"
6	13995	671276072	38	671273992	671278152	"gene24481"
6	13997	672705166.5	38	672697926	672712407	"gene24489"
6	13999	674625345.5	38	674614960	674635731	"gene24511"
7	14168	189471434	39	189461476	189481392	"gene25464"
7	14169	192285057	39	192277261	192292853	"gene25468"
7	14170	196443793.5	39	196435387	196452200	"gene25487"
7	14171	196762503.5	39	196749951	196775056	"gene25488"
7	14175	208806364.5	39	208801454	208811275	"gene25518"
7	14176	208856819	39	208856395	208857243	"gene25519"
7	14177	209353610	39	209352407	209354813	"gene25521"
7	14178	212662838	39	212661898	212663778	"gene25533"
7	14180	213226769	39	213226606	213226932	"gene25535"
7	14181	216886948.5	39	216871863	216902034	"gene25543"
6	2838	48406310.5	40	48397242	48415379	"gene21135"
6	1506	49368277	40	49344615	49391939	"gene21152"
6	3974	58947660.5	40	58931355	58963966	"gene21206"
6	14089	62069984.5	40	62062160	62077809	"gene21215"
6	8950	62265899	40	62260541	62271257	"gene21216"
6	9172	62997665	40	62996477	62998853	"gene21221"
6	5713	63923402.5	40	63917524	63929281	"gene21234"
6	10206	119543409	40	119534163	119552655	"gene21617"
1	11436	856708483	41	856704691	856712275	"gene4351"
1	11432	841322906.5	41	841321941	841323872	"gene4289"
1	11464	836174720.5	41	836167397	836182044	"gene4265"
1	11463	834098300.5	41	834097276	834099325	"gene4245"
1	11462	833805000.5	41	833803518	833806483	"gene4243"
1	5474	833236735	41	833235651	833237819	"gene4242"
1	11461	832907836	41	832906839	832908833	"gene4241"
1	11460	832391789	41	832391566	832392012	"gene4239"
1	11458	827632598	41	827632129	827633067	"gene4217"
1	11457	827419875	41	827419526	827420224	"gene4216"
9	13900	139227379.5	42	139225754	139229005	"gene32056"
6	13900	559558469	42	559533090	559583848	"gene23738"
6	13902	560517500.5	42	560516300	560518701	"gene23750"
6	13903	560873166.5	42	560859937	560886396	"gene23753"
6	13904	565844328.5	42	565831742	565856915	"gene23775"
6	13905	567746004	42	567726344	567765664	"gene23783"
6	13906	574256729	42	574256025	574257433	"gene23797"
6	13907	576112631	42	576101867	576123395	"gene23809"
6	13909	579533224	42	579452552	579613896	"gene23816"
6	14011	592453970.5	42	592448798	592459143	"gene23867"
2	1169	36345356	43	36343417	36347295	"gene5320"
2	1169	227211023.5	43	227186799	227235248	"gene6281"
2	3473	36124084.5	43	36115703	36132466	"gene5318"
2	8672	35855442.5	43	35841368	35869517	"gene5316"
2	1131	34324743	43	34316355	34333131	"gene5305"
2	12775	33904986	43	33904244	33905728	"gene5302"
2	12774	33712158.5	43	33702080	33722237	"gene5300"
2	12772	31622213.5	43	31608769	31635658	"gene5291"
2	12771	28134161.5	43	28047471	28220852	"gene5278"
2	11199	27952788	43	27950034	27955542	"gene5277"
7	11199	15087651.5	43	15085331	15089972	"gene24638"
2	1362	542782392.5	44	542775963	542788822	"gene7604"
2	12663	541441369	44	541427697	541455041	"gene7596"
2	12661	540740787	44	540729475	540752099	"gene7591"
2	6642	539511391.5	44	539509662	539513121	"gene7585"
2	12658	539025205.5	44	539010873	539039538	"gene7578"
2	12657	537151443	44	537150688	537152198	"gene7570"
2	12655	535042243	44	535039891	535044595	"gene7552"
2	4687	534631294.5	44	534629050	534633539	"gene7551"
11	12329	6165051.5	45	5995154	6334949	"gene37593"
11	12366	3245032.5	45	3244354	3245711	"gene37568"
11	2340	2311628.5	45	2310523	2312734	"gene37557"
11	1980	2050539	45	2041601	2059477	"gene37551"
11	2535	2158165	45	2154461	2161869	"gene37554"
11	12325	2005788	45	2004551	2007025	"gene37549"
11	1164	899431.5	45	894563	904300	"gene37536"
11	12324	821255.5	45	780926	861585	"gene37535"
11	12365	394805.5	45	384646	404965	"gene37530"
2	12523	775141524.5	46	775141141	775141908	"gene8722"
2	12525	776508892.5	46	776492285	776525500	"gene8737"
2	12528	780299186.5	46	780266654	780331719	"gene8761"
2	12534	783918819	46	783908750	783928888	"gene8786"
2	12535	785126202.5	46	785120499	785131906	"gene8794"
2	12536	785828920	46	785813918	785843922	"gene8797"
2	12537	786167133.5	46	786147864	786186403	"gene8798"
2	12538	787333664.5	46	787333362	787333967	"gene8805"
2	12539	787518044	46	787511064	787525024	"gene8808"
5	2473	531488475.5	47	531476286	531500665	"gene19777"
5	1382	531729347	47	531726151	531732543	"gene19779"
5	7314	512115797	47	512110673	512120921	"gene19680"
5	1105	500041365	47	500035640	500047090	"gene19656"
5	332	492244830	47	492226029	492263631	"gene19616"
5	1926	495104105	47	495063904	495144306	"gene19626"
5	1696	499357681.5	47	499351693	499363670	"gene19651"
5	13814	494876039	47	494853515	494898563	"gene19625"
10	11768	625088205.5	48	625082940	625093471	"gene37462"
10	11769	625135812	48	625132903	625138721	"gene37464"
10	11774	626954200	48	626940147	626968253	"gene37482"
10	11776	627951859.5	48	627949323	627954396	"gene37494"
10	11777	628043083	48	628042872	628043294	"gene37495"
10	11778	630506842.5	48	630499680	630514005	"gene37511"
10	11779	630810475.5	48	630809609	630811342	"gene37515"
10	11780	630904736.5	48	630903879	630905594	"gene37516"
10	11781	631135951	48	631072353	631199549	"gene37518"
10	1334	33757435.5	49	33755437	33759434	"gene34616"
10	12111	32596356	49	32595104	32597608	"gene34612"
10	154	30089743	49	30087971	30091515	"gene34601"
10	11100	27720950	49	27720185	27721715	"gene34587"
5	11100	181862148	49	181852057	181872239	"gene18313"
5	13706	189688144	49	189687618	189688670	"gene18346"
5	13707	194825148.5	49	194802250	194848047	"gene18383"
5	13710	200675129.5	49	200671187	200679072	"gene18420"
5	13711	200814031	49	200813751	200814311	"gene18422"
5	5589	11420755.5	50	11415362	11426149	"gene17382"
5	13720	11028829.5	50	11020094	11037565	"gene17378"
5	13719	10115436	50	10060828	10170044	"gene17375"
5	13718	6647090	50	6637908	6656272	"gene17357"
5	13717	6185495.5	50	6184269	6186722	"gene17351"
5	13716	6075580.5	50	6073875	6077286	"gene17349"
5	13715	5612599	50	5607907	5617291	"gene17346"
5	13714	5029821.5	50	5028763	5030880	"gene17344"
5	13712	2608508.5	50	2603337	2613680	"gene17322"
5	13645	283421526	51	283416058	283426994	"gene18758"
5	13728	266288150	51	266282901	266293399	"gene18700"
5	13726	258161287	51	258159489	258163085	"gene18688"
5	13669	256425452.5	51	256412334	256438571	"gene18673"
5	13737	245045438.5	51	245043856	245047021	"gene18586"
5	13735	233341020.5	51	233339270	233342771	"gene18559"
5	13734	232604428	51	232593077	232615779	"gene18556"
5	13733	232565062	51	232563987	232566137	"gene18554"
5	13732	230086630	51	230075818	230097442	"gene18540"
5	13680	92497990	52	92494861	92501119	"gene17804"
5	13681	92944377	52	92906513	92982241	"gene17806"
5	13682	93084956.5	52	93079529	93090384	"gene17808"
5	13683	93464324.5	52	93460235	93468414	"gene17811"
5	13684	97913953	52	97911618	97916288	"gene17832"
5	13685	97970007.5	52	97953764	97986251	"gene17833"
5	13689	99511761	52	99451946	99571576	"gene17844"
5	13691	101350254	52	101349689	101350819	"gene17862"
5	13694	104827180.5	52	104800186	104854175	"gene17893"
10	12024	160728038.5	53	160703143	160752934	"gene35313"
10	11958	162655917.5	53	162655701	162656134	"gene35324"
10	11959	162726167.5	53	162699911	162752424	"gene35326"
10	12025	164734956.5	53	164734075	164735838	"gene35331"
10	11960	169082729	53	169031559	169133899	"gene35341"
10	11963	171595557.5	53	171578110	171613005	"gene35348"
10	11964	171702224.5	53	171701910	171702539	"gene35349"
2	6623	172451357.5	53	172450391	172452324	"gene6041"
10	6623	180818305.5	53	180810748	180825863	"gene35368"
10	12026	186063270.5	53	186062959	186063582	"gene35392"
6	2576	623524506	54	623518057	623530955	"gene24047"
6	8619	623980715.5	54	623922890	624038541	"gene24052"
6	1237	624168119	54	624152646	624183592	"gene24053"
8	1237	90090660	54	90081843	90099477	"gene28378"
8	14681	89118646.5	54	89097308	89139985	"gene28371"
8	14680	88656609	54	88636176	88677042	"gene28370"
8	14678	87111872.5	54	87105237	87118508	"gene28361"
8	14677	86352992.5	54	86340859	86365126	"gene28357"
8	14616	78959995.5	54	78958900	78961091	"gene28328"
11	1483	429063048	55	429054176	429071920	"gene39891"
11	12258	430207138	55	430206906	430207370	"gene39904"
11	12258	433842196	55	433842015	433842377	"gene39938"
11	1826	434443994	55	434398006	434489982	"gene39944"
11	12290	435205557	55	435204638	435206476	"gene39954"
11	12263	436064013	55	436063438	436064588	"gene39958"
11	771	436456433.5	55	436246908	436665959	"gene39961"
11	719	440511833.5	55	440504442	440519225	"gene39978"
11	12268	440471315.5	55	440471016	440471615	"gene39977"
4	464	683814988	56	683784559	683845417	"gene17049"
1	960	274494678.5	56	274487431	274501926	"gene1610"
1	467	288311849.5	56	288309155	288314544	"gene1669"
1	11714	286283761.5	56	286265039	286302484	"gene1661"
2	11009	72230589.5	56	72227840	72233339	"gene5441"
1	11009	277137267	56	277136048	277138486	"gene1635"
7	11009	250700549	56	250699215	250701883	"gene25692"
1	505	274460900	56	274459053	274462747	"gene1609"
7	505	251402892.5	56	251388676	251417109	"gene25693"
7	14369	253424820	56	253422960	253426680	"gene25700"
1	11055	781662084.5	57	781661119	781663050	"gene4051"
5	11055	229762119.5	57	229745827	229778412	"gene18537"
5	11055	23894712	57	23884091	23905333	"gene17455"
5	13731	230036958	57	230033002	230040914	"gene18539"
5	13736	242680628.5	57	242674540	242686717	"gene18576"
5	13668	253519735	57	253519293	253520177	"gene18652"
5	13722	254422672.5	57	254377165	254468180	"gene18662"
5	13725	257921177.5	57	257915093	257927262	"gene18683"
5	13730	270928645	57	270927645	270929645	"gene18719"
5	13644	280296475.5	57	280285938	280307013	"gene18751"
3	2232	732080827.5	58	732054776	732106879	"gene12851"
3	2232	761363090	58	761327763	761398417	"gene12981"
3	12999	732494142	58	732493478	732494806	"gene12854"
3	13003	733960782.5	58	733954633	733966932	"gene12863"
3	13005	734753940	58	734753325	734754555	"gene12871"
3	13008	741284352.5	58	741266700	741302005	"gene12888"
3	13009	741512692	58	741510828	741514556	"gene12890"
6	3453	502388056	59	502387530	502388582	"gene23441"
6	3453	504698822	59	504682747	504714897	"gene23456"
6	5230	493398487	59	493398296	493398678	"gene23403"
6	1280	485379093	59	485354861	485403325	"gene23358"
6	1222	588697395	59	588697199	588697591	"gene23853"
6	14009	591770030.5	59	591754325	591785736	"gene23861"
6	11515	592053222.5	59	592050867	592055578	"gene23863"
1	11515	917815775	59	917807302	917824248	"gene4687"
6	14010	592255727	59	592255054	592256400	"gene23865"
6	14012	592665701.5	59	592662729	592668674	"gene23870"
6	13975	471775828	60	471774876	471776780	"gene23284"
6	13977	474048326	60	474033479	474063173	"gene23295"
6	13979	474880998.5	60	474880304	474881693	"gene23299"
6	13980	475286925.5	60	475284034	475289817	"gene23300"
6	13984	476551807.5	60	476549831	476553784	"gene23317"
6	13985	476629063.5	60	476628753	476629374	"gene23318"
6	13986	477457516	60	477444490	477470542	"gene23326"
6	13987	477628201	60	477574527	477681875	"gene23328"
1	320	926111020	61	926096717	926125323	"gene4776"
1	11405	925227857	61	925226212	925229502	"gene4771"
1	11070	924559004	61	924543826	924574182	"gene4764"
7	11070	492930677	61	492926918	492934436	"gene26789"
1	2421	924162467.5	61	924150157	924174778	"gene4762"
1	11402	922644977.5	61	922644582	922645373	"gene4735"
1	11401	921848991	61	921834314	921863668	"gene4725"
1	11400	921609155	61	921608105	921610205	"gene4723"
1	11514	915857242.5	61	915854384	915860101	"gene4675"
11	12311	140196547	62	140196300	140196794	"gene38565"
11	12312	144073351	62	144067956	144078746	"gene38579"
11	12313	144444065.5	62	144421792	144466339	"gene38581"
11	12314	149239405	62	149238954	149239856	"gene38593"
11	12316	152855221	62	152854408	152856034	"gene38620"
11	12317	153490510	62	153476118	153504902	"gene38624"
11	12319	156249480.5	62	156246752	156252209	"gene38643"
11	12451	161806843.5	62	161806403	161807284	"gene38682"
9	1887	66178941.5	63	66178129	66179754	"gene31590"
9	3000	66386178.5	63	66385453	66386904	"gene31593"
9	870	69471343.5	63	69469569	69473118	"gene31616"
9	870	519645781.5	63	519634388	519657175	"gene33614"
9	1749	69656184.5	63	69644772	69667597	"gene31618"
9	1363	70061165	63	70011013	70111317	"gene31623"
9	14908	70277791.5	63	70276136	70279447	"gene31624"
9	14909	70426948	63	70426404	70427492	"gene31627"
11	12393	106707626.5	64	106706456	106708797	"gene38395"
11	12371	107220193	64	107213526	107226860	"gene38402"
11	12394	107952600.5	64	107946287	107958914	"gene38409"
11	12397	111552297	64	111551193	111553401	"gene38429"
11	12398	112996220.5	64	112973094	113019347	"gene38432"
11	12399	113475525.5	64	113470065	113480986	"gene38435"
11	12400	114469751	64	114469009	114470493	"gene38442"
11	12401	114877301	64	114875080	114879522	"gene38443"
6	228	632582446	65	632563925	632600967	"gene24117"
6	7172	633644398.5	65	633636429	633652368	"gene24123"
6	1739	636711803	65	636710857	636712749	"gene24142"
6	1709	637813909.5	65	637813382	637814437	"gene24148"
6	14044	640203594	65	640202894	640204294	"gene24172"
6	14046	641609245.5	65	641608853	641609638	"gene24194"
6	13949	643264996.5	65	643250893	643279100	"gene24224"
6	14015	644111863	65	644109011	644114715	"gene24237"
7	14413	641851945	66	641851679	641852211	"gene27645"
7	14414	642180374	66	642158839	642201909	"gene27650"
7	2527	642519185	66	642516525	642521845	"gene27653"
7	612	643327439	66	643292011	643362867	"gene27658"
7	14416	645699071	66	645683439	645714703	"gene27689"
7	801	105875703.5	66	105873863	105877544	"gene25092"
7	801	646487652.5	66	646480018	646495287	"gene27695"
7	14418	649319292.5	66	649316483	649322102	"gene27713"
7	14419	649385226	66	649379856	649390596	"gene27715"
2	12809	9197149.5	67	9194634	9199665	"gene5190"
2	12811	10232745.5	67	10231506	10233985	"gene5195"
2	12812	11158996	67	11158767	11159225	"gene5200"
2	12813	12907020	67	12899867	12914173	"gene5205"
2	12814	13672854.5	67	13663788	13681921	"gene5207"
2	12816	18629911	67	18613939	18645883	"gene5235"
2	12817	18838020	67	18826128	18849912	"gene5237"
2	12819	26702528.5	67	26699647	26705410	"gene5266"
7	14478	475532035	68	475528128	475535942	"gene26670"
7	14476	470079424.5	68	470069454	470089395	"gene26661"
7	14473	469280457	68	469279772	469281142	"gene26655"
7	14472	469112951.5	68	469105216	469120687	"gene26653"
7	14471	468544925	68	468544422	468545428	"gene26646"
7	14506	460815499.5	68	460797064	460833935	"gene26605"
7	14505	460449593.5	68	460445779	460453408	"gene26602"
7	14504	460149638.5	68	460145551	460153726	"gene26598"
2	12836	76511190.5	69	76510513	76511868	"gene5459"
2	12833	72128680.5	69	72115493	72141868	"gene5439"
2	12830	71152623.5	69	71150415	71154832	"gene5433"
2	12827	64568196	69	64566411	64569981	"gene5409"
2	12825	64181265.5	69	64106802	64255729	"gene5406"
2	12890	52938674	69	52935395	52941953	"gene5377"
2	12889	51673742	69	51672877	51674607	"gene5363"
2	12888	51568711.5	69	51565815	51571608	"gene5361"
8	14647	98215601.5	70	98208730	98222473	"gene28407"
8	892	98351383	70	98330197	98372569	"gene28408"
8	14648	99049648	70	99049173	99050123	"gene28418"
8	14649	99617438	70	99616990	99617886	"gene28421"
8	14651	101332209	70	101283131	101381287	"gene28433"
8	14652	102619683.5	70	102619438	102619929	"gene28436"
8	14653	109506238	70	109501227	109511249	"gene28450"
8	14654	110198779	70	110186620	110210938	"gene28453"
1	11492	969979038	71	969977353	969980723	"gene4995"
1	11493	970057137.5	71	970048565	970065710	"gene4996"
1	11494	970459988.5	71	970459628	970460349	"gene5003"
1	11495	970699167.5	71	970686722	970711613	"gene5004"
1	11496	970892186.5	71	970890586	970893787	"gene5007"
1	11497	970938899.5	71	970925344	970952455	"gene5008"
1	11498	971198150	71	971197819	971198481	"gene5014"
1	11500	971563440	71	971553978	971572902	"gene5016"
3	13093	383450609	72	383449034	383452184	"gene10972"
3	13094	384148531	72	384142310	384154752	"gene10975"
3	13095	388964198.5	72	388963435	388964962	"gene10990"
3	13097	390614234.5	72	390611684	390616785	"gene11003"
3	13098	392793663	72	392788939	392798387	"gene11016"
3	13100	393240334	72	393239275	393241393	"gene11020"
3	13101	393584627	72	393570363	393598891	"gene11021"
3	13103	395365980	72	395354403	395377557	"gene11036"
1	11634	162744849	73	162744140	162745558	"gene858"
1	11636	166529851.5	73	166509465	166550238	"gene875"
1	11637	166821534.5	73	166817719	166825350	"gene876"
1	11638	168333171.5	73	168331492	168334851	"gene888"
1	11639	175395478	73	175384205	175406751	"gene914"
1	11687	183791347.5	73	183790553	183792142	"gene991"
1	3408	187342911.5	73	187341728	187344095	"gene1017"
1	11688	192075487	73	192071708	192079266	"gene1039"
5	1389	379820771	74	379791555	379849987	"gene19143"
5	1364	381340657.5	74	381334058	381347257	"gene19152"
5	5636	383453757	74	383423733	383483781	"gene19166"
5	1397	387221065	74	387216310	387225820	"gene19184"
5	1397	387274005.5	74	387225789	387322222	"gene19185"
5	13699	389837106.5	74	389739903	389934310	"gene19198"
5	13701	396462326	74	396432474	396492178	"gene19213"
5	13702	404346056.5	74	403808781	404883332	"gene19234"
9	15042	517670132	75	517661619	517678645	"gene33602"
9	15041	517454473.5	75	517353838	517555109	"gene33601"
9	15040	516968988.5	75	516967926	516970051	"gene33599"
9	15038	515302417	75	515288853	515315981	"gene33582"
9	15035	513938357.5	75	513877062	513999653	"gene33574"
9	15034	507319522	75	507305759	507333285	"gene33566"
2	11207	353731220.5	75	353584715	353877726	"gene6716"
9	11207	507171494.5	75	507168551	507174438	"gene33565"
9	15191	506417751.5	75	506416936	506418567	"gene33560"
7	1309	627306760	76	627298963	627314557	"gene27508"
7	5124	621954066.5	76	621941079	621967054	"gene27452"
7	5522	620273755.5	76	620263067	620284444	"gene27439"
7	4293	619895251.5	76	619894598	619895905	"gene27436"
7	1312	603968971.5	76	603946332	603991611	"gene27330"
7	14372	604385062	76	604381044	604389080	"gene27331"
9	15123	601577787.5	77	601548031	601607544	"gene34047"
9	15127	605270811.5	77	605246607	605295016	"gene34064"
9	15128	605543500	77	605542305	605544695	"gene34066"
9	15129	605667099	77	605661016	605673182	"gene34068"
9	15131	607493421.5	77	607482762	607504081	"gene34079"
9	15132	608991301.5	77	608985178	608997425	"gene34082"
9	15133	609062587	77	609056096	609069078	"gene34084"
9	15187	609344825	77	609326135	609363515	"gene34088"
10	12009	132874165.5	78	132873015	132875316	"gene35182"
10	12010	133986007.5	78	133976925	133995090	"gene35187"
10	12011	134360645	78	134261715	134459575	"gene35189"
10	12012	134554078.5	78	134548969	134559188	"gene35191"
10	12013	135067662	78	135061545	135073779	"gene35192"
10	12014	135339076	78	135338847	135339305	"gene35196"
10	12016	135594075	78	135582693	135605457	"gene35200"
4	10241	300987757	79	300968217	301007297	"gene15015"
4	4335	67062728.5	79	67053561	67071896	"gene13861"
4	13534	84449379	79	84445637	84453121	"gene13969"
4	13534	68024893	79	68020543	68029243	"gene13867"
4	459	313241163.5	80	313200946	313281381	"gene15066"
4	13564	314311207.5	80	314307764	314314651	"gene15073"
4	13565	314629337	80	314624976	314633698	"gene15075"
4	13567	316191308	80	316190560	316192056	"gene15086"
4	13610	316924245.5	80	316901344	316947147	"gene15091"
4	13570	320514167.5	80	320488978	320539357	"gene15113"
6	1419	499692621	81	499674625	499710617	"gene23424"
6	2846	488660766.5	81	488650240	488671293	"gene23390"
6	1282	535459182	81	535454463	535463901	"gene23618"
6	13940	536795529	81	536794409	536796649	"gene23624"
6	13944	544621496.5	81	544618856	544624137	"gene23653"
9	2891	565822692.5	81	565821603	565823782	"gene33831"
6	2891	546434532.5	81	546433078	546435987	"gene23668"
5	13791	580523606.5	82	580499701	580547512	"gene20023"
5	11322	586312338.5	82	586304207	586320470	"gene20045"
6	11322	13093150.5	82	13082744	13103557	"gene20769"
5	11322	518026943.5	82	518021210	518032677	"gene19711"
5	13794	587286010	82	587188425	587383595	"gene20057"
5	13795	587798429	82	587795888	587800970	"gene20059"
5	13796	588087765.5	82	588035177	588140354	"gene20060"
5	13797	588173361.5	82	588163742	588182981	"gene20062"
5	13798	588452061	82	588449776	588454346	"gene20065"
5	11236	602064388.5	83	602037797	602090980	"gene20118"
3	11236	345410571	83	345387904	345433238	"gene10828"
3	13070	329192348.5	83	329190461	329194236	"gene10766"
3	13066	327488203.5	83	327487722	327488685	"gene10749"
3	13320	326295601	83	326278776	326312426	"gene10740"
3	13063	322383113	83	322369687	322396539	"gene10718"
3	13334	308700568.5	83	308697067	308704070	"gene10656"
3	13060	305996024.5	83	305933566	306058483	"gene10651"
1	2316	723819126.5	84	723800088	723838165	"gene3794"
4	2316	635935121	84	635772888	636097354	"gene16736"
1	2316	724059515.5	84	724050141	724068890	"gene3797"
4	1183	634647932	84	634647760	634648104	"gene16734"
4	13356	637597018	84	637595788	637598248	"gene16748"
4	13358	640078969.5	84	640076072	640081867	"gene16769"
4	13360	643343277.5	84	643334705	643351850	"gene16792"
4	13363	646482834	84	646474074	646491594	"gene16814"
4	13364	647524843	84	647524482	647525204	"gene16818"
11	12215	408694192	85	408671389	408716995	"gene39752"
11	12218	411141225	85	411138271	411144179	"gene39779"
11	12219	413593187	85	413592825	413593549	"gene39794"
11	12220	414231972.5	85	414222334	414241611	"gene39795"
11	12221	418124038.5	85	418118557	418129520	"gene39811"
11	12222	418555533	85	418523534	418587532	"gene39820"
11	12223	419176772	85	419173819	419179725	"gene39825"
11	12242	318868123	86	318852768	318883478	"gene39325"
11	12243	320438380	86	320429883	320446877	"gene39333"
11	12244	320628090.5	86	320625436	320630745	"gene39336"
11	12249	323296609	86	323289617	323303601	"gene39369"
11	12251	324854369.5	86	324853635	324855104	"gene39382"
11	12252	331876414.5	86	331864455	331888374	"gene39398"
11	12254	333456864.5	86	333432649	333481080	"gene39406"
4	2298	489818732	87	489818292	489819172	"gene15881"
4	2298	489791987	87	489782993	489800981	"gene15880"
4	851	489429674	87	489424789	489434559	"gene15876"
4	13351	489166949	87	489158872	489175026	"gene15875"
4	12838	485859298	87	485858980	485859616	"gene15861"
2	12838	206582507.5	87	206582202	206582813	"gene6204"
4	13451	482053008.5	87	482049211	482056806	"gene15835"
6	1919	66875857	88	66875466	66876248	"gene21256"
6	14090	64555615	88	64538242	64572988	"gene21238"
6	10216	59389612	88	59310927	59468297	"gene21211"
6	14088	59134990	88	59131900	59138080	"gene21208"
6	14087	51961578	88	51961091	51962065	"gene21175"
6	413	49207301	88	49206838	49207764	"gene21150"
6	14083	48521355.5	88	48518802	48523909	"gene21137"
1	11478	752735610	89	752734221	752736999	"gene3895"
1	11479	752979098	89	752976894	752981302	"gene3897"
1	11481	755386828	89	755354692	755418964	"gene3917"
1	11482	756662667	89	756662006	756663328	"gene3925"
1	144	757057349.5	89	757051724	757062975	"gene3929"
1	3914	759787624.5	89	759736975	759838274	"gene3948"
1	11483	761516680	89	761503090	761530270	"gene3959"
7	14303	56360245.5	90	56349271	56371220	"gene24853"
7	14307	57394550.5	90	57389242	57399859	"gene24862"
7	14218	57683422	90	57670082	57696762	"gene24864"
7	14308	61907517.5	90	61885859	61929176	"gene24877"
7	14310	65647953	90	65645619	65650287	"gene24887"
7	14312	66879940	90	66869276	66890604	"gene24902"
7	14314	70675154	90	70673524	70676784	"gene24911"
2	12513	488506638	91	488505953	488507323	"gene7346"
2	12515	490239741	91	490235307	490244175	"gene7348"
8	12516	258556749	91	258555713	258557785	"gene29202"
2	12516	490307035	91	490306335	490307735	"gene7350"
2	12519	492297526	91	492297150	492297902	"gene7364"
2	12520	492353503.5	91	492352067	492354940	"gene7366"
2	12521	498290595.5	91	498290404	498290787	"gene7383"
2	12676	505059676	91	505054156	505065196	"gene7440"
7	14388	529191422.5	92	529181723	529201122	"gene26985"
7	14390	532711775	92	532709898	532713652	"gene27004"
7	14391	532907627.5	92	532907382	532907873	"gene27005"
7	14392	533365591.5	92	533273290	533457893	"gene27007"
7	14394	533857307	92	533839645	533874969	"gene27013"
7	14402	539071689	92	539065544	539077834	"gene27036"
7	14404	543606417.5	92	543599573	543613262	"gene27074"
9	2606	552005470	93	551976490	552034450	"gene33757"
9	14660	551651192	93	551644535	551657849	"gene33754"
8	14660	39064611	93	39062266	39066956	"gene28060"
9	14512	539188814.5	93	539187855	539189774	"gene33725"
8	14512	41642096	93	41640170	41644022	"gene28078"
9	15150	534506782	93	534505068	534508496	"gene33706"
9	15149	532766474	93	532756567	532776381	"gene33695"
9	15144	529975793	93	529946608	530004978	"gene33672"
9	15137	526904122.5	93	526881644	526926601	"gene33647"
2	12614	634728410.5	94	634727781	634729040	"gene8012"
2	11365	634560060	94	634552824	634567296	"gene8010"
5	11365	516396669	94	516390670	516402668	"gene19704"
2	12613	634008726.5	94	634008349	634009104	"gene8004"
2	12612	633899843.5	94	633881591	633918096	"gene8003"
2	12611	630718052.5	94	630714566	630721539	"gene7997"
2	12575	627886889	94	627874428	627899350	"gene7979"
2	12714	622124687	94	622124214	622125160	"gene7950"
2	12686	736997964	95	736992625	737003303	"gene8496"
2	12688	737818587.5	95	737807743	737829432	"gene8501"
2	12689	737989319	95	737971603	738007035	"gene8503"
2	12690	738318180	95	738309412	738326948	"gene8505"
2	12693	739433932.5	95	739433588	739434277	"gene8514"
2	12694	740555629.5	95	740542219	740569040	"gene8522"
2	12695	741189530	95	741187982	741191078	"gene8524"
2	12770	204666559	96	204650531	204682587	"gene6193"
2	12767	200126281	96	200116008	200136554	"gene6174"
2	12766	198351063	96	198350516	198351610	"gene6164"
2	12765	197712057.5	96	197706529	197717586	"gene6161"
2	12764	196123930	96	196122843	196125017	"gene6147"
2	12762	188411769.5	96	188403368	188420171	"gene6118"
2	12871	177289288.5	96	177287116	177291461	"gene6059"
8	14554	72703060	97	72700955	72705165	"gene28278"
8	14555	72875632.5	97	72840866	72910399	"gene28280"
8	14559	75881890.5	97	75879536	75884245	"gene28308"
8	14560	75974392	97	75964956	75983828	"gene28309"
8	893	76050274	97	76047963	76052585	"gene28310"
8	893	75674717	97	75673951	75675483	"gene28301"
8	893	76085883.5	97	76079822	76091945	"gene28311"
8	14561	76156682.5	97	76151696	76161669	"gene28312"
8	14562	76223407	97	76217674	76229140	"gene28314"
1	11566	134362928.5	98	134362233	134363624	"gene699"
1	11616	129714013.5	98	129713210	129714817	"gene661"
1	11571	127639334	98	127639174	127639494	"gene644"
1	11571	142047494.5	98	142047282	142047707	"gene732"
1	11612	127131370	98	127130291	127132449	"gene639"
1	11611	126183005	98	126179103	126186907	"gene634"
1	11609	125240530.5	98	125232790	125248271	"gene627"
1	11604	121425237.5	98	121400017	121450458	"gene606"
3	3976	673925296.5	99	673922763	673927830	"gene12510"
3	12938	676686246.5	99	676673592	676698901	"gene12531"
3	12939	677478777.5	99	677464678	677492877	"gene12542"
3	12940	677726171.5	99	677723121	677729222	"gene12545"
3	12941	678884324	99	678878081	678890567	"gene12553"
3	12942	680931867	99	680930115	680933619	"gene12567"
2	12848	325204288	100	325196162	325212414	"gene6599"
2	12880	327553373	100	327537791	327568955	"gene6610"
2	12883	330982981.5	100	330978165	330987798	"gene6630"
2	12884	331238093.5	100	331225273	331250914	"gene6634"
2	12857	336029734.5	100	336028609	336030860	"gene6650"
2	12793	340389522	100	340386511	340392533	"gene6654"
2	12859	345518466	100	345515305	345521627	"gene6668"
7	1463	16785210.5	101	16784432	16785989	"gene24659"
2	6983	32285590	101	32285253	32285927	"gene5295"
7	6983	15364080.5	101	15363657	15364504	"gene24640"
7	14259	13601506.5	101	13591631	13611382	"gene24630"
7	14258	13484398	101	13476106	13492690	"gene24627"
7	14257	12520619	101	12518611	12522627	"gene24619"
11	12195	393946712.5	101	393914030	393979395	"gene39683"
7	12195	11300903.5	101	11297271	11304536	"gene24606"
7	14256	10292993.5	101	10292447	10293540	"gene24600"
8	14815	527611889.5	102	527581891	527641888	"gene30404"
8	14816	527914081	102	527907270	527920892	"gene30405"
8	183	529544089.5	102	529542103	529546076	"gene30414"
8	14817	529984829.5	102	529984347	529985312	"gene30416"
8	14818	530383348	102	530361532	530405164	"gene30420"
8	14819	530483301.5	102	530468053	530498550	"gene30421"
8	14820	530807184	102	530802367	530812001	"gene30423"
6	3056	14681705	103	14656312	14707098	"gene20792"
6	2313	37885753.5	103	37858224	37913283	"gene21033"
6	1795	36806368	103	36805328	36807408	"gene21023"
6	155	35503591.5	103	35498185	35508998	"gene21017"
6	2812	32069548	103	32067359	32071737	"gene20984"
6	14051	31793061	103	31789808	31796314	"gene20981"
6	14050	30868800	103	30867743	30869857	"gene20975"
9	14903	186377025	104	186357220	186396830	"gene32246"
9	14964	192412951	104	192389614	192436288	"gene32270"
9	14943	201175918.5	104	201157733	201194104	"gene32290"
9	14944	201631482.5	104	201624663	201638302	"gene32291"
9	14912	204555443.5	104	204555200	204555687	"gene32309"
9	14966	212085114.5	104	212083252	212086977	"gene32335"
9	14946	212634258.5	104	212557822	212710695	"gene32337"
9	14907	190816179.5	105	190813947	190818412	"gene32263"
9	14961	178544788	105	178334639	178754937	"gene32225"
9	14959	177316918	105	177163246	177470590	"gene32220"
9	14958	176944528	105	176944341	176944715	"gene32219"
9	14957	172755218.5	105	172753109	172757328	"gene32203"
9	14956	172451316.5	105	172416353	172486280	"gene32201"
9	14955	170894739	105	170890235	170899243	"gene32187"
3	13283	35872582	106	35858515	35886649	"gene9411"
3	13284	36828589.5	106	36828131	36829048	"gene9415"
3	13130	37510322.5	106	37507973	37512672	"gene9417"
3	13285	38082872	106	38071228	38094516	"gene9419"
3	13286	38413966	106	38407502	38420430	"gene9420"
3	13287	38592402.5	106	38585495	38599310	"gene9421"
3	13288	39044700	106	39039812	39049588	"gene9424"
10	11822	392825053	107	392814965	392835141	"gene36178"
10	11824	396120994.5	107	396119358	396122631	"gene36193"
8	11824	399706023.5	107	399704352	399707695	"gene29760"
11	12255	333567354	107	333565774	333568934	"gene39407"
8	12255	402475805.5	107	402474667	402476944	"gene29775"
8	14778	402653673	107	402650333	402657013	"gene29776"
8	14779	402876497.5	107	402861389	402891606	"gene29777"
8	14780	404080827	107	404050777	404110877	"gene29780"
11	12256	335323902	107	335304666	335343138	"gene39420"
8	12256	404402294	107	404386511	404418077	"gene29781"
8	10226	438178161	108	438177929	438178393	"gene29946"
8	14812	442773214	108	442771230	442775198	"gene29964"
8	14747	446141083	108	446135338	446146828	"gene29988"
8	14751	465586901	108	465584005	465589797	"gene30049"
8	14752	467649465.5	108	467649044	467649887	"gene30057"
8	14841	471104156.5	108	471101599	471106714	"gene30076"
8	14755	474205246.5	108	474197437	474213056	"gene30096"
9	15138	527503190.5	109	527490159	527516222	"gene33651"
9	15139	527743516.5	109	527644723	527842310	"gene33652"
9	15141	528313768.5	109	528300141	528327396	"gene33656"
9	15146	531679450	109	531668948	531689952	"gene33689"
9	15148	532161877	109	532160430	532163324	"gene33691"
9	15151	536974451.5	109	536973759	536975144	"gene33712"
9	15152	538751524	109	538743899	538759149	"gene33722"
5	13631	30088973	110	30081578	30096368	"gene17480"
5	13632	30454219	110	30444392	30464046	"gene17481"
5	13633	30640408.5	110	30547562	30733255	"gene17484"
5	13636	35651189.5	110	35645868	35656511	"gene17512"
5	13637	38658313.5	110	38616818	38699809	"gene17531"
5	13638	41033080	110	41032416	41033744	"gene17545"
11	1517	32540599	111	32517774	32563424	"gene37876"
11	12437	32324418	111	32319251	32329585	"gene37872"
11	12435	31492903	111	31491476	31494330	"gene37866"
11	12434	29799479.5	111	29796687	29802272	"gene37849"
11	4242	29707218	111	29673618	29740818	"gene37848"
6	503	518422414.5	112	518413992	518430837	"gene23541"
6	176	508137925	112	508132127	508143723	"gene23475"
6	504	476667858.5	112	476666886	476668831	"gene23319"
6	13982	475644941	112	475644188	475645694	"gene23303"
6	13981	475384800	112	475374041	475395559	"gene23301"
6	13974	471674751	112	471633800	471715702	"gene23283"
11	7587	49049862.5	113	49019423	49080302	"gene38004"
11	594	49823646.5	113	49821992	49825301	"gene38014"
11	10183	62122258.5	113	62115736	62128781	"gene38087"
11	10183	52970673	113	52969396	52971950	"gene38028"
11	12425	63102051.5	113	63089164	63114939	"gene38096"
11	10186	64719565	113	64715706	64723424	"gene38110"
11	12428	65863925.5	113	65861516	65866335	"gene38119"
11	12348	98487824	114	98475488	98500160	"gene38348"
11	12351	100250246.5	114	100249051	100251442	"gene38359"
11	12190	101580776.5	114	101579920	101581633	"gene38367"
11	12354	102966759	114	102965910	102967608	"gene38373"
11	12355	103027908	114	103020969	103034847	"gene38374"
11	12356	103401306.5	114	103112609	103690004	"gene38377"
5	13819	518610684.5	115	518609644	518611725	"gene19714"
5	13820	520477004	115	520473924	520480084	"gene19727"
5	13821	524067213	115	524060554	524073872	"gene19747"
5	13823	527433531.5	115	527431960	527435103	"gene19763"
5	13826	534835164	115	534827120	534843208	"gene19803"
5	13827	534926323	115	534925111	534927535	"gene19805"
5	13868	677203464	116	677193743	677213185	"gene20574"
5	13869	680552588	116	680496235	680608941	"gene20589"
5	13870	681939883	116	681937640	681942126	"gene20592"
5	13871	682259211.5	116	682258409	682260014	"gene20595"
5	13872	682384132.5	116	682312418	682455847	"gene20596"
5	13874	684913466	116	684912616	684914316	"gene20617"
8	1743	516703948	117	516701227	516706669	"gene30349"
8	185	512666962	117	512664235	512669689	"gene30315"
8	211	523524602	117	523506680	523542524	"gene30387"
8	9298	534010120.5	117	534008703	534011538	"gene30445"
8	9298	527164184	117	527159819	527168549	"gene30402"
8	847	528843843	117	528826619	528861067	"gene30410"
3	847	429238936	117	429235300	429242572	"gene11197"
11	12431	27653150.5	118	27652015	27654286	"gene37835"
11	12432	28034422.5	118	28025572	28043273	"gene37841"
11	12466	30124424	118	30118333	30130515	"gene37854"
11	3959	30716445	118	30709192	30723698	"gene37862"
11	12467	31866285.5	118	31864158	31868413	"gene37868"
11	12436	31963854	118	31961203	31966505	"gene37869"
2	12478	663464250	119	663449006	663479494	"gene8152"
2	12479	663863051	119	663860836	663865266	"gene8156"
2	12501	676135497.5	119	676133846	676137149	"gene8219"
2	12484	676600016.5	119	676586460	676613573	"gene8223"
2	12487	679921597.5	119	679917334	679925861	"gene8236"
2	12489	681871089	119	681861464	681880714	"gene8248"
1	11663	467882286	120	467864885	467899687	"gene2605"
1	11684	528104746.5	120	528078232	528131261	"gene2917"
1	11686	533254930	120	533233069	533276791	"gene2952"
1	11672	547103250.5	120	547100497	547106004	"gene3002"
1	11674	549849582	120	549845168	549853996	"gene3007"
1	11675	550070844.5	120	550068208	550073481	"gene3009"
8	9528	63964982.5	121	63947184	63982781	"gene28197"
9	9528	633363077.5	121	633356206	633369949	"gene34285"
9	15173	630236877	121	630234685	630239069	"gene34249"
9	15172	630173784	121	630172450	630175118	"gene34248"
9	15069	629766643	121	629755603	629777683	"gene34244"
9	15171	629720964	121	629718808	629723120	"gene34243"
9	15170	628619691.5	121	628566569	628672814	"gene34232"
10	1346	101638329	122	101601828	101674830	"gene35011"
10	11976	101340258.5	122	101338617	101341900	"gene35010"
10	11975	99206584.5	122	99200294	99212875	"gene34995"
10	11974	99084064	122	99080539	99087589	"gene34992"
10	11973	99004504.5	122	99001769	99007240	"gene34991"
10	5452	93204167.5	122	93203582	93204753	"gene34952"
7	14183	34327846.5	123	34324569	34331124	"gene24764"
7	14186	35745746.5	123	35706407	35785086	"gene24769"
7	14187	37972780	123	37972145	37973415	"gene24772"
7	14188	38883379	123	38881217	38885541	"gene24773"
7	14189	38996012	123	38940798	39051226	"gene24774"
7	14190	39780514	123	39779542	39781486	"gene24778"
2	12617	849908833.5	124	849905228	849912439	"gene9080"
2	12738	851403224	124	851396474	851409974	"gene9091"
2	12619	852181122	124	852083085	852279159	"gene9095"
2	12620	853014316.5	124	853013873	853014760	"gene9097"
2	12621	854450094	124	854449609	854450579	"gene9102"
2	12622	854907904.5	124	854866503	854949306	"gene9103"
7	14295	44501789.5	125	44501502	44502077	"gene24785"
7	14297	45854982.5	125	45848570	45861395	"gene24788"
7	14298	47558373	125	47557717	47559029	"gene24796"
7	14299	48625368	125	48624529	48626207	"gene24804"
7	14300	49316417.5	125	49309878	49322957	"gene24809"
7	14301	52421899	125	52421037	52422761	"gene24812"
2	12668	833324784.5	126	833314513	833335056	"gene9005"
2	11172	833466294.5	126	833431813	833500776	"gene9007"
3	11172	554523279	126	554519988	554526570	"gene11781"
2	12670	834356911.5	126	834356019	834357804	"gene9014"
2	11174	837008311	126	837007163	837009459	"gene9031"
3	11174	552513145	126	552512144	552514146	"gene11771"
2	12672	842097015.5	126	842096274	842097757	"gene9058"
2	12673	842365493	126	842364134	842366852	"gene9059"
7	14318	158701056	127	158692739	158709373	"gene25326"
7	14320	160605496	127	160605194	160605798	"gene25338"
7	14321	161605704.5	127	161604004	161607405	"gene25343"
7	9527	165805587	127	165802218	165808956	"gene25362"
7	14323	167358787.5	127	167309766	167407809	"gene25375"
7	14324	167691580.5	127	167686760	167696401	"gene25378"
2	12674	498878683.5	128	498869309	498888058	"gene7389"
2	11186	501383828	128	501369298	501398358	"gene7408"
4	11186	289365267.5	128	289353254	289377281	"gene14975"
3	12675	6033741	128	6019081	6048401	"gene9263"
8	12675	285165408.5	128	285163696	285167121	"gene29320"
2	12675	502539103.5	128	502537315	502540892	"gene7419"
2	11165	504789057.5	128	504788614	504789501	"gene7436"
2	11165	502951593	128	502951163	502952023	"gene7422"
3	11165	6171056	128	6170572	6171540	"gene9264"
2	12678	507530390.5	128	507525639	507535142	"gene7451"
2	12679	508011457	128	508008471	508014443	"gene7453"
10	3370	608148663	129	608137359	608159967	"gene37311"
10	1035	607104362.5	129	607104108	607104617	"gene37304"
10	1035	607094333.5	129	607092801	607095866	"gene37303"
10	11931	597629260.5	129	597615472	597643049	"gene37278"
10	11791	596898745	129	596892893	596904597	"gene37268"
10	11789	596633603.5	129	596627447	596639760	"gene37263"
10	11788	596429630	129	596428026	596431234	"gene37261"
4	535	443262232.5	130	443261043	443263422	"gene15597"
4	5061	443977181	130	443976760	443977602	"gene15607"
4	13388	445978604.5	130	445878191	446079018	"gene15614"
4	13389	446272768	130	446263154	446282382	"gene15615"
4	13391	450228591	130	450154598	450302584	"gene15638"
4	13392	450832675.5	130	450829792	450835559	"gene15645"
1	3639	186187579	131	186182194	186192964	"gene1007"
1	3288	192015798.5	131	192014165	192017432	"gene1038"
1	254	175866584.5	131	175865074	175868095	"gene918"
1	11641	175754203.5	131	175741769	175766638	"gene917"
1	11640	175418122	131	175416451	175419793	"gene915"
1	11633	162469528	131	162450599	162488457	"gene857"
7	14449	608245908.5	132	608245471	608246346	"gene27359"
7	10194	608676232.5	132	608659073	608693392	"gene27366"
7	14450	612250925.5	132	612241765	612260086	"gene27375"
7	14452	616231151	132	616171345	616290957	"gene27400"
7	14453	616373156	132	616371933	616374379	"gene27402"
7	14454	616400790.5	132	616398846	616402735	"gene27403"
8	3784	10616564.5	133	10615888	10617241	"gene27846"
8	2655	10346808.5	133	10219341	10474276	"gene27845"
8	2732	7690952	133	7687299	7694605	"gene27837"
8	14585	4820602.5	133	4809487	4831718	"gene27826"
8	14584	3708272	133	3705768	3710776	"gene27819"
8	14583	2695821.5	133	2686647	2704996	"gene27816"
9	14521	55077639	134	55063519	55091759	"gene31535"
8	14521	158883652.5	134	158882461	158884844	"gene28705"
8	14520	158446036.5	134	158445314	158446759	"gene28704"
9	14520	54622684.5	134	54621935	54623434	"gene31531"
9	14989	53439815	134	53436128	53443502	"gene31526"
9	14988	53351071.5	134	53349230	53352913	"gene31525"
9	14987	52876868.5	134	52875812	52877925	"gene31524"
9	14986	52868864	134	52868545	52869183	"gene31523"
8	14524	170975340.5	135	170962640	170988041	"gene28753"
8	14525	172824233.5	135	172802835	172845632	"gene28760"
8	14526	174757691	135	174753025	174762357	"gene28777"
8	14528	175729797.5	135	175719801	175739794	"gene28786"
8	14529	175878415	135	175876617	175880213	"gene28787"
8	14530	176387166	135	176374301	176400031	"gene28790"
3	13065	326092015	137	326045249	326138781	"gene10739"
3	13067	327630278.5	137	327629997	327630560	"gene10751"
3	13069	328964135.5	137	328963977	328964294	"gene10761"
3	13072	331737505	137	331736161	331738849	"gene10775"
3	6880	339076681	137	339076248	339077114	"gene10802"
3	13137	351283728.5	137	351280995	351286462	"gene10854"
10	12064	11519273.5	138	11513810	11524737	"gene34470"
10	12065	11535269.5	138	11534942	11535597	"gene34471"
10	12069	13395119.5	138	13386003	13404236	"gene34486"
10	12070	14813372.5	138	14812049	14814696	"gene34495"
10	12073	19774535	138	19762059	19787011	"gene34539"
10	12076	21058541	138	21053313	21063769	"gene34549"
3	13114	430055372	140	430048359	430062385	"gene11207"
3	13116	438236132	140	438232468	438239796	"gene11233"
3	13209	439333376	140	439264636	439402116	"gene11238"
3	13118	441993494	140	441985665	442001323	"gene11251"
3	13120	450536892.5	140	450532506	450541279	"gene11270"
3	13121	451002523	140	450966010	451039036	"gene11271"
3	13153	424506277	141	424505271	424507283	"gene11172"
3	13282	421769323	141	421764855	421773791	"gene11157"
3	13280	418138664	141	418129894	418147434	"gene11143"
3	13279	417980060	141	417973754	417986366	"gene11142"
3	13278	417973882.5	141	417973745	417974020	"gene11141"
3	13276	410609602	141	410604335	410614869	"gene11111"
3	4236	253431899	142	253422007	253441791	"gene10484"
3	4811	254090587	142	254061316	254119858	"gene10488"
3	1474	343050948.5	142	343007732	343094165	"gene10811"
3	9341	347829431.5	142	347818585	347840278	"gene10836"
10	12098	120514144.5	143	120511213	120517076	"gene35145"
10	12159	115157169	143	115153183	115161155	"gene35101"
10	12158	114662536	143	114661827	114663245	"gene35096"
10	12157	114595951	143	114589035	114602867	"gene35095"
10	572	111237993	143	111231957	111244029	"gene35071"
10	12116	106410444.5	143	106409428	106411461	"gene35041"
4	13420	499929775	144	499904604	499954946	"gene15923"
4	13421	501472024.5	144	501471775	501472274	"gene15941"
4	13422	501504930.5	144	501499589	501510272	"gene15942"
4	13423	501532308	144	501527341	501537275	"gene15943"
4	9286	502525039	144	502500172	502549906	"gene15948"
4	13424	502768218	144	502742969	502793467	"gene15952"
3	905	774340547.5	145	774336988	774344107	"gene13066"
3	12943	776685161	145	776647932	776722390	"gene13080"
3	12995	777118437.5	145	777112664	777124211	"gene13083"
3	12944	780677540	145	780639562	780715518	"gene13101"
3	12996	780999669.5	145	780998359	781000980	"gene13102"
3	12946	781338344.5	145	781336932	781339757	"gene13105"
9	14928	64196872.5	146	64161231	64232514	"gene31583"
9	14929	66691885	146	66680210	66703560	"gene31595"
9	14930	67455403.5	146	67441317	67469490	"gene31601"
9	2439	71199673	146	71194275	71205071	"gene31630"
9	14931	71566824.5	146	71561657	71571992	"gene31635"
9	14932	76345100	146	76343717	76346483	"gene31671"
9	14934	43646018	147	43635990	43656046	"gene31472"
9	11359	44320004	147	44308677	44331331	"gene31478"
8	11359	186287854.5	147	186281700	186294009	"gene28854"
9	14937	47924931	147	47923788	47926074	"gene31489"
9	11362	396115744	147	396115030	396116458	"gene33088"
9	11362	48236097.5	147	48224138	48248057	"gene31492"
9	14939	52465269	147	52463296	52467242	"gene31519"
9	14940	52471036	147	52469601	52472471	"gene31520"
9	14969	348633875.5	148	348633558	348634193	"gene32885"
9	14970	348762758.5	148	348761450	348764067	"gene32886"
9	14971	349177412	148	349173718	349181106	"gene32891"
9	14972	350760812	148	350752421	350769203	"gene32895"
9	14973	351442685.5	148	351441196	351444175	"gene32899"
9	14974	351546721.5	148	351507896	351585547	"gene32902"
7	5521	653991913	149	653988825	653995001	"gene27756"
7	6013	654136948.5	149	654125940	654147957	"gene27760"
7	5792	654641061.5	149	654618591	654663532	"gene27766"
7	14429	655469752.5	149	655464456	655475049	"gene27773"
7	14430	655549554.5	149	655545740	655553369	"gene27774"
7	14432	657687269	149	657678954	657695584	"gene27780"
4	13524	3626929.5	150	3599811	3654048	"gene13468"
4	13548	12234323.5	150	12230849	12237798	"gene13525"
4	13552	13258522.5	150	13258386	13258659	"gene13543"
4	13553	14812401.5	150	14797479	14827324	"gene13551"
4	13554	18124501.5	150	18098154	18150849	"gene13571"
4	13556	18933531	150	18932033	18935029	"gene13577"
4	13561	311354133.5	151	311321707	311386560	"gene15061"
4	232	312598311	151	312597167	312599455	"gene15063"
4	2022	314869082.5	151	314868881	314869284	"gene15078"
4	1988	315379421.5	151	315379174	315379669	"gene15082"
4	1988	315402488.5	151	315401749	315403228	"gene15083"
4	992	318159744.5	151	318087945	318231544	"gene15093"
4	13609	316495493.5	151	316487907	316503080	"gene15089"
4	13588	287547013	152	287546505	287547521	"gene14963"
4	13590	292654193	152	292653712	292654674	"gene14988"
4	13591	294105468.5	152	294091935	294119002	"gene14996"
4	13592	297187243.5	152	297180008	297194479	"gene15004"
4	13608	297473907	152	297472312	297475502	"gene15005"
4	13594	302442433	152	302381592	302503274	"gene15022"
5	853	462748550.5	153	462747214	462749887	"gene19485"
5	1927	498136619.5	153	498133353	498139886	"gene19648"
5	1927	492055766.5	153	492050910	492060623	"gene19612"
5	13816	502556433	153	502554930	502557936	"gene19664"
5	13860	514301970	153	514300279	514303661	"gene19694"
1	11627	36311003	154	36308107	36313899	"gene196"
1	11628	37225470.5	154	37224406	37226535	"gene203"
1	11630	41417515.5	154	41414651	41420380	"gene213"
1	11631	41973272	154	41971277	41975267	"gene214"
1	11632	48160970.5	154	48156034	48165907	"gene230"
8	4577	609403951.5	155	609397433	609410470	"gene30844"
8	14829	608581295.5	155	608575135	608587456	"gene30841"
8	14828	608310555	155	608309412	608311698	"gene30838"
8	14825	606480118	155	606463545	606496691	"gene30816"
8	14824	605975343	155	605961351	605989335	"gene30806"
3	13172	210924153	156	210920481	210927825	"gene10291"
3	13245	212890652.5	156	212790059	212991246	"gene10306"
3	13248	215498935.5	156	215498717	215499154	"gene10316"
3	13250	222304951	156	222303997	222305905	"gene10327"
3	13191	227304897.5	156	227304460	227305335	"gene10358"
3	13217	463922347	157	463883756	463960938	"gene11330"
3	13218	464957877	157	464957599	464958155	"gene11339"
3	13332	465557290.5	157	465489517	465625064	"gene11340"
3	13221	473357042	157	473334678	473379406	"gene11377"
3	13222	473467659	157	473467271	473468047	"gene11380"
1	11643	445622737.5	158	445507167	445738308	"gene2455"
1	11645	450391832	158	450381360	450402304	"gene2475"
1	11659	463685030	158	463671760	463698300	"gene2561"
1	11660	500700850.5	158	500700671	500701030	"gene2780"
1	11660	464581012.5	158	464579227	464582798	"gene2576"
1	11710	500246006.5	158	500245003	500247010	"gene2769"
3	13296	196588705	159	196585183	196592227	"gene10198"
3	13297	199317370.5	159	199317024	199317717	"gene10209"
3	13146	199521987.5	159	199521769	199522206	"gene10210"
3	13298	200876642	159	200869747	200883537	"gene10221"
3	13299	201179479.5	159	201179324	201179635	"gene10226"
4	13354	490301183	160	490295847	490306519	"gene15887"
4	13353	490217700	160	490211301	490224099	"gene15886"
4	13352	489866752.5	160	489864800	489868705	"gene15882"
4	852	488911458.5	160	488896247	488926670	"gene15873"
4	13452	482820585.5	160	482815446	482825725	"gene15840"
4	13380	697388525	161	697369405	697407645	"gene17141"
4	13379	696781691	161	696781231	696782151	"gene17137"
4	13378	695996530.5	161	695994659	695998402	"gene17129"
4	11137	265230139	161	265228878	265231400	"gene14851"
11	11137	226969611	161	226959140	226980082	"gene38914"
4	11137	693863943	161	693834104	693893782	"gene17108"
4	13445	689366534	161	689365339	689367729	"gene17078"
1	11648	605421589	162	605420225	605422953	"gene3262"
1	11649	607064018	162	607063490	607064546	"gene3270"
1	548	607986629	162	607973547	607999711	"gene3273"
1	11651	608255339	162	608250328	608260350	"gene3276"
1	11653	608993896.5	162	608993036	608994757	"gene3281"
7	11653	115481638	162	115480740	115482536	"gene25145"
3	859	642617764	163	642611743	642623785	"gene12346"
3	875	642481106	163	642476323	642485889	"gene12342"
3	160	777176733	163	777168922	777184544	"gene13084"
1	160	135249456	163	135246498	135252414	"gene709"
1	160	143917314.5	163	143915552	143919077	"gene744"
7	160	66732223	163	66722342	66742104	"gene24900"
1	11562	131357541	163	131354128	131360954	"gene680"
4	13459	394754337	164	394737288	394771386	"gene15393"
4	13460	395516090	164	395486938	395545242	"gene15397"
4	13461	395847425	164	395837668	395857182	"gene15398"
2	11181	459971643	164	459961363	459981923	"gene7205"
4	11181	400313566.5	164	400289547	400337586	"gene15419"
4	13463	406035673	164	406028319	406043027	"gene15458"
4	13480	224728910.5	165	224716721	224741100	"gene14638"
4	13482	226224766.5	165	226211589	226237944	"gene14646"
4	13484	233304393	165	233303546	233305240	"gene14685"
4	13598	234205324.5	165	234203929	234206720	"gene14690"
4	13599	235956400.5	165	235952511	235960290	"gene14699"
2	5439	797390679.5	166	797384188	797397171	"gene8836"
2	5629	832636391	166	832633018	832639764	"gene9002"
3	5629	211428845	166	211416243	211441447	"gene10295"
3	12669	211119126	166	211116626	211121626	"gene10293"
2	12669	833855931.5	166	833851373	833860490	"gene9012"
3	13173	211548765	166	211538297	211559233	"gene10296"
3	13175	211904614	166	211839451	211969777	"gene10303"
10	11795	615412752.5	168	615407168	615418337	"gene37366"
10	11917	617942249	168	617941582	617942916	"gene37386"
10	11918	618146120.5	168	618142340	618149901	"gene37388"
10	11919	618943067.5	168	618940853	618945282	"gene37392"
10	11920	619607102	168	619599992	619614212	"gene37394"
3	877	62441867.5	169	62436079	62447656	"gene9587"
3	3179	59692310	169	59672338	59712282	"gene9573"
3	13232	57153314.5	169	57150578	57156051	"gene9552"
3	13231	57092421.5	169	57089745	57095098	"gene9550"
3	13230	57054669	169	57047229	57062109	"gene9549"
4	13578	133655456	170	133652720	133658192	"gene14209"
4	13580	134934832.5	170	134930471	134939194	"gene14212"
4	13581	139915339.5	170	139902790	139927889	"gene14240"
4	13601	141166895.5	170	141119651	141214140	"gene14244"
4	13583	149453963	170	149447529	149460397	"gene14289"
7	10179	626680765	171	626673523	626688007	"gene27499"
7	6258	626522407	171	626521483	626523331	"gene27496"
10	11845	462482446.5	172	462465263	462499630	"gene36544"
10	11898	469341811	172	469335993	469347629	"gene36578"
10	11946	473016492	172	473009263	473023721	"gene36589"
10	11900	473402769.5	172	473397133	473408406	"gene36592"
10	11903	476424657	172	476423571	476425743	"gene36609"
10	12005	270860640	173	270850760	270870520	"gene35756"
10	12001	268674149	173	268672631	268675667	"gene35743"
10	11999	267683605.5	173	267672616	267694595	"gene35735"
10	11998	264425050.5	173	264323289	264526812	"gene35717"
10	12126	256535993.5	173	256494802	256577185	"gene35689"
5	5927	359203312.5	174	359182554	359224071	"gene19049"
5	4869	357651499	174	357648698	357654300	"gene19043"
5	4868	353401557	174	353394162	353408952	"gene19022"
5	4868	353357503.5	174	353357067	353357940	"gene19021"
5	13660	338530454	174	338507807	338553101	"gene18983"
5	13671	336866149	174	336861293	336871005	"gene18978"
1	6170	143093105	175	143011495	143174715	"gene738"
1	8838	143705603.5	175	143700949	143710258	"gene740"
1	11618	145274312.5	175	145256512	145292113	"gene755"
1	11620	146685052.5	175	146671735	146698370	"gene759"
3	11621	776950325.5	175	776948483	776952168	"gene13081"
1	11621	148141525	175	148101658	148181392	"gene761"
9	506	504494768	176	504488609	504500927	"gene33547"
11	3714	3423187.5	176	3420209	3426166	"gene37572"
11	3067	5235126.5	176	5234581	5235672	"gene37586"
11	12328	5290073.5	176	5289240	5290907	"gene37587"
5	13803	607721480	177	607640694	607802266	"gene20166"
5	13804	608229326.5	177	608219113	608239540	"gene20170"
5	13806	609816852	177	609814572	609819132	"gene20182"
5	13807	610229311.5	177	610210174	610248449	"gene20185"
5	13808	610795962	177	610758017	610833907	"gene20191"
2	4206	354109433.5	178	354107944	354110923	"gene6720"
5	4206	526817273	178	526816252	526818294	"gene19761"
2	12791	363511731	178	363509748	363513714	"gene6752"
2	12895	371922195.5	178	371893680	371950711	"gene6785"
2	12899	376662976.5	178	376653296	376672657	"gene6802"
9	901	91832972.5	179	91826086	91839859	"gene31773"
9	14891	88217599.5	179	88214143	88221056	"gene31752"
5	9142	641564620	180	641492055	641637185	"gene20371"
5	13881	634127941.5	180	633957962	634297921	"gene20330"
5	13880	633375724.5	180	633369689	633381760	"gene20325"
5	13879	633272129	180	633269168	633275090	"gene20324"
5	13878	633245208	180	633230391	633260025	"gene20323"
9	9224	627240485.5	181	627214641	627266330	"gene34223"
9	10191	626732792.5	181	626727118	626738467	"gene34215"
9	6964	625505857	181	625501027	625510687	"gene34198"
9	15045	625362135	181	625361777	625362493	"gene34195"
9	11363	8347758.5	181	8344026	8351491	"gene31245"
9	11363	625268854	181	625263825	625273883	"gene34193"
6	13938	599977816	182	599962526	599993106	"gene23913"
6	14042	606450058	182	606447036	606453080	"gene23957"
6	14002	611787871.5	182	611786732	611789011	"gene23999"
6	14004	611858583.5	182	611858236	611858931	"gene24001"
6	14007	620381878.5	182	620377864	620385893	"gene24025"
4	2912	631379269.5	183	631376227	631382312	"gene16726"
4	2912	626334026.5	183	626332993	626335060	"gene16690"
4	1634	677905560	183	677889637	677921483	"gene17012"
4	1794	676206948	183	676195841	676218055	"gene16994"
4	13409	675830657.5	183	675825322	675835993	"gene16991"
6	14030	657115367.5	184	657102384	657128351	"gene24351"
6	14032	657488230	184	657406067	657570393	"gene24356"
6	14033	658036010.5	184	658034860	658037161	"gene24361"
6	14034	658172634	184	658171922	658173346	"gene24363"
6	14035	658381001.5	184	658361028	658400975	"gene24365"
6	14123	122683091	185	122678884	122687298	"gene21624"
8	14124	238826824.5	185	238826426	238827223	"gene29120"
6	14124	126065667	185	126065059	126066275	"gene21628"
8	14609	240160253.5	185	240159831	240160676	"gene29130"
8	14611	248672388	185	248672015	248672761	"gene29141"
8	14612	248986659.5	185	248986404	248986915	"gene29143"
10	12151	188606795.5	186	188605714	188607877	"gene35406"
10	2038	189042608.5	186	189035617	189049600	"gene35409"
10	455	195867454.5	186	195860315	195874594	"gene35442"
10	45	195648456.5	186	195619131	195677782	"gene35437"
10	45	196299396.5	186	196267724	196331069	"gene35444"
10	12155	211554440	186	211541163	211567717	"gene35497"
11	12191	387135059	187	387129489	387140629	"gene39656"
11	12298	387076856.5	187	387069938	387083775	"gene39655"
11	12297	386945966	187	386938070	386953862	"gene39654"
11	12296	385651288	187	385649641	385652935	"gene39641"
11	12295	384423303	187	384398843	384447763	"gene39632"
11	12192	387374238.5	188	387191272	387557205	"gene39657"
11	12288	392932145	188	392930619	392933671	"gene39671"
7	12196	10713124.5	188	10690496	10735753	"gene24604"
11	12196	397603066.5	188	397598467	397607666	"gene39692"
11	12199	400515938.5	188	400505357	400526520	"gene39701"
11	12309	402790161.5	188	402787490	402792833	"gene39728"
4	142	322913416	189	322901249	322925583	"gene15121"
4	13576	324668436	189	324654757	324682115	"gene15129"
6	3352	423778362	190	423777600	423779124	"gene23092"
6	6106	420330274	190	420330111	420330437	"gene23071"
6	186	420151828.5	190	420150067	420153590	"gene23069"
6	3355	415044198.5	190	414968609	415119788	"gene23044"
6	3698	412320666.5	190	412313021	412328312	"gene23034"
8	3369	213135262	191	213134888	213135636	"gene29003"
5	2740	344180687	191	344179070	344182304	"gene19003"
8	2740	214942901.5	191	214941433	214944370	"gene29017"
5	6071	336158910	191	336157800	336160020	"gene18975"
5	4304	340776270	191	340767164	340785376	"gene18989"
5	4734	331067205	191	331046605	331087805	"gene18951"
6	1264	623801509.5	192	623737302	623865717	"gene24051"
6	6705	624441600	192	624422432	624460768	"gene24055"
6	5437	624761075.5	192	624758937	624763214	"gene24057"
8	5437	95297670	192	95290085	95305255	"gene28391"
8	398	95545605	192	95544818	95546392	"gene28392"
6	398	625319423.5	192	625315965	625322882	"gene24060"
6	13925	626530099.5	192	626529779	626530420	"gene24067"
1	10993	649192576	193	649191822	649193330	"gene3465"
10	10993	218540043	193	218522118	218557968	"gene35537"
1	11665	652733244.5	193	652732567	652733922	"gene3478"
1	11666	657280766.5	193	657190281	657371252	"gene3492"
10	3472	225495039.5	193	225481969	225508110	"gene35572"
1	3472	662197348.5	193	662196003	662198694	"gene3507"
1	11669	665911982.5	193	665907520	665916445	"gene3527"
8	11669	301899369.5	193	301841683	301957056	"gene29393"
8	11022	70916866.5	194	70863074	70970659	"gene28252"
2	11022	460712233.5	194	460711587	460712880	"gene7209"
1	11022	762184415	194	762183625	762185205	"gene3966"
8	14676	70503945	194	70501327	70506563	"gene28248"
8	14675	69624853	194	69624017	69625689	"gene28237"
8	14673	68582378	194	68581942	68582814	"gene28227"
8	14671	63848781	194	63846987	63850575	"gene28196"
11	2753	2369236	195	2354776	2383696	"gene37558"
11	12327	2732021	195	2704407	2759635	"gene37563"
11	12367	5808052	195	5792180	5823924	"gene37589"
11	12330	7129290	195	7125983	7132597	"gene37610"
7	14395	567578438	196	567566671	567590205	"gene27173"
7	14397	572927547.5	196	572925687	572929408	"gene27191"
7	14398	573301910	196	573296202	573307618	"gene27192"
7	14399	574859440.5	196	574853245	574865636	"gene27206"
7	14400	574988751.5	196	574943766	575033737	"gene27207"
1	11083	241775717.5	197	241774879	241776556	"gene1394"
9	11083	285439376	197	285430106	285448646	"gene32620"
9	14999	282223257.5	197	282217102	282229413	"gene32603"
9	14951	280764473.5	197	280764150	280764797	"gene32594"
9	14951	280763606.5	197	280763397	280763816	"gene32593"
9	14997	278363830.5	197	278346361	278381300	"gene32589"
9	14947	271094828.5	197	271092817	271096840	"gene32560"
2	12483	676495066.5	198	676476633	676513500	"gene8221"
2	12500	673993402.5	198	673977629	674009176	"gene8208"
2	12499	672983356.5	198	672982862	672983851	"gene8198"
2	12485	679736229.5	198	679710324	679762135	"gene8232"
2	12485	671513626.5	198	671513104	671514149	"gene8190"
2	12486	679829740	198	679828673	679830807	"gene8234"
10	11101	28267751	199	28262845	28272657	"gene34593"
5	11101	186420022.5	199	186415142	186424903	"gene18335"
10	12109	29245059.5	199	29244721	29245398	"gene34595"
10	153	30870786	199	30869583	30871989	"gene34604"
10	1333	34404624	199	34397651	34411597	"gene34617"
10	12112	34828048.5	199	34784954	34871143	"gene34619"
10	11121	294232698.5	200	294197599	294267798	"gene35842"
9	11121	339752043	200	339750331	339753755	"gene32830"
1	11121	639364217.5	200	639358776	639369659	"gene3426"
5	11121	676660957.5	200	676658732	676663183	"gene20566"
5	13892	675718126.5	200	675712983	675723270	"gene20558"
5	13891	675442819.5	200	675437073	675448566	"gene20557"
5	13890	674163426	200	674162930	674163922	"gene20544"
5	13889	669263000	200	669233525	669292475	"gene20529"
7	14491	506086579	201	506076327	506096831	"gene26869"
7	14492	509140396.5	201	509128971	509151822	"gene26874"
7	14494	510578494.5	201	510571151	510585838	"gene26884"
7	14495	510786892.5	201	510757531	510816254	"gene26885"
7	14496	512242978.5	201	512230017	512255940	"gene26892"
2	12581	514460461.5	202	514372625	514548298	"gene7490"
2	12582	518472170	202	518465806	518478534	"gene7495"
2	12583	520785670.5	202	520732523	520838818	"gene7506"
2	12585	523162345	202	523161960	523162730	"gene7523"
2	12586	523307354	202	523255033	523359675	"gene7525"
6	1574	31015660.5	203	31009593	31021728	"gene20976"
6	3055	35282851.5	203	35281091	35284612	"gene21016"
6	7867	32679754	203	32677101	32682407	"gene20993"
6	6745	33246934.5	203	33221311	33272558	"gene20997"
6	14053	36555316	203	36553530	36557102	"gene21021"
5	427	624455630	204	624429391	624481869	"gene20275"
5	13813	621420994.5	204	621373134	621468855	"gene20268"
5	13812	619661488	204	619512140	619810836	"gene20253"
5	13810	618041959.5	204	618040857	618043062	"gene20241"
10	1621	222757220	205	222709406	222805034	"gene35560"
10	11995	219927529	205	219911281	219943777	"gene35543"
10	11994	219583942	205	219582200	219585684	"gene35541"
10	11992	214881187	205	214878142	214884232	"gene35516"
10	12047	214452007	205	214404741	214499273	"gene35514"
8	14576	181382466.5	206	181375076	181389857	"gene28821"
8	14577	181412831.5	206	181407960	181417703	"gene28822"
8	14579	182184658	206	182159692	182209624	"gene28831"
8	14580	183625675	206	183620121	183631229	"gene28847"
8	14581	190416864	206	190407192	190426536	"gene28875"
11	5539	46664739.5	207	46658991	46670488	"gene37989"
11	3388	94416605.5	207	94381671	94451540	"gene38318"
11	1378	92057324.5	207	92054621	92060028	"gene38297"
11	1378	94182128.5	207	94148963	94215294	"gene38317"
11	5434	90229377	207	90209812	90248942	"gene38291"
1	11425	884069171	208	884057655	884080687	"gene4474"
1	11428	884524015.5	208	884523854	884524177	"gene4481"
1	2191	884793246	208	884781727	884804765	"gene4483"
1	71	885852507	208	885833663	885871351	"gene4492"
1	11507	892030778.5	208	892026571	892034986	"gene4515"
8	14723	631316333	209	631283773	631348893	"gene31016"
8	14726	633837232	209	633818055	633856409	"gene31041"
8	14729	635468778.5	209	635465561	635471996	"gene31054"
8	14732	636322258	209	636302092	636342424	"gene31065"
8	14734	640953644	209	640952193	640955095	"gene31095"
2	12704	718395443	210	718388386	718402500	"gene8434"
2	12705	718519670	210	718514383	718524957	"gene8436"
2	12706	718819693.5	210	718763987	718875400	"gene8437"
2	12707	719188290.5	210	719186422	719190159	"gene8441"
2	12708	719496626	210	719496409	719496843	"gene8444"
8	14753	469483315.5	211	469421054	469545577	"gene30073"
8	14750	465396350	211	465385443	465407257	"gene30047"
8	14748	450924624.5	211	450917717	450931532	"gene30002"
8	9258	439826477	211	439819701	439833253	"gene29958"
8	14810	437532163	211	437496374	437567952	"gene29943"
1	311	675439642.5	212	675385210	675494075	"gene3558"
1	3206	678563284.5	212	678474639	678651930	"gene3577"
1	2266	683653179	212	683633832	683672526	"gene3607"
1	876	686432311.5	212	686430125	686434498	"gene3626"
1	11438	689439896.5	212	689439384	689440409	"gene3637"
2	12780	142761538.5	213	142748086	142774991	"gene5855"
2	792	118417460	213	118415971	118418949	"gene5706"
2	12823	115070229	213	115069874	115070584	"gene5675"
2	12822	112214388.5	213	112207031	112221746	"gene5657"
2	12821	109340043	213	109336627	109343459	"gene5647"
2	12807	235075650.5	214	235074969	235076332	"gene6310"
2	12755	236977485.5	214	236960235	236994736	"gene6321"
2	1149	250038986.5	214	250038192	250039781	"gene6355"
2	2495	274331863	214	274325120	274338606	"gene6442"
2	12886	273346440	214	273345939	273346941	"gene6436"
9	14888	111505393	215	111495663	111515123	"gene31890"
9	14887	110756760	215	110750656	110762864	"gene31883"
9	14892	92959374.5	215	92957155	92961594	"gene31780"
9	14985	88020243	215	88017647	88022839	"gene31749"
9	14985	427039148	215	427038136	427040160	"gene33212"
9	14890	86265829	215	86260155	86271503	"gene31739"
9	14893	260119822.5	216	260022761	260216884	"gene32513"
9	14894	261654836	216	261650691	261658981	"gene32516"
1	1946	684870562.5	216	684861493	684879632	"gene3619"
10	1946	334087881	216	334085970	334089792	"gene35965"
5	1946	390680123	216	390487190	390873056	"gene19201"
4	1946	330471883	216	330462306	330481460	"gene15155"
9	1946	263538234	216	263524720	263551748	"gene32533"
9	14895	264058492	216	264054592	264062392	"gene32536"
9	14896	264266816.5	216	264246932	264286701	"gene32541"
7	3817	618244822.5	217	618238972	618250673	"gene27416"
7	14467	618431540.5	217	618423969	618439112	"gene27420"
7	14467	618410602	217	618397149	618424055	"gene27419"
7	14370	619219281	217	619192102	619246460	"gene27428"
7	14370	618728129	217	618727709	618728549	"gene27423"
7	14370	603239071	217	603237817	603240325	"gene27321"
7	1311	620480964	217	620438649	620523279	"gene27443"
7	14469	622099375.5	217	622086750	622112001	"gene27454"
2	12835	74622719.5	218	74622403	74623036	"gene5450"
4	12835	33591880.5	218	33591596	33592165	"gene13640"
7	12835	545327106	218	545326826	545327386	"gene27083"
7	14462	561915653	218	561909827	561921479	"gene27148"
7	14464	567281001	218	567278993	567283009	"gene27169"
7	14436	573597082.5	218	573583687	573610478	"gene27195"
7	14437	574304618.5	218	574303170	574306067	"gene27200"
9	14911	296424728.5	219	296419218	296430239	"gene32673"
9	14978	296228964.5	219	296227672	296230257	"gene32670"
9	11081	296109330	219	296096736	296121924	"gene32668"
1	11081	236128695	219	236128085	236129305	"gene1371"
9	14977	296093509.5	219	296090236	296096783	"gene32667"
9	14976	294689744	219	294669341	294710147	"gene32659"
1	11467	897653341	220	897652025	897654657	"gene4546"
1	11471	900671296	220	900645786	900696806	"gene4556"
1	11474	904429003.5	220	904428710	904429297	"gene4576"
1	11475	904973341.5	220	904971649	904975034	"gene4582"
1	11477	906429535	220	906425171	906433899	"gene4586"
4	1767	12742896	221	12741394	12744398	"gene13532"
4	1791	12326730.5	221	12323905	12329556	"gene13526"
4	13618	4089093	221	4087452	4090734	"gene13474"
4	13522	2921545	221	2919140	2923950	"gene13460"
4	13616	1728952	221	1727919	1729985	"gene13454"
2	12849	326756510	222	326755105	326757915	"gene6606"
2	12850	327021418	222	327020709	327022127	"gene6608"
2	12882	329064936.5	222	328858109	329271764	"gene6619"
2	12853	330228226	222	330140847	330315605	"gene6626"
2	12854	330501091	222	330500763	330501419	"gene6627"
9	14990	9711998	223	9686362	9737634	"gene31255"
9	14991	9780942.5	223	9748594	9813291	"gene31256"
9	14923	9851888	223	9840471	9863305	"gene31258"
9	14992	10177625.5	223	10163286	10191965	"gene31259"
9	14993	10610425.5	223	10546005	10674846	"gene31261"
3	12973	603633349	224	603630480	603636218	"gene12140"
3	12972	603475251.5	224	603473301	603477202	"gene12136"
3	12970	602242754	224	602231028	602254480	"gene12126"
3	12968	601202025	224	601197916	601206134	"gene12123"
3	13053	589856840	224	589841568	589872112	"gene12029"
9	15047	636461658.5	225	636458337	636464980	"gene34326"
9	15112	638327831.5	225	638315837	638339826	"gene34352"
9	15114	638420472	225	638409775	638431169	"gene34354"
9	15117	638820524.5	225	638815632	638825417	"gene34359"
9	15118	638873743	225	638869476	638878010	"gene34360"
5	4028	615660695	226	615652552	615668838	"gene20224"
5	3469	615057208	226	614935345	615179071	"gene20216"
5	13848	612514126.5	226	612513944	612514309	"gene20200"
5	13809	611818696.5	226	611752623	611884770	"gene20198"
5	13847	611545227.5	226	611544211	611546244	"gene20194"
9	15109	635978994.5	227	635975645	635982344	"gene34317"
9	15110	636090184	227	636089219	636091149	"gene34318"
9	14938	49934224.5	227	49923605	49944844	"gene31510"
9	14938	636819980	227	636818262	636821698	"gene34329"
9	15175	638663852.5	227	638635101	638692604	"gene34357"
9	15116	638807330.5	227	638806412	638808249	"gene34358"
1	11552	21588043.5	228	21586185	21589902	"gene130"
1	11558	29880952	228	29879373	29882531	"gene163"
1	11560	32596556.5	228	32595762	32597351	"gene172"
1	11594	33291092.5	228	33267274	33314911	"gene175"
1	11597	35598716.5	228	35575350	35622083	"gene190"
3	13091	382326493	229	382326186	382326800	"gene10966"
3	13092	383028804.5	229	383027680	383029929	"gene10970"
3	13096	389344704.5	229	389341367	389348042	"gene10992"
3	13318	390938439.5	229	390917156	390959723	"gene11005"
3	13099	393167997	229	393164945	393171049	"gene11019"
6	372	26273243.5	230	26271672	26274815	"gene20910"
6	373	20819798.5	230	20813540	20826057	"gene20852"
6	373	16843581	230	16843044	16844118	"gene20824"
6	373	14888829.5	230	14887764	14889895	"gene20794"
6	4398	16602474.5	230	16590395	16614554	"gene20815"
6	6731	19448595.5	230	19448036	19449155	"gene20843"
6	1254	25666699	230	25655482	25677916	"gene20908"
3	12950	723483950.5	231	723483765	723484136	"gene12780"
3	13028	716726363	231	716707113	716745613	"gene12756"
3	13024	714865383	231	714864150	714866616	"gene12742"
3	13023	714641587	231	714635660	714647514	"gene12740"
1	11522	944926298.5	232	944925579	944927018	"gene4875"
1	11524	947860284	232	947761822	947958746	"gene4885"
1	11525	948230941.5	232	948138559	948323324	"gene4886"
1	11526	948438087.5	232	948437575	948438600	"gene4888"
3	12981	609471928.5	233	609448189	609495668	"gene12177"
3	12982	609588241	233	609587343	609589139	"gene12178"
3	12984	612837347	233	612835500	612839194	"gene12204"
3	12985	612882047	233	612881464	612882630	"gene12205"
3	12990	537973666.5	234	537972687	537974646	"gene11691"
3	12991	538716220.5	234	538713937	538718504	"gene11699"
3	12992	539848931	234	539834357	539863505	"gene11709"
3	12993	540603422	234	540602232	540604612	"gene11711"
1	11539	62290931	235	62289421	62292441	"gene317"
1	11541	68145267	235	68015254	68275280	"gene362"
1	11542	69820260	235	69738675	69901845	"gene365"
1	11544	72281603	235	72281299	72281907	"gene380"
5	940	127170347.5	236	127168681	127172014	"gene18041"
5	13628	133656608	236	133651324	133661892	"gene18071"
5	13629	134040745.5	236	134038437	134043054	"gene18074"
5	13630	144515445.5	236	144405494	144625397	"gene18113"
3	13084	167811000.5	237	167810420	167811581	"gene10055"
3	13303	166414664	237	166414459	166414869	"gene10047"
3	13301	165975824	237	165975355	165976293	"gene10044"
3	13300	165776160	237	165773995	165778325	"gene10043"
5	4	101406081	238	101376813	101435349	"gene17863"
5	2328	102686295	238	102685165	102687425	"gene17869"
5	2002	71254431.5	238	71253341	71255522	"gene17675"
5	5	68529878.5	238	68529293	68530464	"gene17655"
1	11572	114478831	239	114474790	114482872	"gene570"
1	11574	117772561	239	117772143	117772979	"gene578"
1	11576	120352049.5	239	120349885	120354214	"gene598"
1	11578	120672642.5	239	120668944	120676341	"gene601"
3	13108	12374700	240	12374078	12375322	"gene9295"
3	13107	12161654	240	12160099	12163209	"gene9292"
3	13030	5331676.5	240	5330974	5332379	"gene9257"
3	13313	2970433	240	2965829	2975037	"gene9239"
1	11599	82441035.5	241	82416994	82465077	"gene433"
1	11600	83113071.5	241	83107699	83118444	"gene436"
1	11601	83349363	241	83349044	83349682	"gene438"
1	11603	87894458.5	241	87893652	87895265	"gene472"
3	13134	40697999	242	40696620	40699378	"gene9437"
3	13161	43927015	242	43919670	43934360	"gene9463"
3	13162	44403878.5	242	44402847	44404910	"gene9467"
3	13164	46133971.5	242	46127267	46140676	"gene9476"
3	13144	195241473	243	195240720	195242226	"gene10187"
3	13143	195032198	243	195026417	195037979	"gene10186"
3	13141	194971094	243	194968770	194973418	"gene10183"
3	13307	191917108	243	191908970	191925246	"gene10177"
9	168	127479426	244	127478666	127480186	"gene31991"
9	14984	119703854.5	244	119652688	119755021	"gene31930"
9	14983	117614163	244	117602165	117626161	"gene31921"
9	14980	114568072	244	114566789	114569355	"gene31904"
10	4830	45878290.5	245	45875373	45881208	"gene34676"
10	4854	48743165.5	245	48738762	48747569	"gene34695"
10	12140	50617046.5	245	50600287	50633806	"gene34703"
10	12021	59798108.5	245	59792616	59803601	"gene34772"
3	13196	165090489	246	165087677	165093301	"gene10038"
3	13083	163520723	246	163518147	163523299	"gene10034"
3	13315	156880437.5	246	156880207	156880668	"gene10022"
3	13314	156704601	246	156704219	156704983	"gene10019"
2	1117	858216000	247	858212695	858219305	"gene9126"
2	12607	862558259	247	862554667	862561851	"gene9155"
2	12608	867176118	247	867166172	867186064	"gene9172"
2	12609	871031382	247	871030127	871032637	"gene9207"
3	13249	222175221.5	248	222173940	222176503	"gene10325"
3	13251	225233216.5	248	225229253	225237180	"gene10337"
3	13188	225442590	248	225442396	225442784	"gene10339"
3	13254	235807558.5	248	235805943	235809174	"gene10401"
2	550	258901484.5	249	258892039	258910930	"gene6396"
2	12757	259118475	249	259117844	259119106	"gene6398"
2	12759	266204891	249	266199316	266210466	"gene6416"
2	969	270094514	249	270093972	270095056	"gene6430"
