11	4288	142935595	0	142932980	142938210	"gene38574"
11	3791	76233375.5	0	76221216	76245535	"gene38180"
11	3791	74851462.5	0	74795794	74907131	"gene38168"
11	4242	29707218	0	29673618	29740818	"gene37848"
11	3959	30716445	0	30709192	30723698	"gene37862"
11	2756	73816217	0	73786652	73845782	"gene38159"
11	3967	75695610.5	0	75662092	75729129	"gene38175"
11	2753	2369236	0	2354776	2383696	"gene37558"
5	1389	379820771	0	379791555	379849987	"gene19143"
2	1117	858216000	0	858212695	858219305	"gene9126"
11	5539	46664739.5	0	46658991	46670488	"gene37989"
11	2048	93549442.5	0	93542517	93556368	"gene38312"
11	1378	92057324.5	0	92054621	92060028	"gene38297"
11	1378	94182128.5	0	94148963	94215294	"gene38317"
9	6964	625505857	0	625501027	625510687	"gene34198"
11	7587	49049862.5	0	49019423	49080302	"gene38004"
11	5434	90229377	0	90209812	90248942	"gene38291"
5	940	127170347.5	1	127168681	127172014	"gene18041"
5	5	68529878.5	1	68529293	68530464	"gene17655"
5	2002	71254431.5	1	71253341	71255522	"gene17675"
5	2328	102686295	1	102685165	102687425	"gene17869"
3	2377	804514537.5	1	804497272	804531803	"gene13235"
9	2377	628855045	1	628852332	628857758	"gene34235"
3	939	804810832.5	1	804780120	804841545	"gene13237"
6	3355	415044198.5	1	414968609	415119788	"gene23044"
6	187	365418430	1	365364930	365471930	"gene22746"
10	815	49225438.5	2	49224340	49226537	"gene34698"
10	154	30089743	2	30087971	30091515	"gene34601"
10	5452	93204167.5	2	93203582	93204753	"gene34952"
10	1346	101638329	2	101601828	101674830	"gene35011"
8	3904	15398442	2	15386100	15410784	"gene27873"
11	719	440511833.5	3	440504442	440519225	"gene39978"
8	453	485202299	3	485195969	485208629	"gene30145"
11	1826	434443994	3	434398006	434489982	"gene39944"
11	269	435107521.5	3	435105626	435109417	"gene39952"
4	471	504614143.5	3	504605197	504623090	"gene15966"
4	2323	244774579	3	244769518	244779640	"gene14744"
4	2960	256637540.5	3	256636664	256638417	"gene14802"
3	1101	402706582	3	402703009	402710155	"gene11069"
3	1101	402625360.5	3	402566309	402684412	"gene11068"
1	71	885852507	3	885833663	885871351	"gene4492"
1	3914	759787624.5	3	759736975	759838274	"gene3948"
1	681	934710743.5	3	934698652	934722835	"gene4829"
1	10861	812314831	3	812304473	812325189	"gene4143"
6	3079	439013497	4	439010859	439016135	"gene23172"
6	6787	373370674.5	4	373370405	373370944	"gene22785"
6	3698	412320666.5	4	412313021	412328312	"gene23034"
6	7172	633644398.5	4	633636429	633652368	"gene24123"
6	1739	636711803	4	636710857	636712749	"gene24142"
6	1709	637813909.5	4	637813382	637814437	"gene24148"
6	504	476667858.5	4	476666886	476668831	"gene23319"
6	503	518422414.5	4	518413992	518430837	"gene23541"
6	1222	588697395	4	588697199	588697591	"gene23853"
6	1280	485379093	4	485354861	485403325	"gene23358"
6	2846	488660766.5	4	488650240	488671293	"gene23390"
6	1282	535459182	4	535454463	535463901	"gene23618"
6	176	508137925	4	508132127	508143723	"gene23475"
6	1671	346444278	4	346429336	346459220	"gene22646"
6	3357	343061392.5	4	343054801	343067984	"gene22617"
11	754	243150100	4	243149163	243151037	"gene38977"
6	754	340905050.5	4	340903937	340906164	"gene22602"
6	2293	455182492	4	455180871	455184113	"gene23226"
6	1912	452735026.5	4	452734368	452735685	"gene23214"
6	1912	452670117	4	452661445	452678789	"gene23213"
6	1911	661259573	4	661250458	661268688	"gene24388"
8	1911	210161417	4	210161155	210161679	"gene28980"
6	3352	423778362	4	423777600	423779124	"gene23092"
6	6106	420330274	4	420330111	420330437	"gene23071"
6	2279	373438937.5	4	373418466	373459409	"gene22786"
6	2897	376200978	4	376199854	376202102	"gene22797"
6	462	438931038	4	438930731	438931345	"gene23171"
6	2898	440498365	4	440497283	440499447	"gene23180"
2	975	758415445.5	5	758414873	758416018	"gene8637"
2	964	772452254	5	772447079	772457429	"gene8704"
6	3453	504698822	5	504682747	504714897	"gene23456"
6	3453	502388056	5	502387530	502388582	"gene23441"
6	1418	600839349	5	600819999	600858699	"gene23918"
6	1418	602862352	5	602827261	602897443	"gene23932"
6	5437	624761075.5	5	624758937	624763214	"gene24057"
8	5437	95297670	5	95290085	95305255	"gene28391"
9	1762	28914120.5	6	28897858	28930383	"gene31352"
9	1059	91201407.5	6	91194677	91208138	"gene31770"
4	1567	262196641	6	262188074	262205208	"gene14837"
4	2066	427180547	6	427173507	427187587	"gene15568"
4	5366	568986645	6	568984104	568989186	"gene16378"
4	636	596400070	6	596394375	596405765	"gene16545"
2	1131	34324743	7	34316355	34333131	"gene5305"
2	8672	35855442.5	7	35841368	35869517	"gene5316"
2	5945	241984682	7	241980941	241988423	"gene6331"
2	1169	36345356	7	36343417	36347295	"gene5320"
2	1169	227211023.5	7	227186799	227235248	"gene6281"
2	35	272509522.5	7	272490425	272528620	"gene6433"
2	2495	274331863	7	274325120	274338606	"gene6442"
2	9270	199173220.5	7	199108207	199238234	"gene6170"
2	985	188274782.5	7	188267317	188282248	"gene6117"
4	6395	258664056.5	7	258663448	258664665	"gene14809"
2	37	195148944	7	195135882	195162006	"gene6143"
4	789	185469100.5	8	185468055	185470146	"gene14476"
4	1531	183999034.5	8	183997863	184000206	"gene14464"
4	788	195432506.5	8	195400446	195464567	"gene14527"
4	1774	227014404	8	227012828	227015980	"gene14652"
4	1932	27229479	8	27210185	27248773	"gene13595"
11	2147	360403187.5	8	360402424	360403951	"gene39541"
11	2146	360613816	8	360613101	360614531	"gene39542"
11	3454	358251771	8	358237702	358265840	"gene39522"
11	4249	335980947.5	8	335973089	335988806	"gene39436"
2	792	118417460	8	118415971	118418949	"gene5706"
7	1704	237441145	9	237426930	237455360	"gene25627"
7	505	251402892.5	9	251388676	251417109	"gene25693"
1	505	274460900	9	274459053	274462747	"gene1609"
7	897	397528769.5	9	397512613	397544926	"gene26287"
7	848	10029878	9	10016018	10043738	"gene24596"
7	849	7572919	9	7566631	7579207	"gene24585"
4	2912	631379269.5	9	631376227	631382312	"gene16726"
4	2912	626334026.5	9	626332993	626335060	"gene16690"
5	4304	340776270	10	340767164	340785376	"gene18989"
5	5927	359203312.5	10	359182554	359224071	"gene19049"
5	6473	358320643.5	10	358313289	358327998	"gene19044"
2	4687	534631294.5	10	534629050	534633539	"gene7551"
2	6642	539511391.5	10	539509662	539513121	"gene7585"
3	2678	776514166	10	776499460	776528872	"gene13078"
3	2084	702751556	10	702693004	702810108	"gene12679"
1	2105	938535027	10	938526511	938543543	"gene4851"
4	1004	460113642	11	460102922	460124362	"gene15705"
4	535	443262232.5	11	443261043	443263422	"gene15597"
4	933	544065322.5	11	544057802	544072843	"gene16242"
3	2425	403086867	11	403079799	403093935	"gene11071"
6	1254	25666699	11	25655482	25677916	"gene20908"
6	2838	48406310.5	11	48397242	48415379	"gene21135"
6	1506	49368277	11	49344615	49391939	"gene21152"
6	3974	58947660.5	11	58931355	58963966	"gene21206"
1	4824	729759117	12	729757429	729760805	"gene3817"
5	853	462748550.5	12	462747214	462749887	"gene19485"
5	1696	499357681.5	12	499351693	499363670	"gene19651"
1	3206	678563284.5	12	678474639	678651930	"gene3577"
1	4320	684102133.5	12	684079922	684124345	"gene3613"
3	905	774340547.5	12	774336988	774344107	"gene13066"
3	859	642617764	12	642611743	642623785	"gene12346"
3	875	642481106	12	642476323	642485889	"gene12342"
3	2232	761363090	12	761327763	761398417	"gene12981"
3	2232	732080827.5	12	732054776	732106879	"gene12851"
3	1693	756636975.5	12	756558118	756715833	"gene12966"
3	199	697520492	12	697518878	697522106	"gene12656"
1	1923	960038791.5	12	960014877	960062706	"gene4963"
1	376	369741011.5	13	369724349	369757674	"gene2093"
1	254	175866584.5	13	175865074	175868095	"gene918"
1	474	369337162.5	13	369310555	369363770	"gene2091"
1	467	288311849.5	13	288309155	288314544	"gene1669"
2	969	270094514	13	270093972	270095056	"gene6430"
3	3976	673925296.5	14	673922763	673927830	"gene12510"
9	1816	579610667.5	15	579607822	579613513	"gene33911"
10	4512	73529406.5	15	73524206	73534607	"gene34850"
8	4066	227107505.5	16	227107245	227107766	"gene29070"
8	909	30849976.5	16	30840935	30859018	"gene28027"
8	994	49027734	16	49008711	49046757	"gene28127"
1	621	612634723	16	612633556	612635890	"gene3301"
6	28	639083227	16	639078159	639088295	"gene24162"
7	2254	380218108	17	380213132	380223084	"gene26209"
7	2253	381789464	17	381762629	381816299	"gene26218"
3	87	775753437.5	18	775751000	775755875	"gene13076"
6	1798	88162167	18	88156923	88167411	"gene21366"
6	8950	62265899	18	62260541	62271257	"gene21216"
6	5713	63923402.5	18	63917524	63929281	"gene21234"
8	1073	44140202	19	44087081	44193323	"gene28091"
8	2480	383513045	19	383364467	383661623	"gene29690"
8	297	27193687	19	27192860	27194514	"gene27994"
8	211	523524602	20	523506680	523542524	"gene30387"
4	2022	314869082.5	20	314868881	314869284	"gene15078"
8	1821	488547734.5	20	488537584	488557885	"gene30155"
8	1743	516703948	20	516701227	516706669	"gene30349"
8	2243	568476828	20	568473265	568480391	"gene30580"
8	1266	12287883.5	21	12283737	12292030	"gene27853"
5	1266	24052073	21	24050537	24053609	"gene17458"
8	6558	192398170	21	192390155	192406185	"gene28891"
8	2415	190585604.5	21	190582038	190589171	"gene28876"
8	2732	7690952	21	7687299	7694605	"gene27837"
8	3384	187276437	21	187249922	187302952	"gene28862"
8	2413	190213389	21	190047862	190378916	"gene28874"
8	2414	189585476.5	21	189575878	189595075	"gene28871"
5	5636	383453757	22	383423733	383483781	"gene19166"
3	1374	141036264	22	141036032	141036496	"gene9937"
4	1809	680074753	23	680070080	680079426	"gene17019"
4	1809	628432788	23	628425004	628440572	"gene16705"
4	1809	628554060.5	23	628550597	628557524	"gene16707"
4	6483	660886565	23	660885473	660887657	"gene16914"
4	1766	423310608.5	23	423305694	423315523	"gene15548"
4	1014	659963022.5	23	659953258	659972787	"gene16904"
4	1794	676206948	23	676195841	676218055	"gene16994"
4	1810	677720610.5	23	677695789	677745432	"gene17011"
4	1634	677905560	23	677889637	677921483	"gene17012"
11	1483	429063048	24	429054176	429071920	"gene39891"
5	1486	136438112	24	136435935	136440289	"gene18087"
5	713	145538220.5	24	145527452	145548989	"gene18122"
5	713	126972054	24	126956881	126987227	"gene18039"
5	5589	11420755.5	24	11415362	11426149	"gene17382"
1	1754	148947832.5	25	148935882	148959783	"gene764"
1	1754	148972600	25	148968939	148976261	"gene765"
1	352	149794657.5	25	149793614	149795701	"gene772"
1	3126	149516122	25	149511865	149520379	"gene771"
5	1208	15959567	25	15958078	15961056	"gene17403"
2	527	520299073	26	520296263	520301883	"gene7505"
2	120	522908578.5	26	522884901	522932256	"gene7522"
6	410	622475956	26	622475289	622476623	"gene24042"
6	1264	623801509.5	26	623737302	623865717	"gene24051"
6	2827	601722562.5	26	601722309	601722816	"gene23923"
7	1494	48311109.5	27	48302879	48319340	"gene24803"
11	3451	260174072	27	260173918	260174226	"gene39064"
3	5467	284214187.5	28	284148657	284279718	"gene10578"
11	556	30342128	28	30338927	30345329	"gene37857"
11	2340	2311628.5	28	2310523	2312734	"gene37557"
11	1980	2050539	28	2041601	2059477	"gene37551"
11	2584	26896810	29	26864396	26929224	"gene37829"
2	1220	821189210	29	821165720	821212700	"gene8938"
2	1219	820597322.5	29	820593406	820601239	"gene8933"
2	1772	853762756	29	853760210	853765302	"gene9099"
11	4611	24503476.5	29	24499589	24507364	"gene37806"
11	1234	26191375	29	26185354	26197396	"gene37824"
2	1961	800493149.5	30	800492640	800493659	"gene8846"
2	5629	832636391	30	832633018	832639764	"gene9002"
3	5629	211428845	30	211416243	211441447	"gene10295"
2	5439	797390679.5	30	797384188	797397171	"gene8836"
2	1200	292352603.5	30	292342332	292362875	"gene6503"
2	1215	106346755	30	106337832	106355678	"gene5642"
2	1199	104120153.5	30	104103685	104136622	"gene5631"
2	6855	102997686.5	30	102996056	102999317	"gene5620"
2	3404	158003726.5	30	157996733	158010720	"gene5953"
4	997	599913802	31	599912814	599914790	"gene16573"
6	2949	379583022	32	379581769	379584275	"gene22828"
6	2948	439193516.5	32	439186754	439200279	"gene23176"
6	2402	377002888	32	377000892	377004884	"gene22802"
6	3104	374982861.5	32	374936785	375028938	"gene22791"
6	186	420151828.5	32	420150067	420153590	"gene23069"
7	499	179702645.5	32	179698063	179707228	"gene25408"
10	34	236688769	32	236666901	236710637	"gene35627"
10	572	111237993	32	111231957	111244029	"gene35071"
4	3545	505028144	33	505020927	505035361	"gene15970"
4	3364	614684250	33	614682721	614685779	"gene16643"
4	3364	614759384.5	33	614756429	614762340	"gene16644"
4	223	612228804	33	612223238	612234370	"gene16624"
4	3542	503210270.5	33	503203587	503216954	"gene15957"
4	67	522415201	33	522414231	522416171	"gene16077"
4	221	459521946	33	459439359	459604533	"gene15701"
4	534	454494186.5	33	454474410	454513963	"gene15673"
11	534	262171108	33	262077004	262265212	"gene39075"
10	1334	33757435.5	34	33755437	33759434	"gene34616"
10	153	30870786	34	30869583	30871989	"gene34604"
7	1246	14830040	34	14821089	14838991	"gene24636"
7	1223	13217775.5	34	13210188	13225363	"gene24625"
3	3666	10902098	35	10720492	11083704	"gene9282"
3	840	497246317	35	497244323	497248311	"gene11459"
3	795	497862486.5	35	497695202	498029771	"gene11461"
3	4289	106451116.5	35	106446177	106456056	"gene9793"
10	3393	293599830	35	293588631	293611029	"gene35839"
3	4385	345761410	35	345643824	345878996	"gene10829"
7	2227	502410116	35	502404729	502415503	"gene26842"
3	2227	326678678	35	326675190	326682166	"gene10745"
8	181	384807970	36	384807783	384808157	"gene29692"
8	2971	632203067	36	632173511	632232623	"gene31020"
8	9024	632044667	36	632042030	632047304	"gene31018"
10	110	492430878	37	492428721	492433035	"gene36685"
10	2852	534515032	37	534505076	534524988	"gene36918"
10	1036	585829884.5	39	585820723	585839046	"gene37193"
10	1036	587926208.5	39	587922253	587930164	"gene37207"
10	3370	608148663	39	608137359	608159967	"gene37311"
10	1052	587494201	39	587485894	587502508	"gene37203"
6	2720	505431556.5	39	505419898	505443215	"gene23459"
8	4582	431934663	39	431892837	431976489	"gene29908"
9	1331	458929764.5	39	458929066	458930463	"gene33343"
10	3472	225495039.5	40	225481969	225508110	"gene35572"
1	3472	662197348.5	40	662196003	662198694	"gene3507"
3	4129	145913379.5	40	145900519	145926240	"gene9963"
3	3017	431073729	40	430964642	431182816	"gene11211"
4	2901	649574993	40	649573025	649576961	"gene16840"
4	930	685102250	40	685097376	685107124	"gene17058"
4	4330	599134529.5	40	599011979	599257080	"gene16565"
11	1408	28677813.5	40	28675855	28679772	"gene37844"
5	5462	131700051.5	40	131617972	131782131	"gene18061"
9	2149	532212745	41	532207361	532218129	"gene33693"
11	771	436456433.5	41	436246908	436665959	"gene39961"
2	1550	455287919.5	41	455273042	455302797	"gene7178"
1	960	274494678.5	42	274487431	274501926	"gene1610"
4	464	683814988	42	683784559	683845417	"gene17049"
6	555	190128568.5	43	190113878	190143259	"gene21929"
6	2336	192191795	43	192190881	192192709	"gene21938"
6	2510	186009243.5	43	185994496	186023991	"gene21900"
6	2335	195204560.5	43	195136519	195272602	"gene21956"
3	7644	718020087.5	44	718018560	718021615	"gene12759"
5	4774	64368709	44	64365032	64372386	"gene17638"
5	3597	312692799	44	312689444	312696154	"gene18866"
9	901	91832972.5	45	91826086	91839859	"gene31773"
9	1840	8760888	45	8760719	8761057	"gene31246"
9	3188	8302829	45	8273835	8331823	"gene31244"
10	2789	473938958.5	46	473923506	473954411	"gene36598"
10	1459	482966267.5	46	482964956	482967579	"gene36636"
10	1412	476895652	46	476890659	476900645	"gene36612"
3	1207	820008564	46	820005870	820011258	"gene13292"
6	6190	603462277.5	46	603462053	603462502	"gene23936"
6	1221	567599015	46	567573102	567624928	"gene23779"
9	1221	20423894	46	20423554	20424234	"gene31290"
10	1240	626119563.5	46	626090774	626148353	"gene37473"
11	2588	337711022	46	337674684	337747360	"gene39456"
6	2589	663133814	46	663132517	663135111	"gene24403"
11	2589	336687486	46	336670603	336704369	"gene39446"
10	1857	174280457	47	174269034	174291880	"gene35360"
2	6623	172451357.5	47	172450391	172452324	"gene6041"
10	6623	180818305.5	47	180810748	180825863	"gene35368"
10	1856	184625958	47	184622656	184629260	"gene35378"
10	1856	186154362.5	47	186152083	186156642	"gene35393"
5	1926	495104105	48	495063904	495144306	"gene19626"
5	5335	463882327	48	463866481	463898173	"gene19492"
4	852	488911458.5	48	488896247	488926670	"gene15873"
1	1841	718702978.5	48	718686748	718719209	"gene3766"
1	1890	724805882.5	48	724805345	724806420	"gene3798"
1	1889	728428876.5	48	728427839	728429914	"gene3813"
1	1697	731745283.5	48	731721863	731768704	"gene3822"
4	2298	489818732	48	489818292	489819172	"gene15881"
4	2298	489791987	48	489782993	489800981	"gene15880"
4	851	489429674	48	489424789	489434559	"gene15876"
1	2266	683653179	48	683633832	683672526	"gene3607"
1	876	686432311.5	48	686430125	686434498	"gene3626"
3	914	698489556.5	48	698489184	698489929	"gene12661"
10	766	505713890	49	505708522	505719258	"gene36760"
10	703	551922668	49	551914981	551930355	"gene37036"
10	1525	563045050.5	49	563042352	563047749	"gene37070"
7	6983	15364080.5	50	15363657	15364504	"gene24640"
2	6983	32285590	50	32285253	32285927	"gene5295"
3	3482	489735097	50	489734696	489735498	"gene11432"
3	1269	491960211.5	50	491959286	491961137	"gene11442"
5	2473	531488475.5	51	531476286	531500665	"gene19777"
4	1404	697268368	51	697259383	697277353	"gene17140"
8	2737	47185481.5	51	47167368	47203595	"gene28120"
9	881	57780292	52	57779173	57781411	"gene31539"
9	1839	3838392	53	3832700	3844084	"gene31218"
9	1887	66178941.5	53	66178129	66179754	"gene31590"
4	931	648876225.5	55	648875911	648876540	"gene16834"
4	1002	675278111.5	55	675263279	675292944	"gene16989"
4	5482	604315139.5	55	604313143	604317136	"gene16588"
4	1000	425793429.5	55	425778843	425808016	"gene15559"
4	10136	565191194	55	565177874	565204514	"gene16364"
4	10157	560815484	55	560807715	560823253	"gene16347"
4	9461	559214900	55	559211832	559217968	"gene16340"
4	7591	607951382.5	55	607944822	607957943	"gene16604"
5	1627	518662754.5	56	518635231	518690278	"gene19715"
4	1767	12742896	56	12741394	12744398	"gene13532"
4	1791	12326730.5	56	12323905	12329556	"gene13526"
7	266	639265060.5	57	639263350	639266771	"gene27621"
6	1797	89465865.5	57	89464942	89466789	"gene21374"
6	4398	16602474.5	57	16590395	16614554	"gene20815"
6	5342	118449888	57	118447187	118452589	"gene21608"
6	155	35503591.5	57	35498185	35508998	"gene21017"
5	3469	615057208	58	614935345	615179071	"gene20216"
5	4028	615660695	58	615652552	615668838	"gene20224"
1	2198	141100850.5	60	141098196	141103505	"gene724"
4	2199	403853932.5	60	403845984	403861881	"gene15439"
4	4783	328340280.5	61	328338991	328341570	"gene15148"
4	3264	195231136.5	61	195212289	195249984	"gene14526"
4	4876	228222780	61	228049892	228395668	"gene14654"
4	1469	29958336.5	61	29950762	29965911	"gene13622"
11	3714	3423187.5	62	3420209	3426166	"gene37572"
4	2111	202040998.5	63	201989016	202092981	"gene14563"
4	2112	186290777	63	186276352	186305202	"gene14483"
10	638	14739816.5	63	14731809	14747824	"gene34493"
10	641	16866946.5	63	16864884	16869009	"gene34516"
10	4854	48743165.5	63	48738762	48747569	"gene34695"
1	3639	186187579	64	186182194	186192964	"gene1007"
9	1373	420156140.5	65	420107833	420204448	"gene33184"
2	1362	542782392.5	65	542775963	542788822	"gene7604"
10	1379	228883679	65	228882151	228885207	"gene35591"
5	1364	381340657.5	65	381334058	381347257	"gene19152"
5	1397	387274005.5	65	387225789	387322222	"gene19185"
5	1397	387221065	65	387216310	387225820	"gene19184"
11	5618	168579602	65	168579232	168579972	"gene38693"
7	167	4877331	67	4876082	4878580	"gene24564"
2	4206	354109433.5	68	354107944	354110923	"gene6720"
5	4206	526817273	68	526816252	526818294	"gene19761"
2	1216	294691685.5	68	294625996	294757375	"gene6512"
2	3137	303627044	68	303626454	303627634	"gene6539"
6	398	625319423.5	68	625315965	625322882	"gene24060"
8	398	95545605	68	95544818	95546392	"gene28392"
6	6705	624441600	68	624422432	624460768	"gene24055"
6	1281	605611557	68	605608121	605614993	"gene23952"
6	1419	499692621	68	499674625	499710617	"gene23424"
1	144	757057349.5	69	757051724	757062975	"gene3929"
1	822	817754335.5	69	817745007	817763664	"gene4178"
1	3574	979069908	69	979069655	979070161	"gene5091"
4	145	363919138	69	363917958	363920318	"gene15277"
1	2191	884793246	69	884781727	884804765	"gene4483"
8	2092	143682593	69	143662412	143702774	"gene28611"
8	2761	259176908.5	69	259170298	259183519	"gene29205"
6	9172	62997665	70	62996477	62998853	"gene21221"
6	265	118580966	70	118574501	118587431	"gene21609"
6	3055	35282851.5	70	35281091	35284612	"gene21016"
6	1795	36806368	70	36805328	36807408	"gene21023"
6	2313	37885753.5	70	37858224	37913283	"gene21033"
6	3056	14681705	70	14656312	14707098	"gene20792"
9	1054	203855810.5	71	203854928	203856693	"gene32303"
10	1054	586227992.5	71	586225378	586230607	"gene37196"
8	2740	214942901.5	71	214941433	214944370	"gene29017"
5	2740	344180687	71	344179070	344182304	"gene19003"
8	3369	213135262	71	213134888	213135636	"gene29003"
3	32	799870310	73	799846041	799894579	"gene13213"
3	1300	469047753.5	73	468915149	469180358	"gene11362"
7	4279	641957504	73	641938334	641976674	"gene27647"
7	800	608414220	73	608408072	608420368	"gene27364"
7	5779	615921894.5	73	615919658	615924131	"gene27395"
7	3741	608069395	74	608066634	608072156	"gene27358"
7	612	643327439	74	643292011	643362867	"gene27658"
7	2527	642519185	74	642516525	642521845	"gene27653"
7	1990	607598951.5	74	607592105	607605798	"gene27357"
3	1989	57116950	74	57106339	57127561	"gene9551"
3	1989	96460288.5	74	96452841	96467736	"gene9747"
4	2503	22010253	75	22000698	22019808	"gene13585"
4	606	28050456.5	75	28034481	28066432	"gene13605"
4	992	318159744.5	75	318087945	318231544	"gene15093"
4	991	93642755.5	75	93631488	93654023	"gene14007"
4	1988	315402488.5	75	315401749	315403228	"gene15083"
4	1988	315379421.5	75	315379174	315379669	"gene15082"
4	232	312598311	75	312597167	312599455	"gene15063"
4	9091	27760405.5	75	27759839	27760972	"gene13602"
4	1986	55837238.5	75	55812842	55861635	"gene13776"
3	4236	253431899	76	253422007	253441791	"gene10484"
3	4811	254090587	76	254061316	254119858	"gene10488"
5	3142	667330408	76	667232598	667428218	"gene20521"
5	3142	673179352.5	76	673174107	673184598	"gene20538"
5	6201	673970409	76	673879372	674061446	"gene20542"
8	3784	10616564.5	76	10615888	10617241	"gene27846"
8	4392	179749942.5	76	179749598	179750287	"gene28808"
5	224	312268908	77	312267072	312270744	"gene18865"
1	548	607986629	78	607973547	607999711	"gene3273"
1	2367	615857224	78	615837562	615876886	"gene3317"
11	728	261374110	79	261276838	261471382	"gene39071"
11	4158	262425566	79	262391568	262459564	"gene39076"
7	3610	52853903.5	79	52851440	52856367	"gene24823"
7	746	53268827.5	79	53264006	53273649	"gene24827"
1	3256	284713805.5	79	284713104	284714507	"gene1647"
10	5112	231174613	80	231173909	231175317	"gene35602"
10	1673	230681824.5	80	230674851	230688798	"gene35600"
2	1869	693763969.5	80	693762903	693765036	"gene8313"
10	3233	227532411	80	227526569	227538253	"gene35577"
9	899	33408781	81	33396931	33420631	"gene31387"
9	899	42818549	81	42804017	42833081	"gene31464"
9	168	127479426	81	127478666	127480186	"gene31991"
7	5792	654641061.5	82	654618591	654663532	"gene27766"
7	6013	654136948.5	82	654125940	654147957	"gene27760"
7	5521	653991913	82	653988825	653995001	"gene27756"
7	4276	620395605.5	82	620388228	620402983	"gene27441"
7	1311	620480964	82	620438649	620523279	"gene27443"
7	5124	621954066.5	82	621941079	621967054	"gene27452"
7	801	646487652.5	82	646480018	646495287	"gene27695"
7	801	105875703.5	82	105873863	105877544	"gene25092"
11	2536	76547227.5	83	76504099	76590356	"gene38181"
3	2000	273149146	83	273067717	273230575	"gene10550"
3	3365	373142034	83	373139936	373144132	"gene10923"
3	2327	272788464	83	272780584	272796344	"gene10547"
4	579	54238193.5	84	54229021	54247366	"gene13763"
1	284	693635194	85	693614331	693656057	"gene3664"
1	1396	685378661	85	685375476	685381846	"gene3624"
8	3774	257813427.5	85	257813245	257813610	"gene29200"
5	2467	525391193.5	86	525382100	525400287	"gene19753"
5	2431	523076660	86	523026745	523126575	"gene19740"
4	3377	704515178.5	86	704501431	704528926	"gene17184"
4	2743	702184778	86	702174651	702194905	"gene17175"
2	1170	136305866	87	136299196	136312536	"gene5826"
2	39	242967601.5	87	242953936	242981267	"gene6338"
2	953	242094069.5	87	242093386	242094753	"gene6334"
2	539	258307350.5	87	258306672	258308029	"gene6394"
2	550	258901484.5	87	258892039	258910930	"gene6396"
2	1149	250038986.5	87	250038192	250039781	"gene6355"
1	160	135249456	89	135246498	135252414	"gene709"
1	160	143917314.5	89	143915552	143919077	"gene744"
3	160	777176733	89	777168922	777184544	"gene13084"
7	160	66732223	89	66722342	66742104	"gene24900"
7	3058	639058858	90	639046005	639071711	"gene27617"
6	258	89598128	90	89590335	89605921	"gene21375"
6	1574	31015660.5	90	31009593	31021728	"gene20976"
6	7867	32679754	90	32677101	32682407	"gene20993"
6	6745	33246934.5	90	33221311	33272558	"gene20997"
6	6731	19448595.5	90	19448036	19449155	"gene20843"
8	2718	52350271.5	91	52349606	52350937	"gene28140"
8	892	98351383	91	98330197	98372569	"gene28408"
8	1741	136477705.5	91	136474158	136481253	"gene28589"
8	2981	134883518.5	91	134877530	134889507	"gene28578"
11	3388	94416605.5	92	94381671	94451540	"gene38318"
4	13	29019181	93	28998113	29040249	"gene13610"
7	3547	602554726	93	602552505	602556947	"gene27314"
11	1516	109656772.5	94	109535986	109777559	"gene38417"
11	3609	106844605.5	94	106844282	106844929	"gene38397"
11	1468	33158961	94	33153596	33164326	"gene37885"
11	1517	32540599	94	32517774	32563424	"gene37876"
10	4830	45878290.5	95	45875373	45881208	"gene34676"
5	427	624455630	96	624429391	624481869	"gene20275"
5	137	472917324	96	472917038	472917610	"gene19519"
10	725	585387209	97	585374318	585400100	"gene37186"
6	1520	652647579	97	652635788	652659370	"gene24297"
10	6426	584186452.5	99	584186072	584186833	"gene37176"
10	4159	585497841	99	585472451	585523231	"gene37188"
10	2851	531631069.5	99	531617162	531644977	"gene36899"
10	732	531457834.5	99	531453131	531462538	"gene36894"
10	2119	530894107.5	99	530860454	530927761	"gene36887"
10	2119	530935449.5	99	530929203	530941696	"gene36889"
9	2305	564985437.5	103	564981052	564989823	"gene33827"
9	2305	568512913.5	103	568499125	568526702	"gene33844"
11	2305	5548894	103	5462130	5635658	"gene37588"
10	1544	187413964.5	104	187367874	187460055	"gene35403"
2	150	745720127.5	107	745711751	745728504	"gene8557"
10	1411	531539260.5	108	531521982	531556539	"gene36897"
10	2791	627625140	108	627614297	627635983	"gene37490"
10	10662	627709957.5	108	627707428	627712487	"gene37491"
8	1072	37176961	112	37163207	37190715	"gene28045"
8	3677	497174741	112	497171834	497177648	"gene30208"
9	3677	633500136.5	112	633494741	633505532	"gene34287"
6	1919	66875857	113	66875466	66876248	"gene21256"
5	894	520397365.5	113	520394792	520399939	"gene19726"
6	413	49207301	114	49206838	49207764	"gene21150"
6	372	26273243.5	114	26271672	26274815	"gene20910"
6	373	20819798.5	114	20813540	20826057	"gene20852"
6	373	14888829.5	114	14887764	14889895	"gene20794"
6	373	16843581	114	16843044	16844118	"gene20824"
6	2812	32069548	114	32067359	32071737	"gene20984"
11	4769	101466567.5	115	101457059	101476076	"gene38365"
11	736	104025199	115	103891792	104158606	"gene38379"
11	1947	116231118	115	116225376	116236860	"gene38453"
11	125	115189639	115	115174515	115204763	"gene38446"
1	1730	819104235.5	116	819055658	819152813	"gene4188"
1	1730	818946454	116	818866074	819026834	"gene4186"
1	3356	831218659.5	116	831194689	831242630	"gene4238"
1	5193	836241074	116	836239083	836243065	"gene4266"
1	872	958503354.5	116	958498791	958507918	"gene4951"
3	1882	756387627.5	116	756379820	756395435	"gene12964"
5	2872	44535879	117	44525811	44545947	"gene17553"
9	4832	424844158.5	118	424832200	424856117	"gene33201"
9	4394	414083804.5	118	414083318	414084291	"gene33161"
9	1276	415414568	118	415408119	415421017	"gene33168"
4	4335	67062728.5	119	67053561	67071896	"gene13861"
10	44	193890026	119	193829561	193950491	"gene35425"
10	45	196299396.5	119	196267724	196331069	"gene35444"
10	45	195648456.5	119	195619131	195677782	"gene35437"
4	5805	258753940	120	258753714	258754166	"gene14810"
4	1930	255697938	120	255691505	255704371	"gene14801"
4	1930	254967794	120	254963565	254972023	"gene14796"
4	1940	252795286	120	252794062	252796510	"gene14778"
8	2766	45417276	123	45415108	45419444	"gene28106"
8	1359	44334447.5	123	44334151	44334744	"gene28095"
5	4869	357651499	124	357648698	357654300	"gene19043"
5	6071	336158910	124	336157800	336160020	"gene18975"
5	5720	353893512	124	353890447	353896577	"gene19024"
10	3778	554703594	126	554701098	554706090	"gene37055"
10	1041	558263376	126	558231598	558295154	"gene37066"
10	5763	557876345.5	126	557875054	557877637	"gene37064"
10	1035	607104362.5	126	607104108	607104617	"gene37304"
10	1035	607094333.5	126	607092801	607095866	"gene37303"
8	1082	132460920	127	132389905	132531935	"gene28566"
9	1057	420859037.5	127	420824972	420893103	"gene33187"
8	6404	12733923	127	12732824	12735022	"gene27856"
3	4562	427323496.5	128	427320531	427326462	"gene11191"
3	6182	413486574.5	128	413464122	413509027	"gene11128"
7	613	640839273.5	128	640838989	640839558	"gene27637"
4	4238	67584724	128	67581652	67587796	"gene13864"
3	4238	411817831	128	411815512	411820150	"gene11123"
3	798	426903526.5	128	426901862	426905191	"gene11185"
3	827	85895876.5	128	85880344	85911409	"gene9690"
3	3348	86217610	128	86201553	86233667	"gene9695"
3	3347	86501044	128	86393380	86608708	"gene9696"
4	1183	634647932	129	634647760	634648104	"gene16734"
1	2316	724059515.5	129	724050141	724068890	"gene3797"
1	2316	723819126.5	129	723800088	723838165	"gene3794"
4	2316	635935121	129	635772888	636097354	"gene16736"
8	5654	45326413.5	131	45326081	45326746	"gene28104"
4	5716	596197682.5	132	596191567	596203798	"gene16544"
8	4577	609403951.5	133	609397433	609410470	"gene30844"
8	4417	495536499	133	495492700	495580298	"gene30199"
11	3067	5235126.5	134	5234581	5235672	"gene37586"
10	1053	586771900	135	586768603	586775197	"gene37201"
4	2390	244976851.5	136	244909949	245043754	"gene14745"
4	3266	336228711.5	136	336220309	336237114	"gene15172"
9	2439	71199673	138	71194275	71205071	"gene31630"
10	958	217934363.5	141	217924716	217944011	"gene35532"
10	449	219787955	141	219787514	219788396	"gene35542"
1	1881	896270957	141	896269680	896272234	"gene4535"
8	3205	29891255.5	142	29868336	29914175	"gene28018"
8	219	37585009.5	142	37583936	37586083	"gene28050"
3	355	554102391	143	554101990	554102792	"gene11777"
9	2053	624101928	144	624096360	624107496	"gene34188"
9	2053	624196560.5	144	624194140	624198981	"gene34189"
11	594	49823646.5	144	49821992	49825301	"gene38014"
11	1393	93236757.5	147	93235646	93237869	"gene38311"
1	1102	673186673	147	673186337	673187009	"gene3552"
4	1107	475691660	147	475677274	475706046	"gene15801"
4	6651	477095959.5	147	477092756	477099163	"gene15815"
7	2565	607240601	148	607238875	607242327	"gene27355"
7	2392	645265334.5	148	645238866	645291803	"gene27684"
7	3758	645980686	148	645979818	645981554	"gene27693"
7	2391	649833008.5	148	649793901	649872116	"gene27719"
7	3817	618244822.5	148	618238972	618250673	"gene27416"
1	2731	934358945	149	934357406	934360484	"gene4824"
6	2731	487065697.5	149	487055347	487076048	"gene23373"
1	2423	695171722.5	149	695162683	695180762	"gene3672"
1	3288	192015798.5	150	192014165	192017432	"gene1038"
1	3408	187342911.5	150	187341728	187344095	"gene1017"
8	185	512666962	151	512664235	512669689	"gene30315"
8	183	529544089.5	151	529542103	529546076	"gene30414"
8	847	528843843	151	528826619	528861067	"gene30410"
3	847	429238936	151	429235300	429242572	"gene11197"
2	3485	809115415.5	153	809113267	809117564	"gene8874"
3	5984	345244523.5	154	345241362	345247685	"gene10825"
1	6170	143093105	155	143011495	143174715	"gene738"
1	8838	143705603.5	155	143700949	143710258	"gene740"
8	3809	101041905.5	156	101038937	101044874	"gene28432"
8	2417	192681728	156	192681411	192682045	"gene28895"
2	3473	36124084.5	157	36115703	36132466	"gene5318"
10	1333	34404624	161	34397651	34411597	"gene34617"
3	552	105869550	162	105833664	105905436	"gene9786"
3	610	104474780	162	104470902	104478658	"gene9780"
2	886	115796614.5	163	115700258	115892971	"gene5687"
7	1309	627306760	164	627298963	627314557	"gene27508"
7	1312	603968971.5	164	603946332	603991611	"gene27330"
7	5522	620273755.5	165	620263067	620284444	"gene27439"
7	4293	619895251.5	165	619894598	619895905	"gene27436"
5	1745	459520729	166	459441879	459599579	"gene19470"
1	3006	836500773.5	166	836500033	836501514	"gene4268"
8	2655	10346808.5	167	10219341	10474276	"gene27845"
4	1391	473326210	168	473313673	473338747	"gene15782"
5	1927	492055766.5	168	492050910	492060623	"gene19612"
5	1927	498136619.5	168	498133353	498139886	"gene19648"
5	332	492244830	168	492226029	492263631	"gene19616"
5	1105	500041365	168	500035640	500047090	"gene19656"
1	311	675439642.5	168	675385210	675494075	"gene3558"
2	5228	19738465.5	169	19735916	19741015	"gene5243"
2	5440	27013122	169	27005493	27020751	"gene5268"
6	2934	371684452	170	371624887	371744017	"gene22769"
6	228	632582446	171	632563925	632600967	"gene24117"
4	4252	193233354.5	172	193108697	193358012	"gene14513"
7	9311	606199770.5	173	606184453	606215088	"gene27348"
7	9311	606006955	173	605890581	606123329	"gene27345"
5	4734	331067205	173	331046605	331087805	"gene18951"
5	4868	353357503.5	173	353357067	353357940	"gene19021"
5	4868	353401557	173	353394162	353408952	"gene19022"
11	1493	244632039	174	244627117	244636961	"gene38989"
9	3591	459531183	176	459523691	459538675	"gene33346"
1	320	926111020	177	926096717	926125323	"gene4776"
4	1392	481508740.5	177	481505921	481511560	"gene15826"
8	3997	647277422.5	178	647254524	647300321	"gene31161"
9	2606	552005470	179	551976490	552034450	"gene33757"
10	2869	229435430.5	180	229434411	229436450	"gene35594"
10	424	238464280.5	180	238447003	238481558	"gene35636"
10	96	212965674.5	180	212953931	212977418	"gene35507"
11	4492	169076177.5	181	169066741	169085614	"gene38696"
8	1083	137299940	182	137283749	137316131	"gene28596"
8	2728	135576538	182	135570686	135582390	"gene28583"
9	2728	191428338	182	191427878	191428798	"gene32266"
9	1749	69656184.5	183	69644772	69667597	"gene31618"
9	3000	66386178.5	183	66385453	66386904	"gene31593"
9	870	69471343.5	183	69469569	69473118	"gene31616"
9	870	519645781.5	183	519634388	519657175	"gene33614"
10	455	195867454.5	184	195860315	195874594	"gene35442"
4	459	313241163.5	184	313200946	313281381	"gene15066"
9	4114	518415207.5	187	518405537	518424878	"gene33609"
11	1407	74991838.5	188	74983962	74999715	"gene38170"
8	1648	147256771	190	147243225	147270317	"gene28635"
8	1647	303092552	190	303084946	303100158	"gene29399"
3	1474	343050948.5	192	343007732	343094165	"gene10811"
3	5830	252769127	192	252754883	252783371	"gene10481"
3	3343	378208125	192	378183949	378232301	"gene10943"
4	1931	206766523	193	206668462	206864584	"gene14591"
4	3284	228917618.5	193	228917098	228918139	"gene14663"
4	1540	259495370	193	259489723	259501017	"gene14814"
10	450	212270180	194	212268503	212271857	"gene35503"
8	1455	161559099	195	161556695	161561503	"gene28722"
8	2274	260476978.5	196	260460011	260493946	"gene29211"
10	1977	291950670	198	291911695	291989645	"gene35829"
10	3536	172433250.5	198	172397092	172469409	"gene35352"
8	5167	229043112.5	200	228998570	229087655	"gene29082"
9	5167	145039450	200	145037090	145041810	"gene32096"
9	1110	28808518	200	28803428	28813608	"gene31351"
9	1563	30738822.5	200	30718443	30759202	"gene31373"
9	1562	134094242	200	134081184	134107300	"gene32021"
3	3535	643419250.5	202	643418204	643420297	"gene12354"
10	3535	448985293	202	448984873	448985713	"gene36496"
5	4	101406081	202	101376813	101435349	"gene17863"
11	1136	410290450.5	202	410247791	410333110	"gene39776"
8	1528	8088398	203	8087297	8089499	"gene27839"
1	1845	979555051	206	979545397	979564705	"gene5097"
1	6243	140530081.5	207	140528613	140531550	"gene721"
7	752	91857874.5	209	91855623	91860126	"gene25044"
6	663	350878563.5	210	350876285	350880842	"gene22681"
8	663	434944123.5	210	434940698	434947549	"gene29918"
3	2772	793352185.5	211	793332310	793372061	"gene13163"
5	4842	298079817.5	215	298002892	298156743	"gene18815"
6	4659	448836324.5	216	448820528	448852121	"gene23198"
4	233	56344195.5	217	56343890	56344501	"gene13778"
7	1463	16785210.5	230	16784432	16785989	"gene24659"
7	207	342542893.5	232	342524646	342561141	"gene26042"
7	2999	341840633.5	232	341815978	341865289	"gene26040"
7	2264	339769790.5	232	339767899	339771682	"gene26030"
10	1524	563257769.5	233	563236687	563278852	"gene37075"
2	5880	221154511	235	221145262	221163760	"gene6257"
2	887	271007976	235	271006710	271009242	"gene6431"
8	9258	439826477	237	439819701	439833253	"gene29958"
9	1277	431152378	240	431140350	431164406	"gene33228"
6	1237	624168119	241	624152646	624183592	"gene24053"
8	1237	90090660	241	90081843	90099477	"gene28378"
6	2576	623524506	241	623518057	623530955	"gene24047"
6	8619	623980715.5	241	623922890	624038541	"gene24052"
9	2891	565822692.5	242	565821603	565823782	"gene33831"
6	2891	546434532.5	242	546433078	546435987	"gene23668"
9	1066	561174715.5	242	561171887	561177544	"gene33806"
1	1395	694383537.5	242	694382947	694384128	"gene3669"
1	1087	693809872.5	242	693803932	693815813	"gene3665"
5	1087	409029954.5	242	409024573	409035336	"gene19243"
10	2038	189042608.5	243	189035617	189049600	"gene35409"
6	5230	493398487	245	493398296	493398678	"gene23403"
7	837	637104869.5	247	637078430	637131309	"gene27603"
7	836	629420082	247	629404174	629435990	"gene27540"
3	426	549991643	248	549991358	549991928	"gene11756"
