5	2949	3081029	0	3080170	3081888	"Aqcoe5G056500.1.v3.1"
2	2898	37727604	0	37726519	37728689	"Aqcoe2G342900.1.v3.1"
1	2274	41178320	2	41176152	41180488	"Aqcoe1G442900.1.v3.1"
5	2761	44084611	2	44082954	44086268	"Aqcoe5G470400.1.v3.1"
7	2761	128604.5	2	127647	129562	"Aqcoe7G001400.1.v3.1"
5	3774	44064686	2	44063893	44065479	"Aqcoe5G470100.1.v3.1"
7	2119	12380314	3	12376746	12383882	"Aqcoe7G175800.1.v3.1"
7	2851	12521040	3	12515724	12526356	"Aqcoe7G177300.1.v3.1"
7	2852	12574468	3	12572754	12576182	"Aqcoe7G177800.1.v3.1"
7	1041	5433513.5	3	5427196	5439831	"Aqcoe7G089800.1.v3.1"
1	497	40879532.5	5	40878610	40880455	"Aqcoe1G437400.1.v3.1"
1	497	40920849.5	5	40919230	40922469	"Aqcoe1G438200.1.v3.1"
2	497	12528445.5	5	12526914	12529977	"Aqcoe2G137800.1.v3.1"
2	1648	9517914	5	9510412	9525416	"Aqcoe2G116200.1.v3.1"
1	1648	40912833	5	40908708	40916958	"Aqcoe1G438100.1.v3.1"
1	1741	40864551.5	5	40864096	40865007	"Aqcoe1G437100.1.v3.1"
5	1082	44249923	5	44248391	44251455	"Aqcoe5G473500.1.v3.1"
5	1082	44262125	5	44261577	44262673	"Aqcoe5G473800.1.v3.1"
1	1082	40853058	5	40851985	40854131	"Aqcoe1G436700.1.v3.1"
1	2981	40860729.5	5	40858704	40862755	"Aqcoe1G437000.1.v3.1"
2	2981	9659291	5	9654901	9663681	"Aqcoe2G117300.1.v3.1"
5	303	44217945	5	44217491	44218399	"Aqcoe5G472800.1.v3.1"
1	303	40872883.5	5	40871684	40874083	"Aqcoe1G437200.1.v3.1"
5	1084	44208799	5	44207917	44209681	"Aqcoe5G472600.1.v3.1"
1	1084	9449588.5	5	9446342	9452835	"Aqcoe1G165200.1.v3.1"
5	1084	44205020	5	44204176	44205864	"Aqcoe5G472500.1.v3.1"
5	2092	44195680	5	44190512	44200848	"Aqcoe5G472300.2.v3.1"
1	2092	16434401.5	5	16432574	16436229	"Aqcoe1G252200.1.v3.1"
5	1083	44228045	5	44225074	44231016	"Aqcoe5G473100.1.v3.1"
5	2728	44236274	5	44235429	44237119	"Aqcoe5G473200.1.v3.1"
6	1223	19655356	6	19652840	19657872	"Aqcoe6G232000.1.v3.1"
6	1246	19691778.5	6	19685404	19698153	"Aqcoe6G232300.1.v3.1"
6	1246	19714251	6	19709767	19718735	"Aqcoe6G232500.1.v3.1"
1	150	35206410.5	7	35204905	35207916	"Aqcoe1G365400.1.v3.1"
1	150	35210728.5	7	35209595	35211862	"Aqcoe1G365500.1.v3.1"
3	975	37272304.5	7	37271765	37272844	"Aqcoe3G351900.1.v3.1"
3	964	37512391	7	37510532	37514250	"Aqcoe3G355500.1.v3.1"
3	964	37460569.5	7	37459959	37461180	"Aqcoe3G354700.1.v3.1"
1	2243	10496732.5	8	10494300	10499165	"Aqcoe1G180100.1.v3.1"
1	2243	8082999	8	8080984	8085014	"Aqcoe1G144500.1.v3.1"
5	3329	21846945.5	8	21838226	21855665	"Aqcoe5G274300.1.v3.1"
5	1563	1559299.5	9	1558018	1560581	"Aqcoe5G028400.1.v3.1"
1	1928	6639200	10	6638623	6639777	"Aqcoe1G121200.1.v3.1"
1	3204	6663998	10	6663160	6664836	"Aqcoe1G121800.1.v3.1"
1	3203	6692065	10	6690915	6693215	"Aqcoe1G122200.1.v3.1"
1	2986	6767990.5	10	6767850	6768131	"Aqcoe1G123300.1.v3.1"
1	2254	6828659	10	6826427	6830891	"Aqcoe1G124000.2.v3.1"
1	1872	6806093	10	6792198	6819988	"Aqcoe1G123800.1.v3.1"
3	1984	40022646.5	12	40020912	40024381	"Aqcoe3G396800.1.v3.1"
3	1984	3168968.5	12	3166605	3171332	"Aqcoe3G050300.1.v3.1"
1	3574	14162653	15	14161830	14163476	"Aqcoe1G229300.1.v3.1"
1	3574	14164804.5	15	14164553	14165056	"Aqcoe1G229400.1.v3.1"
7	2111	6543479	18	6540498	6546460	"Aqcoe7G107300.1.v3.1"
7	1931	6458944	18	6456466	6461422	"Aqcoe7G106400.1.v3.1"
5	5366	29387096	20	29383109	29391083	"Aqcoe5G310100.1.v3.1"
4	5716	42521537.5	20	42519681	42523394	"Aqcoe4G273100.1.v3.1"
1	5716	37689636	20	37687501	37691771	"Aqcoe1G390800.1.v3.1"
5	636	31006925.5	20	31005439	31008412	"Aqcoe5G320500.1.v3.1"
5	997	34759218.5	20	34758082	34760355	"Aqcoe5G345900.1.v3.1"
3	997	13961298	20	13960207	13962389	"Aqcoe3G160100.1.v3.1"
5	997	35774605.5	20	35770621	35778590	"Aqcoe5G357000.1.v3.1"
1	2999	7250452	21	7249074	7251830	"Aqcoe1G131300.1.v3.1"
2	2999	25016512	21	25013542	25019482	"Aqcoe2G206500.1.v3.1"
2	3228	25292200	21	25290280	25294120	"Aqcoe2G207600.1.v3.1"
1	2264	7265196	21	7264015	7266377	"Aqcoe1G131800.1.v3.1"
2	3058	30607279	22	30605671	30608887	"Aqcoe2G247900.1.v3.1"
5	266	24444690.5	22	24444040	24445341	"Aqcoe5G290800.1.v3.1"
2	266	30571586	22	30570904	30572268	"Aqcoe2G247300.1.v3.1"
3	641	42115240	23	42113437	42117043	"Aqcoe3G434800.1.v3.1"
1	5112	3797668	24	3797442	3797894	"Aqcoe1G072700.1.v3.1"
1	1673	3789972	24	3789271	3790673	"Aqcoe1G072600.1.v3.1"
1	1869	3781509.5	24	3780038	3782981	"Aqcoe1G072400.1.v3.1"
4	613	44951454	26	44951228	44951680	"Aqcoe4G302500.1.v3.1"
4	4279	44933807.5	26	44930545	44937070	"Aqcoe4G302100.1.v3.1"
4	4279	44933807.5	26	44930545	44937070	"Aqcoe4G302100.8.v3.1"
1	3644	36499246	26	36495305	36503187	"Aqcoe1G377300.1.v3.1"
5	3644	38964136.5	26	38961999	38966274	"Aqcoe5G395100.1.v3.1"
5	2392	38593217	26	38592001	38594433	"Aqcoe5G389900.1.v3.1"
5	2392	38588194.5	26	38586926	38589463	"Aqcoe5G389800.1.v3.1"
5	2392	38561091.5	26	38558788	38563395	"Aqcoe5G389500.1.v3.1"
5	2391	38545747	26	38540206	38551288	"Aqcoe5G389300.1.v3.1"
2	2323	34672221.5	27	34671288	34673155	"Aqcoe2G293100.1.v3.1"
1	2960	16441173	27	16440969	16441377	"Aqcoe1G252400.1.v3.1"
4	2960	7591170	27	7590867	7591473	"Aqcoe4G078800.1.v3.1"
5	2960	4884138	27	4883340	4884936	"Aqcoe5G091200.1.v3.1"
5	2390	4857204	27	4853981	4860427	"Aqcoe5G090700.1.v3.1"
5	2390	4820431.5	27	4819104	4821759	"Aqcoe5G089700.1.v3.1"
5	1567	4868935	27	4867622	4870248	"Aqcoe5G090800.1.v3.1"
7	725	9243770.5	28	9242426	9245115	"Aqcoe7G144700.1.v3.1"
3	725	31554477.5	28	31552593	31556362	"Aqcoe3G269700.1.v3.1"
3	1053	31530511	28	31526235	31534787	"Aqcoe3G269300.1.v3.1"
3	1053	41218619.5	28	41218116	41219123	"Aqcoe3G417700.1.v3.1"
7	1036	5581100	28	5576627	5585573	"Aqcoe7G092800.1.v3.1"
3	1036	31608998	28	31601719	31616277	"Aqcoe3G270600.1.v3.1"
7	1036	5573769.5	28	5573092	5574447	"Aqcoe7G092600.1.v3.1"
3	1036	31348591	28	31344347	31352835	"Aqcoe3G266900.1.v3.1"
7	752	8078562	29	8077817	8079307	"Aqcoe7G129700.1.v3.1"
1	490	7063048	32	7061842	7064254	"Aqcoe1G127900.1.v3.1"
1	2249	7048128.5	32	7042525	7053732	"Aqcoe1G127800.1.v3.1"
5	2588	9650788	33	9648625	9652951	"Aqcoe5G166600.1.v3.1"
5	2589	9645610	33	9643231	9647989	"Aqcoe5G166500.1.v3.1"
6	2589	4994951	33	4994248	4995654	"Aqcoe6G092400.1.v3.1"
7	2146	35296208.5	34	35292848	35299569	"Aqcoe7G324800.1.v3.1"
7	2147	35302410	34	35302059	35302761	"Aqcoe7G324900.1.v3.1"
7	3454	35023251	34	35022836	35023666	"Aqcoe7G320200.1.v3.1"
7	3454	35019983.5	34	35017740	35022227	"Aqcoe7G320100.1.v3.1"
4	3295	45703484.5	35	45703200	45703769	"Aqcoe4G313200.1.v3.1"
4	6648	45627195.5	35	45626542	45627849	"Aqcoe4G311700.1.v3.1"
4	1301	45090689	35	45089220	45092158	"Aqcoe4G304400.1.v3.1"
1	1301	36209134	35	36207271	36210997	"Aqcoe1G374100.1.v3.1"
1	4183	37173072.5	35	37171028	37175117	"Aqcoe1G384000.1.v3.1"
4	4243	45663089	35	45660462	45665716	"Aqcoe4G312300.1.v3.1"
4	2709	45618299	35	45616230	45620368	"Aqcoe4G311300.1.v3.1"
4	2709	45644760.5	35	45641974	45647547	"Aqcoe4G312000.1.v3.1"
1	3637	37219952	35	37219180	37220724	"Aqcoe1G384400.1.v3.1"
1	3637	37263760.5	35	37257826	37269695	"Aqcoe1G384700.1.v3.1"
1	1350	37280221.5	35	37279706	37280737	"Aqcoe1G385100.1.v3.1"
1	5631	37387998.5	35	37386473	37389524	"Aqcoe1G386600.1.v3.1"
1	6263	37411301	35	37410327	37412275	"Aqcoe1G387100.1.v3.1"
2	1066	37342100.5	38	37341320	37342881	"Aqcoe2G335900.1.v3.1"
7	1066	867545	38	865737	869353	"Aqcoe7G013300.1.v3.1"
2	2305	37300030.5	38	37298535	37301526	"Aqcoe2G335100.1.v3.1"
2	2305	37321534	38	37320123	37322945	"Aqcoe2G335500.1.v3.1"
6	2838	6750140	40	6747527	6752753	"Aqcoe6G122800.1.v3.1"
5	1490	15048607.5	40	15047128	15050087	"Aqcoe5G231500.1.v3.1"
5	1506	15022673	40	15020625	15024721	"Aqcoe5G231000.1.v3.1"
6	4976	6733289.5	40	6732339	6734240	"Aqcoe6G122300.1.v3.1"
5	3974	11179661.5	40	11178708	11180615	"Aqcoe5G188800.1.v3.1"
1	5474	8595030.5	41	8594564	8595497	"Aqcoe1G152100.1.v3.1"
3	1169	36751349.5	43	36749424	36753275	"Aqcoe3G342800.1.v3.1"
3	1169	36670884	43	36667879	36673889	"Aqcoe3G341200.1.v3.1"
3	1131	37010116	43	37003785	37016447	"Aqcoe3G346900.1.v3.1"
3	1131	37037018.5	43	37035991	37038046	"Aqcoe3G347500.1.v3.1"
7	1078	1233496	44	1231521	1235471	"Aqcoe7G020500.1.v3.1"
3	1078	25870237	44	25865113	25875361	"Aqcoe3G220100.1.v3.1"
5	1078	2765335.5	44	2764782	2765889	"Aqcoe5G050600.1.v3.1"
3	1362	25669836	44	25665634	25674038	"Aqcoe3G219100.1.v3.1"
2	6642	41015920.5	44	41011856	41019985	"Aqcoe2G403600.1.v3.1"
3	2340	1066303	45	1065602	1067004	"Aqcoe3G016900.1.v3.1"
3	1980	3035370.5	45	3033789	3036952	"Aqcoe3G047800.1.v3.1"
3	1980	39837040.5	45	39836293	39837788	"Aqcoe3G394100.1.v3.1"
3	2535	39816002	45	39815221	39816783	"Aqcoe3G393500.1.v3.1"
3	1164	39769676.5	45	39767254	39772099	"Aqcoe3G392700.1.v3.1"
7	3786	3556203.5	47	3555207	3557200	"Aqcoe7G058500.1.v3.1"
7	2473	3500101	47	3499287	3500915	"Aqcoe7G057700.1.v3.1"
7	1382	3465679.5	47	3464252	3467107	"Aqcoe7G057100.1.v3.1"
5	1105	42366479.5	47	42365030	42367929	"Aqcoe5G443200.1.v3.1"
7	332	1363559	47	1361471	1365647	"Aqcoe7G022800.1.v3.1"
1	1926	44497442	47	44494787	44500097	"Aqcoe1G499000.1.v3.1"
1	1696	44608712.5	47	44607132	44610293	"Aqcoe1G500700.1.v3.1"
1	1696	44463366.5	47	44462250	44464483	"Aqcoe1G498500.2.v3.1"
4	1334	42162154	49	42161095	42163213	"Aqcoe4G268900.1.v3.1"
4	154	41432227.5	49	41429257	41435198	"Aqcoe4G263700.2.v3.1"
4	154	41420146.5	49	41418923	41421370	"Aqcoe4G263500.1.v3.1"
1	6623	3652076	53	3650999	3653153	"Aqcoe1G070200.1.v3.1"
5	6405	5646550	54	5644611	5648489	"Aqcoe5G105500.1.v3.1"
5	2576	5745295.5	54	5742126	5748465	"Aqcoe5G107200.1.v3.1"
5	1237	5734477.5	54	5732455	5736500	"Aqcoe5G106900.1.v3.1"
7	1483	38775753.5	55	38771079	38780428	"Aqcoe7G369400.1.v3.1"
2	1826	36495278.5	55	36491550	36499007	"Aqcoe2G319900.1.v3.1"
5	3077	2842272	56	2841752	2842792	"Aqcoe5G052200.1.v3.1"
2	3077	38072798.5	56	38072277	38073320	"Aqcoe2G348200.1.v3.1"
2	464	38139727.5	56	38138346	38141109	"Aqcoe2G349900.1.v3.1"
5	464	2754081	56	2752686	2755476	"Aqcoe5G050400.1.v3.1"
5	960	2646628	56	2644089	2649167	"Aqcoe5G049200.1.v3.1"
2	960	38202958.5	56	38201269	38204648	"Aqcoe2G351100.1.v3.1"
2	467	38207521.5	56	38205462	38209581	"Aqcoe2G351200.1.v3.1"
5	467	2677466	56	2675471	2679461	"Aqcoe5G049400.1.v3.1"
2	505	21520381	56	21519836	21520926	"Aqcoe2G176000.1.v3.1"
1	505	43162476	56	43161925	43163027	"Aqcoe1G476800.1.v3.1"
1	1733	38189351	58	38185310	38193392	"Aqcoe1G397100.1.v3.1"
1	858	38195813.5	58	38193722	38197905	"Aqcoe1G397200.1.v3.1"
1	2232	38314949.5	58	38311379	38318520	"Aqcoe1G398900.1.v3.1"
2	2232	5681703	58	5678627	5684779	"Aqcoe2G078500.1.v3.1"
6	3453	29557811	59	29552089	29563533	"Aqcoe6G320800.1.v3.1"
6	5230	29936021	59	29935810	29936232	"Aqcoe6G324200.1.v3.1"
5	1280	6211118	59	6206827	6215409	"Aqcoe5G113300.1.v3.1"
5	1222	6157886	59	6157690	6158082	"Aqcoe5G112500.1.v3.1"
5	2421	42089173	61	42082740	42095606	"Aqcoe5G438800.1.v3.1"
1	194	5075511.5	63	5072451	5078572	"Aqcoe1G095700.1.v3.1"
1	1887	5064901.5	63	5064092	5065711	"Aqcoe1G095600.1.v3.1"
1	3000	5051719.5	63	5051132	5052307	"Aqcoe1G095300.1.v3.1"
6	870	1016196	63	1013423	1018969	"Aqcoe6G018700.1.v3.1"
1	870	5049773.5	63	5049048	5050499	"Aqcoe1G095200.1.v3.1"
2	870	29147778.5	63	29145473	29150084	"Aqcoe2G233400.1.v3.1"
1	1749	5047066.5	63	5046130	5048003	"Aqcoe1G095100.1.v3.1"
1	1749	5030739.5	63	5028574	5032905	"Aqcoe1G094900.1.v3.1"
1	1749	5012290.5	63	5011304	5013277	"Aqcoe1G094500.1.v3.1"
7	1363	2075416	63	2073284	2077548	"Aqcoe7G034600.1.v3.1"
7	1363	2064920	63	2060725	2069115	"Aqcoe7G034400.1.v3.1"
3	228	20043572	65	20040675	20046469	"Aqcoe3G191200.1.v3.1"
1	1709	1008548.5	65	1004851	1012246	"Aqcoe1G019600.1.v3.1"
3	2527	10659738.5	66	10657151	10662326	"Aqcoe3G141700.1.v3.1"
5	612	39090397.5	66	39086105	39094690	"Aqcoe5G397500.1.v3.1"
1	801	36463054.5	66	36461486	36464623	"Aqcoe1G376900.1.v3.1"
5	801	38580071	66	38578811	38581331	"Aqcoe5G389600.1.v3.1"
1	892	4394079.5	70	4393124	4395035	"Aqcoe1G082600.1.v3.1"
1	3408	30296531	73	30295332	30297730	"Aqcoe1G333000.1.v3.1"
3	2452	23316136.5	74	23315173	23317100	"Aqcoe3G208200.1.v3.1"
7	1389	5850204.5	74	5848434	5851975	"Aqcoe7G096500.1.v3.1"
3	5636	18762563.5	74	18761927	18763200	"Aqcoe3G184400.1.v3.1"
3	1397	18778573.5	74	18770456	18786691	"Aqcoe3G184600.1.v3.1"
1	1309	37089168	76	37088408	37089928	"Aqcoe1G382800.1.v3.1"
1	2695	37128173	76	37123609	37132737	"Aqcoe1G383400.1.v3.1"
6	5522	6736635.5	76	6735829	6737442	"Aqcoe6G122400.1.v3.1"
1	4293	9554818.5	76	9554132	9555505	"Aqcoe1G166900.1.v3.1"
7	2115	6722957	79	6721629	6724285	"Aqcoe7G109900.1.v3.1"
3	234	3040619	79	3038510	3042728	"Aqcoe3G047900.1.v3.1"
3	234	39850029	79	39847893	39852165	"Aqcoe3G394300.1.v3.1"
3	4335	1094916	79	1091500	1098332	"Aqcoe3G017200.1.v3.1"
2	460	37222885	80	37222248	37223522	"Aqcoe2G333100.1.v3.1"
5	460	3353032.5	80	3352373	3353692	"Aqcoe5G060900.1.v3.1"
2	459	37164199.5	80	37161117	37167282	"Aqcoe2G332000.1.v3.1"
5	459	3393211	80	3390927	3395495	"Aqcoe5G061700.1.v3.1"
6	1419	29899081.5	81	29896544	29901619	"Aqcoe6G323600.1.v3.1"
6	1419	29652449	81	29651096	29653802	"Aqcoe6G321800.1.v3.1"
6	2846	29957981.5	81	29954868	29961095	"Aqcoe6G324400.1.v3.1"
3	2846	37090221	81	37089605	37090837	"Aqcoe3G348800.1.v3.1"
6	6593	29575666	81	29571807	29579525	"Aqcoe6G320900.1.v3.1"
82	1282	8506.5	81	6720	10293	"Aqcoe0082s0003.1.v3.1"
6	1282	29521557.5	81	29519507	29523608	"Aqcoe6G320000.1.v3.1"
2	2891	37254205.5	81	37253786	37254625	"Aqcoe2G333900.1.v3.1"
5	2891	3323029	81	3322626	3323432	"Aqcoe5G060300.1.v3.1"
2	2316	35308016.5	84	35303046	35312987	"Aqcoe2G301300.1.v3.1"
2	1183	35297812.5	84	35297654	35297971	"Aqcoe2G301200.1.v3.1"
5	1183	37777906	84	37777083	37778729	"Aqcoe5G379900.1.v3.1"
17	1842	29199.5	87	24717	33682	"Aqcoe0017s0003.1.v3.1"
2	1661	5441007	87	5434075	5447939	"Aqcoe2G075800.1.v3.1"
17	2298	35215.5	87	34680	35751	"Aqcoe0017s0005.1.v3.1"
17	2298	43855	87	43288	44422	"Aqcoe0017s0006.1.v3.1"
2	851	5349637.5	87	5347603	5351672	"Aqcoe2G074500.1.v3.1"
1	1919	6082939.5	88	6082601	6083278	"Aqcoe1G112000.1.v3.1"
6	413	6745796	88	6745351	6746241	"Aqcoe6G122700.1.v3.1"
1	144	13621633.5	89	13620226	13623041	"Aqcoe1G223900.1.v3.1"
4	3914	3603146.5	89	3600716	3605577	"Aqcoe4G040900.1.v3.1"
6	2606	8003896.5	93	8003210	8004583	"Aqcoe6G141200.1.v3.1"
7	2606	3416933.5	93	3415597	3418270	"Aqcoe7G056200.1.v3.1"
1	893	4278881.5	97	4277002	4280761	"Aqcoe1G080400.1.v3.1"
1	893	4285722	97	4284980	4286464	"Aqcoe1G080500.1.v3.1"
6	2642	5069151	99	5065991	5072311	"Aqcoe6G093400.1.v3.1"
5	3976	9713833.5	99	9712287	9715380	"Aqcoe5G168000.1.v3.1"
6	3976	5078285	99	5077360	5079210	"Aqcoe6G093600.2.v3.1"
5	1463	19497768.5	101	19495718	19499819	"Aqcoe5G263600.1.v3.1"
1	183	7980948	102	7978982	7982914	"Aqcoe1G142700.1.v3.1"
5	3056	23996374.5	103	23987257	24005492	"Aqcoe5G288300.1.v3.1"
2	3056	29755100.5	103	29748478	29761723	"Aqcoe2G238800.2.v3.1"
5	2313	24071122	103	24065160	24077084	"Aqcoe5G288600.1.v3.1"
2	2313	29744768	103	29741458	29748078	"Aqcoe2G238700.1.v3.1"
2	1795	29737916	103	29736872	29738960	"Aqcoe2G238600.1.v3.1"
2	1795	29735593	103	29734722	29736464	"Aqcoe2G238500.1.v3.1"
1	155	39791634.5	103	39790488	39792781	"Aqcoe1G420600.1.v3.1"
2	155	29732210.5	103	29730224	29734197	"Aqcoe2G238400.1.v3.1"
6	2812	7132388	103	7130965	7133811	"Aqcoe6G128800.1.v3.1"
7	1515	42720981	111	42717113	42724849	"Aqcoe7G431000.1.v3.1"
1	1515	8273184.5	111	8272339	8274030	"Aqcoe1G147000.1.v3.1"
7	1517	42729163	111	42726199	42732127	"Aqcoe7G431100.1.v3.1"
7	4242	5957585.5	111	5954601	5960570	"Aqcoe7G098800.1.v3.1"
1	503	174705.5	112	174060	175351	"Aqcoe1G003400.1.v3.1"
6	503	29890964.5	112	29890353	29891576	"Aqcoe6G323400.1.v3.1"
2	176	663039.5	112	661215	664864	"Aqcoe2G008600.1.v3.1"
1	176	193389	112	191279	195499	"Aqcoe1G003700.1.v3.1"
1	504	202549.5	112	201086	204013	"Aqcoe1G003900.1.v3.1"
1	1743	7922437.5	117	7920580	7924295	"Aqcoe1G141700.1.v3.1"
1	185	7878570.5	117	7876887	7880254	"Aqcoe1G140800.1.v3.1"
1	211	7867396	117	7865280	7869512	"Aqcoe1G140600.1.v3.1"
1	1346	35043779	122	35037973	35049585	"Aqcoe1G364500.1.v3.1"
1	5452	35913933.5	122	35913156	35914711	"Aqcoe1G370300.1.v3.1"
3	1035	31492645.5	129	31491528	31493763	"Aqcoe3G268900.1.v3.1"
5	535	31885090.5	130	31883226	31886955	"Aqcoe5G327200.1.v3.1"
1	3639	30352562	131	30349450	30355674	"Aqcoe1G333400.1.v3.1"
1	3288	30146190.5	131	30143709	30148672	"Aqcoe1G332500.1.v3.1"
5	254	2376871.5	131	2375628	2378115	"Aqcoe5G045000.1.v3.1"
5	3784	16196447.5	133	16196220	16196675	"Aqcoe5G240300.1.v3.1"
6	2655	2094160	133	2086776	2101544	"Aqcoe6G040000.1.v3.1"
5	2732	44483503	133	44480606	44486400	"Aqcoe5G478100.1.v3.1"
7	743	37138917	136	37136352	37141482	"Aqcoe7G346500.1.v3.1"
7	716	39487162.5	136	39485352	39488973	"Aqcoe7G377000.1.v3.1"
7	716	37249985	136	37248631	37251339	"Aqcoe7G347800.1.v3.1"
7	1537	37463281	136	37461432	37465130	"Aqcoe7G351000.1.v3.1"
7	1537	37270543	136	37268856	37272230	"Aqcoe7G348100.1.v3.1"
7	1537	18733832.5	136	18732484	18735181	"Aqcoe7G220100.1.v3.1"
7	1537	18737646	136	18736259	18739033	"Aqcoe7G220200.1.v3.1"
7	4269	18833120.5	136	18832446	18833795	"Aqcoe7G220600.1.v3.1"
7	1538	37245608.5	136	37245459	37245758	"Aqcoe7G347700.1.v3.1"
7	2870	37235742	136	37233432	37238052	"Aqcoe7G347500.1.v3.1"
6	6880	624643	137	624407	624879	"Aqcoe6G010700.1.v3.1"
4	3943	36656748.5	139	36645519	36667978	"Aqcoe4G229700.4.v3.1"
4	675	36599701	139	36597311	36602091	"Aqcoe4G229400.1.v3.1"
1	675	33631036.5	139	33629001	33633072	"Aqcoe1G352400.1.v3.1"
1	667	33727382	139	33726581	33728183	"Aqcoe1G353800.1.v3.1"
1	667	33712128.5	139	33708968	33715289	"Aqcoe1G353500.1.v3.1"
4	667	36486735	139	36485571	36487899	"Aqcoe4G228600.1.v3.1"
1	812	33737279	139	33734347	33740211	"Aqcoe1G354000.1.v3.1"
1	665	33878798	139	33877540	33880056	"Aqcoe1G356000.1.v3.1"
1	665	33878798	139	33877540	33880056	"Aqcoe1G356000.4.v3.1"
6	6270	676039	142	672844	679234	"Aqcoe6G011900.1.v3.1"
5	1474	16348775	142	16343485	16354065	"Aqcoe5G241100.1.v3.1"
6	1474	622292	142	621190	623394	"Aqcoe6G010600.2.v3.1"
5	5753	26559513.5	142	26553929	26565098	"Aqcoe5G300300.1.v3.1"
3	572	6166136.5	143	6165480	6166793	"Aqcoe3G093400.1.v3.1"
1	905	38455432	145	38452372	38458492	"Aqcoe1G400800.1.v3.1"
7	2439	2081968	146	2080502	2083434	"Aqcoe7G034800.1.v3.1"
3	232	2333557	151	2331504	2335610	"Aqcoe3G036300.1.v3.1"
5	2022	1429928.5	151	1429116	1430741	"Aqcoe5G025400.1.v3.1"
3	2022	2256398	151	2255491	2257305	"Aqcoe3G035200.1.v3.1"
3	1988	40330512	151	40329595	40331429	"Aqcoe3G401700.1.v3.1"
3	992	40334335.5	151	40332599	40336072	"Aqcoe3G401800.1.v3.1"
1	853	44458962	153	44457449	44460475	"Aqcoe1G498400.1.v3.1"
1	1695	44513644.5	153	44512187	44515102	"Aqcoe1G499300.1.v3.1"
5	1927	42360727.5	153	42359853	42361602	"Aqcoe5G443000.1.v3.1"
7	1927	1358444	153	1355965	1360923	"Aqcoe7G022700.1.v3.1"
17	852	50912.5	160	48549	53276	"Aqcoe0017s0008.1.v3.1"
3	548	34581093.5	162	34578284	34583903	"Aqcoe3G306300.1.v3.1"
3	548	34618237	162	34615155	34621319	"Aqcoe3G306600.1.v3.1"
3	548	7037942.5	162	7036521	7039364	"Aqcoe3G104300.1.v3.1"
1	859	38415209	163	38412825	38417593	"Aqcoe1G400400.1.v3.1"
2	875	5530045	163	5529677	5530413	"Aqcoe2G077000.1.v3.1"
2	1659	5517838.5	163	5517572	5518105	"Aqcoe2G076700.1.v3.1"
3	160	20518333.5	163	20516833	20519834	"Aqcoe3G194700.1.v3.1"
1	160	38496578.5	163	38494776	38498381	"Aqcoe1G401300.1.v3.1"
2	160	5495359	163	5488027	5502691	"Aqcoe2G076500.1.v3.1"
6	5439	4698421	166	4696562	4700280	"Aqcoe6G087900.1.v3.1"
5	5629	13832498.5	166	13830172	13834825	"Aqcoe5G220900.1.v3.1"
6	2648	21136905.5	167	21136264	21137547	"Aqcoe6G242700.1.v3.1"
5	2648	14685614.5	167	14684656	14686573	"Aqcoe5G226600.1.v3.1"
1	2035	30386809	167	30385286	30388332	"Aqcoe1G333900.1.v3.1"
3	2035	37108207.5	167	37106605	37109810	"Aqcoe3G349200.1.v3.1"
5	3443	14728984	167	14727680	14730288	"Aqcoe5G227000.1.v3.1"
1	3179	43911691.5	169	43909024	43914359	"Aqcoe1G489300.1.v3.1"
1	5656	37061222.5	171	37058821	37063624	"Aqcoe1G382500.1.v3.1"
1	1308	37097023	171	37094132	37099914	"Aqcoe1G383000.1.v3.1"
2	1308	42500845.5	171	42499177	42502514	"Aqcoe2G427800.1.v3.1"
1	1308	37154801	171	37150168	37159434	"Aqcoe1G383700.1.v3.1"
2	4869	41912504.5	174	41910242	41914767	"Aqcoe2G416100.1.v3.1"
5	4869	299901.5	174	299347	300456	"Aqcoe5G004800.1.v3.1"
2	4868	41349019	174	41346828	41351210	"Aqcoe2G409700.1.v3.1"
4	6170	44118059.5	175	44115917	44120202	"Aqcoe4G292700.1.v3.1"
7	1951	32668961	176	32668342	32669580	"Aqcoe7G301900.1.v3.1"
2	1951	1821893	176	1821563	1822223	"Aqcoe2G026800.1.v3.1"
1	506	7630119	176	7627137	7633101	"Aqcoe1G137000.1.v3.1"
2	3067	37269259.5	176	37268696	37269823	"Aqcoe2G334300.1.v3.1"
6	1958	3362484	178	3362177	3362791	"Aqcoe6G063700.1.v3.1"
6	4206	3375596	178	3373806	3377386	"Aqcoe6G064000.1.v3.1"
7	1658	1571830.5	179	1568383	1575278	"Aqcoe7G027200.1.v3.1"
1	1658	4553853.5	179	4552572	4555135	"Aqcoe1G085300.1.v3.1"
1	2296	40491824.5	179	40490969	40492680	"Aqcoe1G431100.1.v3.1"
2	2296	7688630.5	179	7686868	7690393	"Aqcoe2G102800.1.v3.1"
1	901	40482683	179	40478870	40486496	"Aqcoe1G430800.1.v3.1"
5	3108	3848752	183	3847835	3849669	"Aqcoe5G071900.1.v3.1"
2	2912	35787506	183	35784236	35790776	"Aqcoe2G308900.1.v3.1"
2	1634	35644835.5	183	35642921	35646750	"Aqcoe2G306900.1.v3.1"
5	1794	4268804.5	183	4265654	4271955	"Aqcoe5G079800.1.v3.1"
3	2038	40535325	186	40534271	40536379	"Aqcoe3G405100.1.v3.1"
3	2038	40532072	186	40531190	40532954	"Aqcoe3G405000.1.v3.1"
5	455	3449191	186	3446607	3451775	"Aqcoe5G062800.1.v3.1"
2	455	39937615	186	39936882	39938348	"Aqcoe2G381400.1.v3.1"
3	45	40542557.5	186	40538265	40546850	"Aqcoe3G405200.1.v3.1"
5	45	40354591	186	40351340	40357842	"Aqcoe5G414700.1.v3.1"
3	45	1319274.5	186	1313273	1325276	"Aqcoe3G021300.1.v3.1"
1	2090	21905203.5	189	21903588	21906819	"Aqcoe1G292600.1.v3.1"
1	2665	17292525	189	17290958	17294092	"Aqcoe1G258800.1.v3.1"
1	2663	16732109.5	189	16727808	16736411	"Aqcoe1G254900.1.v3.1"
1	2663	16845612	189	16837898	16853326	"Aqcoe1G255700.1.v3.1"
1	142	16998088	189	16996619	16999557	"Aqcoe1G257000.1.v3.1"
4	142	8932952.5	189	8931512	8934393	"Aqcoe4G091700.1.v3.1"
1	3352	1589587	190	1588906	1590268	"Aqcoe1G029800.1.v3.1"
2	6106	1429973	190	1429813	1430133	"Aqcoe2G020300.1.v3.1"
2	186	1092769	190	1091659	1093879	"Aqcoe2G015800.1.v3.1"
1	3355	1707224.5	190	1705297	1709152	"Aqcoe1G032400.1.v3.1"
1	3698	1658589	190	1656697	1660481	"Aqcoe1G031200.1.v3.1"
7	2740	4008232.5	191	4007143	4009322	"Aqcoe7G065700.1.v3.1"
2	6071	41298907.5	191	41298368	41299447	"Aqcoe2G408900.1.v3.1"
2	4304	41293864	191	41290939	41296789	"Aqcoe2G408800.1.v3.1"
5	4734	252998	191	251728	254268	"Aqcoe5G004400.4.v3.1"
5	1264	11911904	192	11909496	11914312	"Aqcoe5G199200.1.v3.1"
5	6705	5727778.5	192	5726025	5729532	"Aqcoe5G106800.2.v3.1"
5	5437	5706757.5	192	5705252	5708263	"Aqcoe5G106600.1.v3.1"
6	398	2973915.5	192	2972220	2975611	"Aqcoe6G057500.1.v3.1"
5	398	5673423	192	5672727	5674119	"Aqcoe5G105900.1.v3.1"
1	3472	3864479	193	3863662	3865296	"Aqcoe1G074000.1.v3.1"
2	3472	5021386.5	193	5018678	5024095	"Aqcoe2G070000.1.v3.1"
7	2753	5878251.5	195	5877555	5878948	"Aqcoe7G097200.1.v3.1"
4	153	42223714.5	199	42222695	42224734	"Aqcoe4G269800.1.v3.1"
4	1333	42155037	199	42153575	42156499	"Aqcoe4G268800.1.v3.1"
2	3055	29727675.5	203	29725845	29729506	"Aqcoe2G238300.1.v3.1"
5	3055	24152169.5	203	24147873	24156466	"Aqcoe5G288800.1.v3.1"
5	6745	24190789	203	24189257	24192321	"Aqcoe5G289500.1.v3.1"
2	427	2091502.5	204	2088325	2094680	"Aqcoe2G031600.1.v3.1"
7	427	39824648	204	39820246	39829050	"Aqcoe7G381700.1.v3.1"
5	1621	1905887.5	205	1904414	1907361	"Aqcoe5G035700.1.v3.1"
2	1621	39014096	205	39011664	39016528	"Aqcoe2G365500.1.v3.1"
3	5539	14944429	207	14943933	14944925	"Aqcoe3G167100.1.v3.1"
3	5539	41012883.5	207	41012404	41013363	"Aqcoe3G413900.1.v3.1"
3	5539	14942480	207	14942042	14942918	"Aqcoe3G167000.1.v3.1"
3	3388	14856911.5	207	14853233	14860590	"Aqcoe3G166600.1.v3.1"
3	1378	14776277	207	14770032	14782522	"Aqcoe3G165800.1.v3.1"
3	1378	41025551	207	41021848	41029254	"Aqcoe3G414000.1.v3.1"
3	5434	41006101	207	41003626	41008576	"Aqcoe3G413800.1.v3.1"
1	2191	15740930.5	208	15734812	15747049	"Aqcoe1G246600.1.v3.1"
1	71	16069614	208	16065130	16074098	"Aqcoe1G249500.1.v3.1"
5	311	42825549.5	212	42821766	42829333	"Aqcoe5G449300.1.v3.1"
7	311	1001720.5	212	999343	1004098	"Aqcoe7G016000.1.v3.1"
1	3206	44625720.5	212	44623646	44627795	"Aqcoe1G501000.1.v3.1"
1	2266	44691862	212	44679894	44703830	"Aqcoe1G502000.1.v3.1"
2	876	5476334.5	212	5473172	5479497	"Aqcoe2G076200.1.v3.1"
7	792	33555865	213	33555672	33556058	"Aqcoe7G308700.1.v3.1"
3	1149	36462679.5	214	36461531	36463828	"Aqcoe3G337100.1.v3.1"
3	2495	36448758	214	36447004	36450512	"Aqcoe3G336800.1.v3.1"
7	1946	6002174.5	216	5998142	6006207	"Aqcoe7G099400.1.v3.1"
3	3817	11340893	217	11339511	11342275	"Aqcoe3G144200.1.v3.1"
5	3817	151350	217	150258	152442	"Aqcoe5G002500.1.v3.1"
1	1311	37019444	217	37014897	37023991	"Aqcoe1G381800.1.v3.1"
1	1311	2229663	217	2228385	2230941	"Aqcoe1G043500.1.v3.1"
2	1767	33391444.5	221	33390266	33392623	"Aqcoe2G277400.1.v3.1"
2	1791	33488232	221	33487826	33488638	"Aqcoe2G278000.1.v3.1"
6	372	6813704.5	230	6812725	6814684	"Aqcoe6G124100.1.v3.1"
2	373	29455618	230	29454446	29456790	"Aqcoe2G236300.1.v3.1"
6	373	6834428	230	6833300	6835556	"Aqcoe6G124700.1.v3.1"
5	373	15088273.5	230	15085764	15090783	"Aqcoe5G232400.1.v3.1"
2	6731	29451094.5	230	29448600	29453589	"Aqcoe2G236200.3.v3.1"
5	1254	15060302	230	15058757	15061847	"Aqcoe5G231800.1.v3.1"
3	940	34426609	236	34425286	34427932	"Aqcoe3G303500.1.v3.1"
7	940	36244668.5	236	36243383	36245954	"Aqcoe7G334400.1.v3.1"
3	4	7842084.5	238	7836912	7847257	"Aqcoe3G115800.1.v3.1"
3	4	33819605.5	238	33811860	33827351	"Aqcoe3G295100.1.v3.1"
3	4	39560721	238	39559631	39561811	"Aqcoe3G388800.1.v3.1"
3	2328	33841002.5	238	33838962	33843043	"Aqcoe3G295300.1.v3.1"
3	2002	34003114	238	34001984	34004244	"Aqcoe3G298100.1.v3.1"
3	5	8059814	238	8057591	8062037	"Aqcoe3G117200.1.v3.1"
3	5	34012510	238	34010333	34014687	"Aqcoe3G298300.1.v3.1"
1	168	5315374	244	5313748	5317000	"Aqcoe1G099000.1.v3.1"
2	168	29038042.5	244	29036397	29039688	"Aqcoe2G232000.1.v3.1"
1	168	5419271	244	5416932	5421610	"Aqcoe1G100600.1.v3.1"
3	4830	42389949	245	42388699	42391199	"Aqcoe3G439000.1.v3.1"
3	1117	15977833.5	247	15976334	15979333	"Aqcoe3G172600.1.v3.1"
3	550	36472118	249	36470014	36474222	"Aqcoe3G337300.1.v3.1"
5	969	3027998.5	249	3027030	3028967	"Aqcoe5G055500.1.v3.1"
2	969	37904531.5	249	37902559	37906504	"Aqcoe2G345900.1.v3.1"
2	969	37849679	249	37848404	37850954	"Aqcoe2G345100.1.v3.1"
