7	3644	643912933.5	0	643877221	643948646	"gene27669"
7	5779	615921894.5	0	615919658	615924131	"gene27395"
7	4279	641957504	0	641938334	641976674	"gene27647"
3	1300	469047753.5	0	468915149	469180358	"gene11362"
2	964	772452254	0	772447079	772457429	"gene8704"
5	427	624455630	1	624429391	624481869	"gene20275"
5	2872	44535879	1	44525811	44545947	"gene17553"
5	4774	64368709	1	64365032	64372386	"gene17638"
5	1486	136438112	1	136435935	136440289	"gene18087"
5	5462	131700051.5	1	131617972	131782131	"gene18061"
5	940	127170347.5	1	127168681	127172014	"gene18041"
1	960	274494678.5	2	274487431	274501926	"gene1610"
1	254	175866584.5	2	175865074	175868095	"gene918"
2	1550	455287919.5	2	455273042	455302797	"gene7178"
10	449	219787955	2	219787514	219788396	"gene35542"
10	1621	222757220	2	222709406	222805034	"gene35560"
1	474	369337162.5	2	369310555	369363770	"gene2091"
1	467	288311849.5	2	288309155	288314544	"gene1669"
3	3017	431073729	2	430964642	431182816	"gene11211"
10	1857	174280457	2	174269034	174291880	"gene35360"
10	5112	231174613	2	231173909	231175317	"gene35602"
10	3233	227532411	2	227526569	227538253	"gene35577"
10	3472	225495039.5	2	225481969	225508110	"gene35572"
1	3472	662197348.5	2	662196003	662198694	"gene3507"
8	3904	15398442	3	15386100	15410784	"gene27873"
10	1334	33757435.5	3	33755437	33759434	"gene34616"
1	3639	186187579	3	186182194	186192964	"gene1007"
2	792	118417460	4	118415971	118418949	"gene5706"
4	1774	227014404	4	227012828	227015980	"gene14652"
4	4783	328340280.5	4	328338991	328341570	"gene15148"
4	3266	336228711.5	4	336220309	336237114	"gene15172"
4	1531	183999034.5	4	183997863	184000206	"gene14464"
4	4252	193233354.5	4	193108697	193358012	"gene14513"
4	1469	29958336.5	4	29950762	29965911	"gene13622"
4	1932	27229479	4	27210185	27248773	"gene13595"
11	4249	335980947.5	4	335973089	335988806	"gene39436"
11	2147	360403187.5	4	360402424	360403951	"gene39541"
5	3597	312692799	4	312689444	312696154	"gene18866"
4	3364	614759384.5	5	614756429	614762340	"gene16644"
4	3364	614684250	5	614682721	614685779	"gene16643"
4	535	443262232.5	5	443261043	443263422	"gene15597"
4	1002	675278111.5	5	675263279	675292944	"gene16989"
4	2901	649574993	5	649573025	649576961	"gene16840"
4	2066	427180547	5	427173507	427187587	"gene15568"
4	5482	604315139.5	5	604313143	604317136	"gene16588"
4	931	648876225.5	5	648875911	648876540	"gene16834"
4	221	459521946	5	459439359	459604533	"gene15701"
4	3545	505028144	5	505020927	505035361	"gene15970"
4	3542	503210270.5	5	503203587	503216954	"gene15957"
1	3126	149516122	6	149511865	149520379	"gene771"
3	1207	820008564	6	820005870	820011258	"gene13292"
10	1459	482966267.5	6	482964956	482967579	"gene36636"
11	1483	429063048	6	429054176	429071920	"gene39891"
5	137	472917324	6	472917038	472917610	"gene19519"
11	3714	3423187.5	6	3420209	3426166	"gene37572"
9	506	504494768	6	504488609	504500927	"gene33547"
7	1928	396051919.5	6	396051378	396052461	"gene26281"
7	1872	381317206	6	381172415	381461997	"gene26214"
7	2253	381789464	6	381762629	381816299	"gene26218"
6	1221	567599015	7	567573102	567624928	"gene23779"
9	1221	20423894	7	20423554	20424234	"gene31290"
6	1222	588697395	7	588697199	588697591	"gene23853"
6	1282	535459182	7	535454463	535463901	"gene23618"
6	176	508137925	7	508132127	508143723	"gene23475"
6	1671	346444278	7	346429336	346459220	"gene22646"
6	187	365418430	7	365364930	365471930	"gene22746"
6	6106	420330274	7	420330111	420330437	"gene23071"
6	3355	415044198.5	7	414968609	415119788	"gene23044"
6	3698	412320666.5	7	412313021	412328312	"gene23034"
1	2266	683653179	8	683633832	683672526	"gene3607"
1	4320	684102133.5	8	684079922	684124345	"gene3613"
3	2232	732080827.5	8	732054776	732106879	"gene12851"
3	2232	761363090	8	761327763	761398417	"gene12981"
1	1923	960038791.5	8	960014877	960062706	"gene4963"
3	199	697520492	8	697518878	697522106	"gene12656"
3	905	774340547.5	8	774336988	774344107	"gene13066"
1	3206	678563284.5	8	678474639	678651930	"gene3577"
4	507	490023843	8	490021474	490026212	"gene15884"
1	2316	723819126.5	8	723800088	723838165	"gene3794"
4	2316	635935121	8	635772888	636097354	"gene16736"
1	2316	724059515.5	8	724050141	724068890	"gene3797"
4	1014	659963022.5	8	659953258	659972787	"gene16904"
4	1809	628432788	8	628425004	628440572	"gene16705"
4	1809	628554060.5	8	628550597	628557524	"gene16707"
4	1809	680074753	8	680070080	680079426	"gene17019"
4	1794	676206948	8	676195841	676218055	"gene16994"
4	2912	631379269.5	8	631376227	631382312	"gene16726"
4	2912	626334026.5	8	626332993	626335060	"gene16690"
3	87	775753437.5	9	775751000	775755875	"gene13076"
4	2323	244774579	9	244769518	244779640	"gene14744"
2	886	115796614.5	10	115700258	115892971	"gene5687"
2	5880	221154511	10	221145262	221163760	"gene6257"
2	120	522908578.5	11	522884901	522932256	"gene7522"
5	713	126972054	11	126956881	126987227	"gene18039"
5	713	145538220.5	11	145527452	145548989	"gene18122"
11	2146	360613816	11	360613101	360614531	"gene39542"
11	3454	358251771	11	358237702	358265840	"gene39522"
6	5713	63923402.5	12	63917524	63929281	"gene21234"
6	8950	62265899	12	62260541	62271257	"gene21216"
6	373	14888829.5	12	14887764	14889895	"gene20794"
6	373	20819798.5	12	20813540	20826057	"gene20852"
6	373	16843581	12	16843044	16844118	"gene20824"
6	265	118580966	12	118574501	118587431	"gene21609"
7	266	639265060.5	12	639263350	639266771	"gene27621"
7	3058	639058858	12	639046005	639071711	"gene27617"
6	155	35503591.5	12	35498185	35508998	"gene21017"
6	5342	118449888	12	118447187	118452589	"gene21608"
6	1574	31015660.5	12	31009593	31021728	"gene20976"
6	7867	32679754	12	32677101	32682407	"gene20993"
6	6745	33246934.5	12	33221311	33272558	"gene20997"
6	4398	16602474.5	12	16590395	16614554	"gene20815"
2	150	745720127.5	13	745711751	745728504	"gene8557"
10	1346	101638329	13	101601828	101674830	"gene35011"
10	153	30870786	13	30869583	30871989	"gene34604"
1	3408	187342911.5	13	187341728	187344095	"gene1017"
10	1333	34404624	13	34397651	34411597	"gene34617"
10	5452	93204167.5	13	93203582	93204753	"gene34952"
1	3914	759787624.5	14	759736975	759838274	"gene3948"
1	2105	938535027	14	938526511	938543543	"gene4851"
3	2084	702751556	14	702693004	702810108	"gene12679"
3	5984	345244523.5	14	345241362	345247685	"gene10825"
1	822	817754335.5	14	817745007	817763664	"gene4178"
4	2960	256637540.5	15	256636664	256638417	"gene14802"
6	2731	487065697.5	15	487055347	487076048	"gene23373"
1	2731	934358945	15	934357406	934360484	"gene4824"
1	1396	685378661	15	685375476	685381846	"gene3624"
1	1395	694383537.5	15	694382947	694384128	"gene3669"
1	311	675439642.5	15	675385210	675494075	"gene3558"
5	1087	409029954.5	15	409024573	409035336	"gene19243"
1	1087	693809872.5	15	693803932	693815813	"gene3665"
1	3574	979069908	15	979069655	979070161	"gene5091"
1	2191	884793246	15	884781727	884804765	"gene4483"
6	413	49207301	17	49206838	49207764	"gene21150"
6	1506	49368277	17	49344615	49391939	"gene21152"
6	372	26273243.5	17	26271672	26274815	"gene20910"
6	2812	32069548	17	32067359	32071737	"gene20984"
11	771	436456433.5	18	436246908	436665959	"gene39961"
4	67	522415201	20	522414231	522416171	"gene16077"
4	223	612228804	20	612223238	612234370	"gene16624"
5	224	312268908	20	312267072	312270744	"gene18865"
11	2588	337711022	20	337674684	337747360	"gene39456"
6	2589	663133814	20	663132517	663135111	"gene24403"
11	2589	336687486	20	336670603	336704369	"gene39446"
3	3976	673925296.5	20	673922763	673927830	"gene12510"
6	227	459916985.5	21	459908594	459925377	"gene23246"
6	2934	371684452	21	371624887	371744017	"gene22769"
7	1463	16785210.5	21	16784432	16785989	"gene24659"
6	3352	423778362	22	423777600	423779124	"gene23092"
6	2279	373438937.5	22	373418466	373459409	"gene22786"
6	2897	376200978	22	376199854	376202102	"gene22797"
6	2402	377002888	22	377000892	377004884	"gene22802"
6	2949	379583022	22	379581769	379584275	"gene22828"
7	1865	48079845.5	22	48041730	48117961	"gene24801"
2	9270	199173220.5	22	199108207	199238234	"gene6170"
4	1540	259495370	22	259489723	259501017	"gene14814"
4	1940	252795286	22	252794062	252796510	"gene14778"
1	1946	684870562.5	22	684861493	684879632	"gene3619"
4	1946	330471883	22	330462306	330481460	"gene15155"
9	1946	263538234	22	263524720	263551748	"gene32533"
10	1946	334087881	22	334085970	334089792	"gene35965"
5	1946	390680123	22	390487190	390873056	"gene19201"
4	1183	634647932	23	634647760	634648104	"gene16734"
3	610	104474780	23	104470902	104478658	"gene9780"
7	1990	607598951.5	23	607592105	607605798	"gene27357"
7	2565	607240601	23	607238875	607242327	"gene27355"
7	2392	645265334.5	23	645238866	645291803	"gene27684"
7	612	643327439	23	643292011	643362867	"gene27658"
7	2527	642519185	23	642516525	642521845	"gene27653"
7	3817	618244822.5	23	618238972	618250673	"gene27416"
10	4512	73529406.5	24	73524206	73534607	"gene34850"
10	4854	48743165.5	24	48738762	48747569	"gene34695"
2	1215	106346755	25	106337832	106355678	"gene5642"
2	3137	303627044	25	303626454	303627634	"gene6539"
9	1816	579610667.5	25	579607822	579613513	"gene33911"
11	1234	26191375	25	26185354	26197396	"gene37824"
5	3469	615057208	26	614935345	615179071	"gene20216"
7	746	53268827.5	27	53264006	53273649	"gene24827"
11	1493	244632039	27	244627117	244636961	"gene38989"
11	4158	262425566	27	262391568	262459564	"gene39076"
11	3451	260174072	27	260173918	260174226	"gene39064"
10	2869	229435430.5	27	229434411	229436450	"gene35594"
11	728	261374110	27	261276838	261471382	"gene39071"
8	181	384807970	28	384807783	384808157	"gene29692"
8	211	523524602	28	523506680	523542524	"gene30387"
8	183	529544089.5	28	529542103	529546076	"gene30414"
10	1035	607104362.5	29	607104108	607104617	"gene37304"
10	1035	607094333.5	29	607092801	607095866	"gene37303"
10	3370	608148663	29	608137359	608159967	"gene37311"
6	6731	19448595.5	30	19448036	19449155	"gene20843"
6	3055	35282851.5	30	35281091	35284612	"gene21016"
6	1795	36806368	30	36805328	36807408	"gene21023"
6	2313	37885753.5	30	37858224	37913283	"gene21033"
6	258	89598128	30	89590335	89605921	"gene21375"
6	9172	62997665	30	62996477	62998853	"gene21221"
4	1567	262196641	31	262188074	262205208	"gene14837"
4	1766	423310608.5	31	423305694	423315523	"gene15548"
4	6483	660886565	31	660885473	660887657	"gene16914"
4	1634	677905560	31	677889637	677921483	"gene17012"
4	1810	677720610.5	31	677695789	677745432	"gene17011"
4	471	504614143.5	31	504605197	504623090	"gene15966"
11	269	435107521.5	31	435105626	435109417	"gene39952"
11	1826	434443994	31	434398006	434489982	"gene39944"
7	1309	627306760	32	627298963	627314557	"gene27508"
7	1311	620480964	32	620438649	620523279	"gene27443"
7	4276	620395605.5	32	620388228	620402983	"gene27441"
7	5522	620273755.5	32	620263067	620284444	"gene27439"
7	6013	654136948.5	32	654125940	654147957	"gene27760"
7	4293	619895251.5	32	619894598	619895905	"gene27436"
7	6258	626522407	32	626521483	626523331	"gene27496"
7	5124	621954066.5	32	621941079	621967054	"gene27452"
7	1312	603968971.5	32	603946332	603991611	"gene27330"
9	2439	71199673	33	71194275	71205071	"gene31630"
9	1563	30738822.5	33	30718443	30759202	"gene31373"
2	1220	821189210	34	821165720	821212700	"gene8938"
2	1219	820597322.5	34	820593406	820601239	"gene8933"
2	3485	809115415.5	34	809113267	809117564	"gene8874"
5	4206	526817273	34	526816252	526818294	"gene19761"
2	4206	354109433.5	34	354107944	354110923	"gene6720"
2	1216	294691685.5	34	294625996	294757375	"gene6512"
4	2503	22010253	35	22000698	22019808	"gene13585"
4	9091	27760405.5	35	27759839	27760972	"gene13602"
4	606	28050456.5	35	28034481	28066432	"gene13605"
8	847	528843843	35	528826619	528861067	"gene30410"
3	847	429238936	35	429235300	429242572	"gene11197"
10	45	196299396.5	35	196267724	196331069	"gene35444"
10	45	195648456.5	35	195619131	195677782	"gene35437"
10	44	193890026	35	193829561	193950491	"gene35425"
3	795	497862486.5	36	497695202	498029771	"gene11461"
3	840	497246317	36	497244323	497248311	"gene11459"
6	4659	448836324.5	36	448820528	448852121	"gene23198"
6	228	632582446	36	632563925	632600967	"gene24117"
3	160	777176733	37	777168922	777184544	"gene13084"
1	160	143917314.5	37	143915552	143919077	"gene744"
1	160	135249456	37	135246498	135252414	"gene709"
7	160	66732223	37	66722342	66742104	"gene24900"
1	876	686432311.5	37	686430125	686434498	"gene3626"
4	997	599913802	37	599912814	599914790	"gene16573"
6	2898	440498365	39	440497283	440499447	"gene23180"
6	2948	439193516.5	39	439186754	439200279	"gene23176"
6	186	420151828.5	39	420150067	420153590	"gene23069"
6	6787	373370674.5	39	373370405	373370944	"gene22785"
6	3104	374982861.5	39	374936785	375028938	"gene22791"
6	462	438931038	39	438930731	438931345	"gene23171"
6	6190	603462277.5	39	603462053	603462502	"gene23936"
1	1845	979555051	40	979545397	979564705	"gene5097"
5	1745	459520729	40	459441879	459599579	"gene19470"
8	3774	257813427.5	41	257813245	257813610	"gene29200"
4	3377	704515178.5	41	704501431	704528926	"gene17184"
4	2743	702184778	41	702174651	702194905	"gene17175"
5	2473	531488475.5	41	531476286	531500665	"gene19777"
6	1254	25666699	42	25655482	25677916	"gene20908"
6	2838	48406310.5	42	48397242	48415379	"gene21135"
6	3974	58947660.5	42	58931355	58963966	"gene21206"
6	555	190128568.5	42	190113878	190143259	"gene21929"
9	1840	8760888	43	8760719	8761057	"gene31246"
9	899	33408781	43	33396931	33420631	"gene31387"
9	899	42818549	43	42804017	42833081	"gene31464"
9	168	127479426	43	127478666	127480186	"gene31991"
9	1835	203471493	43	203462039	203480947	"gene32302"
9	1835	210525431	43	210497935	210552927	"gene32332"
1	902	977309079	44	977308649	977309509	"gene5078"
1	913	816971899.5	44	816925370	817018429	"gene4173"
1	3006	836500773.5	44	836500033	836501514	"gene4268"
1	872	958503354.5	44	958498791	958507918	"gene4951"
3	1882	756387627.5	44	756379820	756395435	"gene12964"
3	1693	756636975.5	44	756558118	756715833	"gene12966"
3	875	642481106	44	642476323	642485889	"gene12342"
3	859	642617764	44	642611743	642623785	"gene12346"
9	1054	203855810.5	45	203854928	203856693	"gene32303"
10	1054	586227992.5	45	586225378	586230607	"gene37196"
2	1961	800493149.5	45	800492640	800493659	"gene8846"
1	6170	143093105	46	143011495	143174715	"gene738"
11	1980	2050539	47	2041601	2059477	"gene37551"
10	2038	189042608.5	47	189035617	189049600	"gene35409"
4	579	54238193.5	47	54229021	54247366	"gene13763"
10	1041	558263376	48	558231598	558295154	"gene37066"
10	1053	586771900	48	586768603	586775197	"gene37201"
10	1052	587494201	48	587485894	587502508	"gene37203"
10	1036	585829884.5	48	585820723	585839046	"gene37193"
10	1036	587926208.5	48	587922253	587930164	"gene37207"
10	5763	557876345.5	48	557875054	557877637	"gene37064"
10	3778	554703594	48	554701098	554706090	"gene37055"
9	303	194963597	49	194957951	194969243	"gene32283"
8	303	141526983	49	141523406	141530560	"gene28600"
8	3205	29891255.5	49	29868336	29914175	"gene28018"
8	398	95545605	50	95544818	95546392	"gene28392"
6	398	625319423.5	50	625315965	625322882	"gene24060"
2	1199	104120153.5	50	104103685	104136622	"gene5631"
2	985	188274782.5	50	188267317	188282248	"gene6117"
2	539	258307350.5	50	258306672	258308029	"gene6394"
2	1169	36345356	50	36343417	36347295	"gene5320"
2	1169	227211023.5	50	227186799	227235248	"gene6281"
2	953	242094069.5	50	242093386	242094753	"gene6334"
2	1170	136305866	50	136299196	136312536	"gene5826"
10	1524	563257769.5	51	563236687	563278852	"gene37075"
10	766	505713890	51	505708522	505719258	"gene36760"
10	6426	584186452.5	51	584186072	584186833	"gene37176"
10	4159	585497841	51	585472451	585523231	"gene37188"
10	110	492430878	51	492428721	492433035	"gene36685"
6	1280	485379093	52	485354861	485403325	"gene23358"
6	503	518422414.5	52	518413992	518430837	"gene23541"
6	3357	343061392.5	52	343054801	343067984	"gene22617"
6	1709	637813909.5	52	637813382	637814437	"gene24148"
6	1739	636711803	52	636710857	636712749	"gene24142"
8	1911	210161417	52	210161155	210161679	"gene28980"
6	1911	661259573	52	661250458	661268688	"gene24388"
1	2367	615857224	54	615837562	615876886	"gene3317"
1	548	607986629	54	607973547	607999711	"gene3273"
10	3535	448985293	54	448984873	448985713	"gene36496"
3	3535	643419250.5	54	643418204	643420297	"gene12354"
5	4	101406081	54	101376813	101435349	"gene17863"
3	939	804810832.5	54	804780120	804841545	"gene13237"
3	3347	86501044	54	86393380	86608708	"gene9696"
9	1839	3838392	55	3832700	3844084	"gene31218"
9	3188	8302829	55	8273835	8331823	"gene31244"
9	881	57780292	55	57779173	57781411	"gene31539"
7	505	251402892.5	56	251388676	251417109	"gene25693"
1	505	274460900	56	274459053	274462747	"gene1609"
7	848	10029878	56	10016018	10043738	"gene24596"
7	167	4877331	56	4876082	4878580	"gene24564"
9	870	69471343.5	56	69469569	69473118	"gene31616"
9	870	519645781.5	56	519634388	519657175	"gene33614"
10	2789	473938958.5	57	473923506	473954411	"gene36598"
8	1237	90090660	57	90081843	90099477	"gene28378"
6	1237	624168119	57	624152646	624183592	"gene24053"
6	1281	605611557	57	605608121	605614993	"gene23952"
6	1419	499692621	57	499674625	499710617	"gene23424"
6	5230	493398487	57	493398296	493398678	"gene23403"
6	504	476667858.5	57	476666886	476668831	"gene23319"
6	7172	633644398.5	57	633636429	633652368	"gene24123"
1	3256	284713805.5	59	284713104	284714507	"gene1647"
7	1494	48311109.5	59	48302879	48319340	"gene24803"
7	3610	52853903.5	59	52851440	52856367	"gene24823"
5	2328	102686295	60	102685165	102687425	"gene17869"
3	2377	804514537.5	60	804497272	804531803	"gene13235"
9	2377	628855045	60	628852332	628857758	"gene34235"
11	1136	410290450.5	60	410247791	410333110	"gene39776"
3	4562	427323496.5	60	427320531	427326462	"gene11191"
7	613	640839273.5	60	640838989	640839558	"gene27637"
3	798	426903526.5	60	426901862	426905191	"gene11185"
3	827	85895876.5	60	85880344	85911409	"gene9690"
9	1762	28914120.5	61	28897858	28930383	"gene31352"
9	1562	134094242	61	134081184	134107300	"gene32021"
9	1363	70061165	61	70011013	70111317	"gene31623"
7	752	91857874.5	62	91855623	91860126	"gene25044"
10	3536	172433250.5	62	172397092	172469409	"gene35352"
9	1057	420859037.5	63	420824972	420893103	"gene33187"
8	2415	190585604.5	63	190582038	190589171	"gene28876"
8	6558	192398170	63	192390155	192406185	"gene28891"
8	2417	192681728	63	192681411	192682045	"gene28895"
2	527	520299073	64	520296263	520301883	"gene7505"
9	2149	532212745	64	532207361	532218129	"gene33693"
5	5589	11420755.5	65	11415362	11426149	"gene17382"
4	788	195432506.5	65	195400446	195464567	"gene14527"
4	789	185469100.5	65	185468055	185470146	"gene14476"
5	1447	355877489.5	66	355875664	355879315	"gene19032"
8	2766	45417276	67	45415108	45419444	"gene28106"
8	1072	37176961	67	37163207	37190715	"gene28045"
4	1404	697268368	67	697259383	697277353	"gene17140"
8	2480	383513045	67	383364467	383661623	"gene29690"
8	297	27193687	67	27192860	27194514	"gene27994"
5	4734	331067205	68	331046605	331087805	"gene18951"
1	71	885852507	69	885833663	885871351	"gene4492"
3	1101	402706582	69	402703009	402710155	"gene11069"
3	1101	402625360.5	69	402566309	402684412	"gene11068"
4	1791	12326730.5	70	12323905	12329556	"gene13526"
5	6071	336158910	71	336157800	336160020	"gene18975"
5	5927	359203312.5	71	359182554	359224071	"gene19049"
2	6642	539511391.5	71	539509662	539513121	"gene7585"
2	3473	36124084.5	71	36115703	36132466	"gene5318"
11	534	262171108	72	262077004	262265212	"gene39075"
4	534	454494186.5	72	454474410	454513963	"gene15673"
4	1004	460113642	72	460102922	460124362	"gene15705"
4	933	544065322.5	72	544057802	544072843	"gene16242"
4	930	685102250	72	685097376	685107124	"gene17058"
4	5366	568986645	72	568984104	568989186	"gene16378"
4	636	596400070	72	596394375	596405765	"gene16545"
4	7591	607951382.5	72	607944822	607957943	"gene16604"
5	4028	615660695	73	615652552	615668838	"gene20224"
9	11	640022298	74	640019227	640025369	"gene34376"
8	4577	609403951.5	74	609397433	609410470	"gene30844"
7	1246	14830040	75	14821089	14838991	"gene24636"
7	1223	13217775.5	75	13210188	13225363	"gene24625"
11	1378	92057324.5	76	92054621	92060028	"gene38297"
11	1378	94182128.5	76	94148963	94215294	"gene38317"
10	1379	228883679	76	228882151	228885207	"gene35591"
5	1389	379820771	76	379791555	379849987	"gene19143"
5	5636	383453757	76	383423733	383483781	"gene19166"
5	1208	15959567	77	15958078	15961056	"gene17403"
3	355	554102391	77	554101990	554102792	"gene11777"
1	352	149794657.5	77	149793614	149795701	"gene772"
1	1754	148947832.5	77	148935882	148959783	"gene764"
1	1754	148972600	77	148968939	148976261	"gene765"
5	1266	24052073	77	24050537	24053609	"gene17458"
8	1266	12287883.5	77	12283737	12292030	"gene27853"
8	6404	12733923	77	12732824	12735022	"gene27856"
8	2737	47185481.5	78	47167368	47203595	"gene28120"
8	1073	44140202	78	44087081	44193323	"gene28091"
8	1359	44334447.5	78	44334151	44334744	"gene28095"
8	2718	52350271.5	78	52349606	52350937	"gene28140"
2	975	758415445.5	79	758414873	758416018	"gene8637"
5	1382	531729347	80	531726151	531732543	"gene19779"
8	2740	214942901.5	80	214941433	214944370	"gene29017"
5	2740	344180687	80	344179070	344182304	"gene19003"
5	2431	523076660	80	523026745	523126575	"gene19740"
8	1528	8088398	81	8087297	8089499	"gene27839"
8	4392	179749942.5	81	179749598	179750287	"gene28808"
6	2335	195204560.5	82	195136519	195272602	"gene21956"
3	3365	373142034	82	373139936	373144132	"gene10923"
11	1164	899431.5	82	894563	904300	"gene37536"
11	2536	76547227.5	82	76504099	76590356	"gene38181"
4	4335	67062728.5	82	67053561	67071896	"gene13861"
11	3388	94416605.5	85	94381671	94451540	"gene38318"
2	1362	542782392.5	85	542775963	542788822	"gene7604"
11	5618	168579602	85	168579232	168579972	"gene38693"
11	4492	169076177.5	85	169066741	169085614	"gene38696"
11	3791	76233375.5	85	76221216	76245535	"gene38180"
11	3791	74851462.5	85	74795794	74907131	"gene38168"
10	2852	534515032	86	534505076	534524988	"gene36918"
10	703	551922668	86	551914981	551930355	"gene37036"
10	725	585387209	86	585374318	585400100	"gene37186"
3	2227	326678678	87	326675190	326682166	"gene10745"
7	2227	502410116	87	502404729	502415503	"gene26842"
3	4236	253431899	87	253422007	253441791	"gene10484"
3	1474	343050948.5	87	343007732	343094165	"gene10811"
8	3809	101041905.5	88	101038937	101044874	"gene28432"
8	1083	137299940	88	137283749	137316131	"gene28596"
8	1082	132460920	88	132389905	132531935	"gene28566"
8	892	98351383	88	98330197	98372569	"gene28408"
8	1741	136477705.5	88	136474158	136481253	"gene28589"
8	1647	303092552	88	303084946	303100158	"gene29399"
8	5654	45326413.5	88	45326081	45326746	"gene28104"
3	2678	776514166	89	776499460	776528872	"gene13078"
1	144	757057349.5	89	757051724	757062975	"gene3929"
1	1881	896270957	90	896269680	896272234	"gene4535"
1	1730	818946454	90	818866074	819026834	"gene4186"
1	1730	819104235.5	90	819055658	819152813	"gene4188"
1	5193	836241074	90	836239083	836243065	"gene4266"
1	2177	448175543	91	448173812	448177274	"gene2467"
1	2040	8905185.5	92	8896076	8914295	"gene69"
11	5539	46664739.5	92	46658991	46670488	"gene37989"
9	6964	625505857	92	625501027	625510687	"gene34198"
11	1468	33158961	93	33153596	33164326	"gene37885"
11	1947	116231118	93	116225376	116236860	"gene38453"
4	2112	186290777	93	186276352	186305202	"gene14483"
4	3284	228917618.5	93	228917098	228918139	"gene14663"
2	1131	34324743	94	34316355	34333131	"gene5305"
2	39	242967601.5	94	242953936	242981267	"gene6338"
2	5945	241984682	94	241980941	241988423	"gene6331"
2	35	272509522.5	94	272490425	272528620	"gene6433"
4	145	363919138	96	363917958	363920318	"gene15277"
5	4869	357651499	97	357648698	357654300	"gene19043"
5	4868	353357503.5	97	353357067	353357940	"gene19021"
5	4868	353401557	97	353394162	353408952	"gene19022"
5	4304	340776270	97	340767164	340785376	"gene18989"
10	455	195867454.5	98	195860315	195874594	"gene35442"
8	1821	488547734.5	98	488537584	488557885	"gene30155"
8	2414	189585476.5	99	189575878	189595075	"gene28871"
8	2413	190213389	99	190047862	190378916	"gene28874"
8	3384	187276437	99	187249922	187302952	"gene28862"
8	2732	7690952	99	7687299	7694605	"gene27837"
11	1407	74991838.5	100	74983962	74999715	"gene38170"
11	2753	2369236	100	2354776	2383696	"gene37558"
3	1374	141036264	100	141036032	141036496	"gene9937"
10	1673	230681824.5	100	230674851	230688798	"gene35600"
4	5716	596197682.5	102	596191567	596203798	"gene16544"
1	1841	718702978.5	103	718686748	718719209	"gene3766"
4	851	489429674	103	489424789	489434559	"gene15876"
4	852	488911458.5	103	488896247	488926670	"gene15873"
5	853	462748550.5	103	462747214	462749887	"gene19485"
5	1926	495104105	103	495063904	495144306	"gene19626"
3	914	698489556.5	103	698489184	698489929	"gene12661"
4	464	683814988	104	683784559	683845417	"gene17049"
6	1919	66875857	105	66875466	66876248	"gene21256"
8	2243	568476828	106	568473265	568480391	"gene30580"
9	3591	459531183	106	459523691	459538675	"gene33346"
8	9258	439826477	106	439819701	439833253	"gene29958"
9	1277	431152378	108	431140350	431164406	"gene33228"
9	1276	415414568	108	415408119	415421017	"gene33168"
7	849	7572919	109	7566631	7579207	"gene24585"
9	1887	66178941.5	109	66178129	66179754	"gene31590"
3	552	105869550	111	105833664	105905436	"gene9786"
8	994	49027734	111	49008711	49046757	"gene28127"
11	719	440511833.5	112	440504442	440519225	"gene39978"
9	901	91832972.5	113	91826086	91839859	"gene31773"
1	621	612634723	114	612633556	612635890	"gene3301"
6	28	639083227	114	639078159	639088295	"gene24162"
1	3654	142594877.5	115	142528681	142661074	"gene736"
11	2584	26896810	117	26864396	26929224	"gene37829"
7	5792	654641061.5	118	654618591	654663532	"gene27766"
7	5521	653991913	118	653988825	653995001	"gene27756"
3	3348	86217610	118	86201553	86233667	"gene9695"
7	801	105875703.5	118	105873863	105877544	"gene25092"
7	801	646487652.5	118	646480018	646495287	"gene27695"
7	800	608414220	118	608408072	608420368	"gene27364"
3	6182	413486574.5	118	413464122	413509027	"gene11128"
9	1331	458929764.5	120	458929066	458930463	"gene33343"
4	991	93642755.5	122	93631488	93654023	"gene14007"
4	992	318159744.5	122	318087945	318231544	"gene15093"
4	1986	55837238.5	122	55812842	55861635	"gene13776"
4	233	56344195.5	122	56343890	56344501	"gene13778"
8	2274	260476978.5	124	260460011	260493946	"gene29211"
8	1648	147256771	124	147243225	147270317	"gene28635"
10	1856	184625958	125	184622656	184629260	"gene35378"
10	1856	186154362.5	125	186152083	186156642	"gene35393"
3	4129	145913379.5	125	145900519	145926240	"gene9963"
2	1869	693763969.5	125	693762903	693765036	"gene8313"
5	1397	387274005.5	126	387225789	387322222	"gene19185"
5	1397	387221065	126	387216310	387225820	"gene19184"
2	37	195148944	127	195135882	195162006	"gene6143"
1	3288	192015798.5	128	192014165	192017432	"gene1038"
10	154	30089743	128	30087971	30091515	"gene34601"
10	815	49225438.5	128	49224340	49226537	"gene34698"
8	909	30849976.5	133	30840935	30859018	"gene28027"
8	219	37585009.5	133	37583936	37586083	"gene28050"
8	3329	583851733.5	134	583849996	583853471	"gene30657"
6	663	350878563.5	134	350876285	350880842	"gene22681"
8	663	434944123.5	134	434940698	434947549	"gene29918"
8	4066	227107505.5	136	227107245	227107766	"gene29070"
5	894	520397365.5	136	520394792	520399939	"gene19726"
2	550	258901484.5	138	258892039	258910930	"gene6396"
2	1149	250038986.5	138	250038192	250039781	"gene6355"
2	2495	274331863	138	274325120	274338606	"gene6442"
4	1767	12742896	139	12741394	12744398	"gene13532"
7	836	629420082	140	629404174	629435990	"gene27540"
6	2827	601722562.5	141	601722309	601722816	"gene23923"
10	1240	626119563.5	141	626090774	626148353	"gene37473"
10	2791	627625140	141	627614297	627635983	"gene37490"
10	10662	627709957.5	141	627707428	627712487	"gene37491"
10	638	14739816.5	143	14731809	14747824	"gene34493"
10	641	16866946.5	143	16864884	16869009	"gene34516"
5	1696	499357681.5	144	499351693	499363670	"gene19651"
5	5335	463882327	144	463866481	463898173	"gene19492"
4	2298	489818732	144	489818292	489819172	"gene15881"
4	2298	489791987	144	489782993	489800981	"gene15880"
1	1890	724805882.5	144	724805345	724806420	"gene3798"
1	4824	729759117	144	729757429	729760805	"gene3817"
1	1889	728428876.5	144	728427839	728429914	"gene3813"
1	1697	731745283.5	144	731721863	731768704	"gene3822"
4	459	313241163.5	145	313200946	313281381	"gene15066"
11	4242	29707218	146	29673618	29740818	"gene37848"
11	3959	30716445	146	30709192	30723698	"gene37862"
11	2756	73816217	146	73786652	73845782	"gene38159"
5	1364	381340657.5	146	381334058	381347257	"gene19152"
6	2576	623524506	149	623518057	623530955	"gene24047"
6	8619	623980715.5	149	623922890	624038541	"gene24052"
6	6705	624441600	149	624422432	624460768	"gene24055"
4	1931	206766523	150	206668462	206864584	"gene14591"
4	2111	202040998.5	150	201989016	202092981	"gene14563"
4	1930	255697938	150	255691505	255704371	"gene14801"
4	1930	254967794	150	254963565	254972023	"gene14796"
4	5805	258753940	150	258753714	258754166	"gene14810"
1	2423	695171722.5	151	695162683	695180762	"gene3672"
11	1393	93236757.5	152	93235646	93237869	"gene38311"
5	1105	500041365	152	500035640	500047090	"gene19656"
4	1392	481508740.5	152	481505921	481511560	"gene15826"
4	1107	475691660	152	475677274	475706046	"gene15801"
1	2421	924162467.5	153	924150157	924174778	"gene4762"
4	6651	477095959.5	153	477092756	477099163	"gene15815"
1	1102	673186673	153	673186337	673187009	"gene3552"
3	3666	10902098	154	10720492	11083704	"gene9282"
3	3482	489735097	154	489734696	489735498	"gene11432"
10	3393	293599830	154	293588631	293611029	"gene35839"
3	4811	254090587	154	254061316	254119858	"gene10488"
3	4385	345761410	154	345643824	345878996	"gene10829"
5	3142	667330408	154	667232598	667428218	"gene20521"
5	3142	673179352.5	154	673174107	673184598	"gene20538"
5	6201	673970409	154	673879372	674061446	"gene20542"
6	2293	455182492	155	455180871	455184113	"gene23226"
6	1912	452735026.5	155	452734368	452735685	"gene23214"
6	1912	452670117	155	452661445	452678789	"gene23213"
11	754	243150100	155	243149163	243151037	"gene38977"
6	754	340905050.5	155	340903937	340906164	"gene22602"
3	3343	378208125	156	378183949	378232301	"gene10943"
11	125	115189639	159	115174515	115204763	"gene38446"
11	1516	109656772.5	159	109535986	109777559	"gene38417"
11	1517	32540599	159	32517774	32563424	"gene37876"
2	1200	292352603.5	160	292342332	292362875	"gene6503"
2	5228	19738465.5	160	19735916	19741015	"gene5243"
2	5440	27013122	160	27005493	27020751	"gene5268"
2	5439	797390679.5	160	797384188	797397171	"gene8836"
2	5629	832636391	160	832633018	832639764	"gene9002"
3	5629	211428845	160	211416243	211441447	"gene10295"
5	5	68529878.5	162	68529293	68530464	"gene17655"
8	3997	647277422.5	163	647254524	647300321	"gene31161"
10	34	236688769	164	236666901	236710637	"gene35627"
7	499	179702645.5	164	179698063	179707228	"gene25408"
6	3079	439013497	164	439010859	439016135	"gene23172"
3	2000	273149146	165	273067717	273230575	"gene10550"
6	2510	186009243.5	165	185994496	186023991	"gene21900"
3	2327	272788464	166	272780584	272796344	"gene10547"
3	5467	284214187.5	166	284148657	284279718	"gene10578"
11	556	30342128	166	30338927	30345329	"gene37857"
11	2535	2158165	166	2154461	2161869	"gene37554"
6	1520	652647579	168	652635788	652659370	"gene24297"
3	4289	106451116.5	170	106446177	106456056	"gene9793"
3	1269	491960211.5	170	491959286	491961137	"gene11442"
4	3264	195231136.5	171	195212289	195249984	"gene14526"
4	4876	228222780	171	228049892	228395668	"gene14654"
7	2254	380218108	172	380213132	380223084	"gene26209"
7	2986	381617815	172	381613240	381622390	"gene26217"
7	4063	333803266	172	333778739	333827793	"gene26009"
7	2264	339769790.5	172	339767899	339771682	"gene26030"
7	2999	341840633.5	172	341815978	341865289	"gene26040"
7	207	342542893.5	172	342524646	342561141	"gene26042"
4	2022	314869082.5	173	314868881	314869284	"gene15078"
4	232	312598311	173	312597167	312599455	"gene15063"
4	13	29019181	173	28998113	29040249	"gene13610"
4	1988	315379421.5	173	315379174	315379669	"gene15082"
4	1988	315402488.5	173	315401749	315403228	"gene15083"
10	1525	563045050.5	174	563042352	563047749	"gene37070"
10	732	531457834.5	174	531453131	531462538	"gene36894"
10	958	217934363.5	175	217924716	217944011	"gene35532"
10	450	212270180	175	212268503	212271857	"gene35503"
1	376	369741011.5	175	369724349	369757674	"gene2093"
10	4830	45878290.5	176	45875373	45881208	"gene34676"
9	4394	414083804.5	177	414083318	414084291	"gene33161"
11	2340	2311628.5	177	2310523	2312734	"gene37557"
10	1412	476895652	178	476890659	476900645	"gene36612"
10	1411	531539260.5	178	531521982	531556539	"gene36897"
6	410	622475956	178	622475289	622476623	"gene24042"
6	1264	623801509.5	178	623737302	623865717	"gene24051"
2	3404	158003726.5	179	157996733	158010720	"gene5953"
2	1117	858216000	180	858212695	858219305	"gene9126"
1	320	926111020	181	926096717	926125323	"gene4776"
5	1927	498136619.5	181	498133353	498139886	"gene19648"
5	1927	492055766.5	181	492050910	492060623	"gene19612"
5	332	492244830	181	492226029	492263631	"gene19616"
4	1391	473326210	182	473313673	473338747	"gene15782"
10	572	111237993	184	111231957	111244029	"gene35071"
8	1455	161559099	185	161556695	161561503	"gene28722"
6	1798	88162167	187	88156923	88167411	"gene21366"
6	1797	89465865.5	187	89464942	89466789	"gene21374"
6	3056	14681705	187	14656312	14707098	"gene20792"
7	1704	237441145	188	237426930	237455360	"gene25627"
5	1627	518662754.5	192	518635231	518690278	"gene19715"
4	1000	425793429.5	193	425778843	425808016	"gene15559"
4	10136	565191194	193	565177874	565204514	"gene16364"
4	9461	559214900	193	559211832	559217968	"gene16340"
4	4330	599134529.5	193	599011979	599257080	"gene16565"
11	1408	28677813.5	193	28675855	28679772	"gene37844"
11	3967	75695610.5	193	75662092	75729129	"gene38175"
10	2851	531631069.5	194	531617162	531644977	"gene36899"
10	2119	530894107.5	194	530860454	530927761	"gene36887"
10	2119	530935449.5	194	530929203	530941696	"gene36889"
9	4832	424844158.5	197	424832200	424856117	"gene33201"
8	893	75674717	197	75673951	75675483	"gene28301"
8	893	76085883.5	197	76079822	76091945	"gene28311"
8	893	76050274	197	76047963	76052585	"gene28310"
9	1059	91201407.5	198	91194677	91208138	"gene31770"
9	5167	145039450	198	145037090	145041810	"gene32096"
8	5167	229043112.5	198	228998570	229087655	"gene29082"
9	1110	28808518	198	28803428	28813608	"gene31351"
8	4530	159691212	199	159690216	159692208	"gene28710"
4	142	322913416	200	322901249	322925583	"gene15121"
6	2846	488660766.5	202	488650240	488671293	"gene23390"
6	1418	600839349	202	600819999	600858699	"gene23918"
6	1418	602862352	202	602827261	602897443	"gene23932"
6	5437	624761075.5	202	624758937	624763214	"gene24057"
8	5437	95297670	202	95290085	95305255	"gene28391"
3	426	549991643	207	549991358	549991928	"gene11756"
8	1743	516703948	211	516701227	516706669	"gene30349"
8	185	512666962	211	512664235	512669689	"gene30315"
11	4611	24503476.5	213	24499589	24507364	"gene37806"
2	1772	853762756	213	853760210	853765302	"gene9099"
7	897	397528769.5	214	397512613	397544926	"gene26287"
1	5474	833236735	215	833235651	833237819	"gene4242"
8	2761	259176908.5	217	259170298	259183519	"gene29205"
4	2390	244976851.5	218	244909949	245043754	"gene14745"
3	2425	403086867	219	403079799	403093935	"gene11071"
9	1373	420156140.5	226	420107833	420204448	"gene33184"
4	2199	403853932.5	227	403845984	403861881	"gene15439"
1	6243	140530081.5	227	140528613	140531550	"gene721"
8	4417	495536499	231	495492700	495580298	"gene30199"
8	3677	497174741	231	497171834	497177648	"gene30208"
9	3677	633500136.5	231	633494741	633505532	"gene34287"
7	837	637104869.5	235	637078430	637131309	"gene27603"
11	3067	5235126.5	239	5234581	5235672	"gene37586"
8	2655	10346808.5	241	10219341	10474276	"gene27845"
11	5434	90229377	242	90209812	90248942	"gene38291"
7	3758	645980686	245	645979818	645981554	"gene27693"
7	2391	649833008.5	245	649793901	649872116	"gene27719"
3	5830	252769127	248	252754883	252783371	"gene10481"
