1	3450	387951635.5	0	387950322	387952949	"Gb_35793"
1	2859	921820821	0	921818962	921822680	"Gb_24464"
1	732	411777716.5	0	411745695	411809738	"Gb_17699"
6	215	452409731.5	0	452408615	452410848	"Gb_30295"
7	484	437930317	0	437860299	438000335	"Gb_04033"
9	2606	147639009	0	147582049	147695969	"Gb_18396"
11	2772	439070244.5	0	439007451	439133038	"Gb_39311"
2	2571	301962898.5	0	301850340	302075457	"Gb_19683"
1	1240	305233869	0	305109995	305357743	"Gb_26129"
10	1264	64034723.5	0	64007606	64061841	"Gb_04126"
11	1207	610640841.5	0	610515536	610766147	"Gb_21527"
3	1506	34342876.5	0	34341947	34343806	"Gb_21462"
6	2646	319165700	0	319050793	319280607	"Gb_16498"
6	2648	327024812.5	0	326999001	327050624	"Gb_13264"
3	2812	60957096.5	0	60774831	61139362	"Gb_24583"
3	372	74014618	0	74013710	74015526	"Gb_26458"
3	413	37087139	0	37085572	37088706	"Gb_08634"
2	1980	714300455.5	1	714289996	714310915	"Gb_30840"
8	234	649474109.5	1	649418555	649529664	"Gb_02875"
8	1986	408617634.5	1	408615376	408619893	"Gb_06380"
8	233	401863331	1	401862703	401863959	"Gb_06553"
8	1984	77770926	1	77609777	77932075	"Gb_25576"
2	2535	714153093.5	1	714151388	714154799	"Gb_30841"
2	1164	711461807	1	711458602	711465012	"Gb_08284"
2	4	577430918.5	1	577351626	577510211	"Gb_22434"
11	2377	472179855	1	472121440	472238270	"Gb_32360"
5	1122	427122204	1	427121234	427123174	"Gb_36556"
5	1153	429990723	1	429990295	429991151	"Gb_08422"
4	964	574173948	1	574172630	574175266	"Gb_37545"
11	964	152234429.5	1	152232774	152236085	"Gb_08624"
12	3760	65343083	1	65317618	65368548	"Gb_37370"
12	2331	222825259	1	222824146	222826372	"Gb_09260"
3	1544	476414262	1	476394589	476433935	"Gb_15393"
3	3536	470373402	1	470349694	470397110	"Gb_14095"
6	52	68273142.5	1	68272231	68274054	"Gb_30970"
6	1292	81070206.5	1	81027565	81112848	"Gb_38203"
3	555	116234602	2	116139861	116329343	"Gb_01425"
3	50	215449659.5	2	215448237	215451082	"Gb_33922"
4	3535	741314550	2	741313508	741315592	"Gb_29276"
2	561	539180599	2	539147559	539213639	"Gb_05693"
2	5	568806277.5	2	568781970	568830585	"Gb_31246"
2	2002	569788149	2	569786252	569790046	"Gb_17580"
7	5467	350472133.5	2	350470362	350473905	"Gb_28170"
1	3519	746934875.5	2	746932515	746937236	"Gb_02594"
12	2589	624631103	2	624568275	624693931	"Gb_29233"
4	2642	715009165.5	2	714839701	715178630	"Gb_26366"
4	3981	715623331.5	2	715621309	715625354	"Gb_26371"
2	3300	191392377	2	191358258	191426496	"Gb_34276"
9	1773	61306784.5	2	61294590	61318979	"Gb_14317"
11	3485	85551180	2	85547729	85554631	"Gb_07831"
11	5629	68440863	2	68439816	68441910	"Gb_27847"
7	5629	487972895.5	2	487928140	488017651	"Gb_15677"
11	5439	73473265.5	2	73446823	73499708	"Gb_33600"
12	1201	155618147.5	2	155617356	155618939	"Gb_08535"
9	563	416082886.5	2	416019773	416146000	"Gb_36463"
2	1378	143875410	2	143769392	143981428	"Gb_07456"
2	1378	136571148	2	136461294	136681002	"Gb_21986"
11	1362	277016533.5	2	277016072	277016995	"Gb_27774"
4	2718	162724343	3	162723676	162725010	"Gb_20132"
5	3160	347443463	3	347431918	347455008	"Gb_27511"
4	2981	78059736	3	77993517	78125955	"Gb_21290"
4	1741	80953525	3	80953030	80954020	"Gb_21286"
4	1648	94621805	3	94481690	94761920	"Gb_13304"
4	1647	364917989	3	364888761	364947217	"Gb_21904"
7	1647	218508168.5	3	218479798	218536539	"Gb_13217"
7	2339	262061530.5	3	262058938	262064123	"Gb_02476"
8	553	61031530.5	3	61023678	61039383	"Gb_25760"
8	2527	19569494	3	19561429	19577559	"Gb_00630"
3	3359	323608691.5	3	323475480	323741903	"Gb_07736"
2	2350	559525620.5	3	559523537	559527704	"Gb_18335"
5	545	729476273	3	729423822	729528724	"Gb_16690"
7	548	129751855.5	3	129734551	129769160	"Gb_16853"
3	1154	487565597.5	3	487540400	487590795	"Gb_16103"
3	572	619114442.5	3	619112952	619115933	"Gb_02066"
12	985	36482314	3	36481554	36483074	"Gb_01609"
12	1169	180024230	3	179890949	180157511	"Gb_25229"
12	1169	192915233.5	3	192844227	192986240	"Gb_10012"
4	6558	2158907	4	2149616	2168198	"Gb_28188"
10	2728	610920074.5	4	610918915	610921234	"Gb_05057"
4	2728	80265102.5	4	80264679	80265526	"Gb_21296"
6	1097	328609888.5	4	328573963	328645814	"Gb_39590"
6	2459	329680173.5	4	329677978	329682369	"Gb_41257"
6	1369	331076731.5	4	331072381	331081082	"Gb_02180"
6	1381	331373941.5	4	331373160	331374723	"Gb_02182"
6	1368	332991909.5	4	332820437	333163382	"Gb_39400"
1	284	1013480828	4	1013479065	1013482591	"Gb_34064"
1	2423	1017253650.5	4	1017147273	1017360028	"Gb_09254"
11	352	626333512	4	626332394	626334630	"Gb_09634"
2	1208	509390741.5	4	509389743	509391740	"Gb_02773"
2	5094	514558040	4	514557292	514558788	"Gb_15293"
4	3976	716135458	4	716134459	716136457	"Gb_15752"
2	2584	182207102.5	4	182074162	182340043	"Gb_12284"
11	1219	92804604.5	4	92803862	92805347	"Gb_17224"
11	1220	92113979	4	91807362	92420596	"Gb_12187"
11	6642	280893090	5	280605516	281180664	"Gb_31209"
1	4667	786993765.5	5	786965983	787021548	"Gb_02314"
8	2933	106263145.5	5	106241027	106285264	"Gb_09060"
8	2355	687700361	5	687627951	687772771	"Gb_05732"
3	45	560202606	5	560128439	560276773	"Gb_17543"
3	45	559133889.5	5	559014503	559253276	"Gb_08623"
3	2038	560312698	5	560311137	560314259	"Gb_17544"
8	18	396297007.5	5	396295715	396298300	"Gb_03331"
8	2024	685774308	5	685547768	686000848	"Gb_00397"
8	232	385473384.5	5	385410875	385535894	"Gb_21359"
8	13	454265626	5	454228259	454302993	"Gb_30667"
8	1988	381618328.5	5	381618074	381618583	"Gb_37616"
8	2516	699597913	5	699597294	699598532	"Gb_14501"
4	2013	495058106.5	5	495057269	495058944	"Gb_05394"
9	847	666355056	5	666110371	666599741	"Gb_39788"
8	3833	392213589	5	392183671	392243507	"Gb_11299"
8	4335	659833913	5	659829361	659838465	"Gb_32183"
1	3677	565415952.5	5	565414298	565417607	"Gb_38936"
9	3677	690819641.5	5	690817044	690822239	"Gb_38139"
5	3677	59525541.5	5	59520099	59530984	"Gb_14191"
9	3677	21407329.5	5	21313127	21501532	"Gb_30584"
2	2049	135421020.5	5	135418967	135423074	"Gb_41222"
9	6964	43550813.5	5	43549269	43552358	"Gb_34627"
8	4279	20973649.5	6	20970825	20976474	"Gb_06391"
7	827	596108432	6	596107836	596109028	"Gb_06170"
8	4238	661313095.5	6	661311313	661314878	"Gb_35631"
7	4238	304461267	6	304459064	304463470	"Gb_02099"
7	4562	299986030	6	299984405	299987655	"Gb_22399"
1	1301	837522003	6	837519443	837524563	"Gb_13916"
1	4183	833738870.5	6	833736433	833741308	"Gb_17288"
1	3637	846380282	6	846303560	846457004	"Gb_13536"
1	5631	851031264	6	851005080	851057448	"Gb_17179"
1	6388	854982377.5	6	854947304	855017451	"Gb_15001"
1	3911	787329779	6	787267476	787392082	"Gb_02313"
1	3653	789112758.5	6	788991229	789234288	"Gb_16686"
1	2199	789900664.5	6	789826697	789974632	"Gb_35388"
1	2199	792255315.5	6	792127584	792383047	"Gb_14931"
6	2199	132242625.5	6	132228529	132256722	"Gb_21713"
3	77	204816857.5	6	204815845	204817870	"Gb_31913"
3	78	212112796.5	6	212109740	212115853	"Gb_07955"
3	78	215051339	6	215017242	215085436	"Gb_33925"
3	2070	203935320	6	203783206	204087434	"Gb_31910"
3	3573	202043937.5	6	201938685	202149190	"Gb_28617"
3	4976	30713649	7	30712985	30714313	"Gb_36453"
3	3974	28601715	7	28600305	28603125	"Gb_28753"
3	1504	21106988	7	21105563	21108413	"Gb_38610"
3	1490	37480443.5	7	37432332	37528555	"Gb_05609"
3	2838	38598807.5	7	38586817	38610798	"Gb_11068"
3	373	66794909	7	66793921	66795897	"Gb_04261"
3	373	72721308	7	72677637	72764979	"Gb_05092"
3	1254	74742143.5	7	74729364	74754923	"Gb_26474"
3	369	17587881	7	17586118	17589644	"Gb_00664"
10	4298	79561091.5	7	79501716	79620467	"Gb_38316"
10	410	77763421	7	77669841	77857001	"Gb_28463"
6	341	173498129.5	7	173368076	173628183	"Gb_03680"
1	341	652664447.5	7	652663411	652665484	"Gb_14719"
10	1588	268162169.5	7	268149990	268174349	"Gb_29333"
12	969	230744077.5	7	230608521	230879634	"Gb_09913"
7	960	30319285	7	30306990	30331580	"Gb_35164"
7	960	25188510.5	7	25185456	25191565	"Gb_26323"
7	474	51592459	7	51538265	51646653	"Gb_27449"
7	254	3962769	7	3961009	3964529	"Gb_08344"
3	2953	492048225	7	492008877	492087573	"Gb_40802"
3	958	497502474.5	7	497488912	497516037	"Gb_11480"
3	1621	500137918.5	7	500106004	500169833	"Gb_19268"
3	1783	500795015	7	500630258	500959772	"Gb_19277"
1	759	481576391	8	481574997	481577785	"Gb_36301"
2	3609	651189540	8	651082749	651296331	"Gb_17412"
2	1516	15471399.5	8	15310193	15632606	"Gb_21177"
2	1947	2948964	8	2873271	3024657	"Gb_29796"
2	125	5847414.5	8	5773898	5920931	"Gb_34494"
8	1931	533033978	8	532854773	533213183	"Gb_37120"
8	1931	534582563.5	8	534578582	534586545	"Gb_26114"
8	1930	585390978.5	8	585327569	585454388	"Gb_41150"
8	4773	360619380.5	8	360480114	360758647	"Gb_15088"
2	4774	562276071	8	562164221	562387921	"Gb_40028"
4	7644	657585747.5	8	657585046	657586449	"Gb_06474"
4	3618	661174268.5	8	661173440	661175097	"Gb_01297"
2	2872	551692054	8	551667813	551716295	"Gb_18297"
2	5141	495244383.5	8	495242270	495246497	"Gb_38601"
11	2152	314719416.5	8	314719043	314719790	"Gb_38276"
2	5618	648754566	9	648753731	648755401	"Gb_22882"
2	4492	652036605.5	9	651849676	652223535	"Gb_39080"
2	8604	768650267	9	768632973	768667561	"Gb_28216"
4	1915	352257044.5	9	352255978	352258111	"Gb_05440"
5	2255	378186178.5	9	377930627	378441730	"Gb_29835"
5	169	373526016	9	373523366	373528666	"Gb_40282"
5	1714	358253561	9	358229272	358277850	"Gb_20442"
5	1897	360379315	9	360376265	360382365	"Gb_16343"
5	3168	657132308.5	9	657088172	657176445	"Gb_39361"
6	4063	418091433	9	417930922	418251944	"Gb_32393"
6	8776	372153828.5	9	372152682	372154975	"Gb_24978"
6	2984	441758997.5	9	441652986	441865009	"Gb_15943"
6	2999	409857740.5	9	409839746	409875735	"Gb_00983"
6	2264	408630601.5	9	408628926	408632277	"Gb_35321"
9	211	667990019.5	9	667898478	668081561	"Gb_10239"
9	183	665773040.5	9	665770277	665775804	"Gb_39786"
9	181	620646540	9	620639180	620653900	"Gb_04365"
5	181	372195935.5	9	372195745	372196126	"Gb_24331"
9	2220	616294553.5	9	616265442	616323665	"Gb_00318"
6	3672	317436710	9	317436176	317437244	"Gb_16502"
6	3671	314458149	9	314457200	314459098	"Gb_15662"
6	3670	319763628	9	319711790	319815466	"Gb_16496"
6	3886	315866780.5	9	315866339	315867222	"Gb_41795"
6	3885	310061466.5	9	310057305	310065628	"Gb_25602"
6	560	316213046	9	316066540	316359552	"Gb_41794"
6	9474	77056221.5	9	76973136	77139307	"Gb_33079"
2	855	301411030.5	10	301399469	301422592	"Gb_25382"
2	854	301147883	10	301037529	301258237	"Gb_25378"
2	347	302827079.5	10	302826987	302827172	"Gb_02813"
6	3193	359203888.5	10	359201773	359206004	"Gb_20474"
6	3203	373928022	10	373926694	373929350	"Gb_03851"
6	1872	389452593.5	10	389215015	389690172	"Gb_30357"
3	79	310585986	11	310585066	310586906	"Gb_34416"
3	3943	354678756.5	11	354677122	354680391	"Gb_09370"
4	3904	269335365.5	11	269316417	269354314	"Gb_31163"
3	1338	206699772	11	206691960	206707584	"Gb_36938"
3	2090	362037063	11	362013178	362060948	"Gb_29854"
11	3654	635931656.5	11	635776028	636087285	"Gb_23138"
1	3295	841005929	11	841005305	841006553	"Gb_01971"
1	6648	839832036	11	839831357	839832715	"Gb_24348"
5	3289	432712949	11	432707324	432718574	"Gb_24881"
7	1300	266744521	11	266678498	266810544	"Gb_26778"
8	5779	56021168	11	56020448	56021888	"Gb_30517"
8	5757	55572722	11	55571655	55573789	"Gb_30519"
8	2695	43438357	11	43399999	43476715	"Gb_18459"
8	1309	40954924.5	11	40953239	40956610	"Gb_37343"
8	5656	101812440	11	101809012	101815868	"Gb_30785"
9	2903	500156531	12	500061295	500251767	"Gb_06587"
3	1026	340891834	12	340890403	340893265	"Gb_21078"
9	1821	503452841.5	12	503452474	503453209	"Gb_39963"
8	2932	112357738	12	112356448	112359028	"Gb_32351"
6	3227	416236542.5	12	416230021	416243064	"Gb_15447"
4	185	431543365.5	12	431543252	431543479	"Gb_30691"
9	185	670338559	12	670334504	670342614	"Gb_07921"
9	1743	668733695.5	12	668731591	668735800	"Gb_01245"
9	2971	609688282	12	609637786	609738778	"Gb_24020"
9	3480	613208100	12	613183922	613232278	"Gb_34755"
4	915	435973213.5	12	435970690	435975737	"Gb_00678"
2	4840	683729208.5	13	683728522	683729895	"Gb_22585"
2	4242	685737463	13	685627417	685847509	"Gb_07655"
2	3959	684644128	13	684642977	684645279	"Gb_07654"
2	2757	688842762	13	688804627	688880897	"Gb_26435"
2	2753	715630721.5	13	715608732	715652711	"Gb_33346"
10	4082	272375458.5	13	272374137	272376780	"Gb_20058"
10	3079	276100355.5	13	276032590	276168121	"Gb_16393"
10	2402	267649646	13	267619504	267679788	"Gb_29331"
8	460	394201836	13	394201098	394202574	"Gb_01723"
5	1635	504827279.5	13	504826962	504827597	"Gb_41078"
5	471	471443395.5	13	471434948	471451843	"Gb_22686"
5	2912	584111731	13	583986212	584237250	"Gb_06147"
5	1568	614824258.5	13	614776501	614872016	"Gb_28897"
5	1183	630803108.5	13	630802935	630803282	"Gb_30325"
5	1766	533860920	13	533858455	533863385	"Gb_23910"
8	1024	330589602.5	13	330544632	330634573	"Gb_13248"
5	2914	538718843.5	13	538717781	538719906	"Gb_32072"
8	1791	479575894.5	13	479575136	479576653	"Gb_23856"
8	3733	677881798.5	14	677881224	677882373	"Gb_14193"
9	11	237195	14	224371	250019	"Gb_40879"
5	1360	373919470.5	14	373918773	373920168	"Gb_40293"
4	297	214844621	14	214842014	214847228	"Gb_38457"
5	3786	210172409	14	210042835	210301983	"Gb_31695"
10	2740	620496468	14	620493451	620499485	"Gb_17099"
4	2740	15149132	14	15147814	15150450	"Gb_38847"
2	2740	351751979	14	351749792	351754166	"Gb_07512"
5	2743	711891055	14	711889593	711892517	"Gb_21242"
5	2745	715849447.5	14	715849226	715849669	"Gb_23756"
5	2467	212268831	14	212224937	212312725	"Gb_15276"
5	2431	217248411.5	14	217112737	217384086	"Gb_10222"
6	2998	408378311	15	408377276	408379346	"Gb_35331"
6	3204	362848635	15	362847453	362849817	"Gb_34051"
4	1919	282144583	15	282144198	282144968	"Gb_21938"
3	1919	21060869.5	15	21060106	21061633	"Gb_38604"
5	1627	220650234	15	220618161	220682307	"Gb_02116"
3	1636	256841692.5	15	256750347	256933038	"Gb_35918"
8	1767	476125081.5	15	476123461	476126702	"Gb_38343"
8	256	660393665	15	660393016	660394314	"Gb_32966"
8	1012	651646970.5	15	651556442	651737499	"Gb_27991"
8	1610	650125331.5	15	650027912	650222751	"Gb_02879"
8	1567	594516701.5	15	594506637	594526766	"Gb_30916"
8	2323	567461875.5	15	567460759	567462992	"Gb_23954"
8	2323	567458234	15	567453704	567462764	"Gb_23950"
12	2323	496959360	15	496902886	497015834	"Gb_17396"
5	2316	625921625	15	625918521	625924729	"Gb_21223"
6	1704	457518378.5	16	457301345	457735412	"Gb_29192"
7	505	30820039.5	16	30819559	30820520	"Gb_31193"
6	505	477572363.5	16	477571726	477573001	"Gb_12907"
6	897	358062764	16	358039869	358085659	"Gb_20472"
7	3179	633482058	16	633363573	633600543	"Gb_07123"
10	901	648616998	16	648615237	648618759	"Gb_03470"
10	3183	450208891.5	16	449975125	450442658	"Gb_29099"
10	3000	663960690.5	16	663960013	663961368	"Gb_06879"
10	4873	197359077	16	197358950	197359204	"Gb_00525"
10	1835	604671371.5	16	604491841	604850902	"Gb_04448"
10	1835	601893991.5	16	601777347	602010636	"Gb_06563"
10	1924	604200077	16	604198446	604201708	"Gb_06451"
10	168	630103929.5	16	630093243	630114616	"Gb_07909"
10	899	687019990	16	686968788	687071192	"Gb_21766"
10	899	679245996	16	679188180	679303812	"Gb_39694"
5	2269	650475767	17	650289774	650661760	"Gb_12386"
5	2270	645873074	17	645872887	645873261	"Gb_15345"
5	170	378534295	17	378533215	378535375	"Gb_29824"
5	1917	383424645	17	383253205	383596085	"Gb_33676"
5	894	219163256.5	17	219159020	219167493	"Gb_10224"
4	219	199314802	17	199313177	199316427	"Gb_38352"
4	4132	360280820	17	360279913	360281727	"Gb_37901"
4	497	95550918.5	17	95541907	95559930	"Gb_11567"
5	2982	358982165.5	17	358979629	358984702	"Gb_04016"
5	959	344437478	17	344430312	344444644	"Gb_05868"
7	3077	36944348	17	36943825	36944871	"Gb_02451"
7	376	51397491	17	51369969	51425013	"Gb_27448"
3	448	489035337.5	17	489034363	489036312	"Gb_16516"
11	448	165437655.5	17	165434147	165441164	"Gb_36524"
3	450	494231421.5	17	494229751	494233092	"Gb_26660"
3	2944	496327001.5	17	496279921	496374082	"Gb_11848"
10	1563	676045775	17	676027334	676064216	"Gb_41423"
9	435	535398657	17	535397885	535399429	"Gb_02796"
8	2022	382480411.5	17	382416502	382544321	"Gb_05096"
9	3110	448117215	17	448016937	448217493	"Gb_03347"
1	1697	NA	18	1092236182	1092238286	"Gb_23230"
1	1841	1060986573.5	18	1060961124	1061012023	"Gb_23374"
5	1842	19573972	18	19514238	19633706	"Gb_24378"
5	10176	17068466.5	18	17066134	17070799	"Gb_40426"
5	1661	15203146.5	18	15202992	15203301	"Gb_41000"
5	2298	12863181	18	12766117	12960245	"Gb_08572"
5	851	11423877.5	18	11394989	11452766	"Gb_07669"
5	852	7878481	18	7823313	7933649	"Gb_14708"
5	5335	170179538.5	18	170179398	170179679	"Gb_31613"
5	1926	175616599.5	18	175528898	175704301	"Gb_09981"
1	3206	991133421	18	991065329	991201513	"Gb_00559"
1	4320	1010333880	18	1010325128	1010342632	"Gb_13915"
4	905	750736674	18	750653562	750819786	"Gb_00552"
4	914	703085062.5	18	703083874	703086251	"Gb_36830"
4	858	734157246.5	18	734090025	734224468	"Gb_26916"
4	873	734971792.5	18	734971434	734972151	"Gb_26913"
1	3356	246854905	18	246808003	246901807	"Gb_13422"
5	1893	111550899	18	111530498	111571300	"Gb_04916"
1	871	NA	18	1128314885	1128439708	"Gb_17059"
1	872	79751481	18	79749750	79753212	"Gb_09601"
1	1923	61468348	18	61371346	61565350	"Gb_09312"
12	1136	566220003	19	566118283	566321723	"Gb_41703"
12	2371	569277223	19	569276715	569277731	"Gb_30730"
12	2371	569208332.5	19	569207780	569208885	"Gb_30731"
7	31	563718577	19	563717412	563719742	"Gb_27566"
7	236	566861891.5	19	566857979	566865804	"Gb_12518"
7	2538	568282710	19	568062059	568503361	"Gb_13298"
11	237	49498929.5	19	49497667	49500192	"Gb_17724"
1	237	769538095.5	19	769536689	769539502	"Gb_36720"
4	1127	503906443	19	503854424	503958462	"Gb_31787"
12	5945	206283320	19	206259552	206307088	"Gb_30788"
12	1149	214724752	19	214629325	214820179	"Gb_33239"
12	2495	216424555	19	216381734	216467376	"Gb_33235"
3	1977	443685279.5	19	443672117	443698442	"Gb_40890"
4	1977	500249887.5	19	500210100	500289675	"Gb_03500"
4	34	504576391	19	504509223	504643559	"Gb_31962"
3	34	478293382	19	478292178	478294586	"Gb_35495"
3	34	478249998	19	478248621	478251375	"Gb_35494"
2	2328	576948100.5	19	576946955	576949246	"Gb_22435"
5	1171	54659601	19	54524015	54795187	"Gb_19844"
3	2510	316941495.5	19	316896753	316986238	"Gb_07780"
6	2967	293286918	20	292975453	293598383	"Gb_29405"
6	2966	286481475.5	20	286481144	286481807	"Gb_35902"
9	4282	454624762.5	20	454513024	454736501	"Gb_11109"
10	1562	633264500	20	633073974	633455026	"Gb_24172"
3	1782	498827996	20	498827608	498828384	"Gb_19266"
5	2901	617054693	20	617051529	617057857	"Gb_05803"
10	2898	278914178.5	20	278912703	278915654	"Gb_20119"
10	462	277693538	20	277693031	277694045	"Gb_20116"
9	3067	181711460.5	20	181710571	181712350	"Gb_23711"
2	3067	726459112.5	20	726458543	726459682	"Gb_22367"
5	3470	48353762	21	48294598	48412926	"Gb_39721"
5	4028	39838760.5	21	39803274	39874247	"Gb_20640"
4	2942	623310844.5	21	623189028	623432661	"Gb_32562"
6	1553	54449688.5	21	54448470	54450907	"Gb_23674"
3	1857	468711593.5	21	468705357	468717830	"Gb_39263"
3	3233	519957969.5	21	519845973	520069966	"Gb_36362"
3	3472	522598215	21	522597047	522599383	"Gb_11507"
7	3472	192067992.5	21	192066839	192069146	"Gb_05835"
3	1673	513953624	21	513941991	513965257	"Gb_40444"
9	4577	696953386.5	22	696951765	696955008	"Gb_02895"
2	2340	715152453	22	715150352	715154554	"Gb_30839"
11	4519	55864844	22	55863462	55866226	"Gb_38092"
11	1139	56032434.5	22	56030084	56034785	"Gb_38099"
2	2048	144522473	22	144519822	144525124	"Gb_07458"
2	543	235531747	22	235388398	235675096	"Gb_20817"
9	2053	48587186.5	22	48570811	48603562	"Gb_12290"
9	2053	40762189	22	40761798	40762580	"Gb_26712"
7	618	267029762.5	22	267029079	267030446	"Gb_26781"
7	1989	575781618.5	22	575778465	575784772	"Gb_20289"
7	1989	636371392	22	636368913	636373871	"Gb_40156"
8	3817	50571856.5	22	50504660	50639053	"Gb_14335"
6	406	177412730	23	177412366	177413094	"Gb_16245"
5	2776	321491733.5	23	321457780	321525687	"Gb_11002"
10	1416	158122093	23	158118950	158125236	"Gb_08295"
10	3438	162687270	23	162686972	162687568	"Gb_09118"
10	1282	161532713	23	161402974	161662452	"Gb_22465"
4	1455	62157789.5	23	62077397	62238182	"Gb_38344"
1	1889	NA	24	1083756834	1083760061	"Gb_19167"
1	4824	NA	24	1085223596	1085382985	"Gb_04225"
5	853	172061911.5	24	171991338	172132485	"Gb_07028"
1	6666	979712802	24	979617404	979808200	"Gb_23256"
4	199	704776273.5	24	704775202	704777345	"Gb_36815"
4	1693	736557071	24	736360922	736753220	"Gb_27551"
4	2232	732544090	24	732427190	732660990	"Gb_19378"
4	2232	728271948	24	728159668	728384228	"Gb_22177"
4	1692	740911621	24	740884716	740938526	"Gb_10526"
4	1733	734632267.5	24	734631972	734632563	"Gb_26920"
4	1882	737291532.5	24	737266950	737316115	"Gb_27557"
4	875	746980404.5	24	746979777	746981032	"Gb_22642"
4	859	746884214	24	746843154	746925274	"Gb_22633"
4	1659	747632207.5	24	747631825	747632590	"Gb_22644"
11	160	634340056.5	24	634329017	634351096	"Gb_04992"
4	160	753149331.5	24	753112746	753185917	"Gb_32202"
1	876	1016787494	24	1016625799	1016949189	"Gb_36309"
1	2266	1004553255.5	24	1004314504	1004792007	"Gb_37830"
5	1927	176727177	24	176713041	176741313	"Gb_10139"
5	1927	173698826.5	24	173696825	173700828	"Gb_07029"
5	6651	23710166.5	24	23705006	23715327	"Gb_19081"
5	5645	25323179	24	25322341	25324017	"Gb_29459"
1	320	136054016.5	24	136050599	136057434	"Gb_21879"
4	6404	276738566.5	24	276737418	276739715	"Gb_22526"
1	1845	175033719.5	25	174904343	175163096	"Gb_23346"
5	203	91942257	25	91927002	91957512	"Gb_02549"
10	881	694906964	25	694905110	694908818	"Gb_19850"
10	2296	648013697.5	25	648005687	648021708	"Gb_03465"
9	900	23934213.5	25	23917307	23951120	"Gb_04106"
10	900	644339176	25	644319422	644358930	"Gb_37967"
10	1657	692500719	25	692473201	692528237	"Gb_30711"
10	917	659433890.5	25	659432940	659434841	"Gb_14423"
10	1749	661303763	25	661280736	661326790	"Gb_14413"
6	1748	363843706	25	363841201	363846211	"Gb_36688"
10	1748	670898186	25	670850358	670946014	"Gb_03781"
6	167	631491825.5	25	631490692	631492959	"Gb_29764"
12	2588	623512830.5	25	623511554	623514107	"Gb_24417"
12	4206	328362770	25	328280947	328444593	"Gb_11524"
12	1958	326578507	25	326578216	326578798	"Gb_10580"
12	1958	146397134.5	25	146394751	146399518	"Gb_01952"
12	5228	156166585.5	25	156164850	156168321	"Gb_08547"
12	6855	103129079.5	25	103127790	103130369	"Gb_40006"
12	1198	104433886	25	104313878	104553894	"Gb_22046"
7	2327	338840987.5	26	338654378	339027597	"Gb_19065"
7	2000	339717858.5	26	339691692	339744025	"Gb_28147"
7	2367	120578835.5	26	120507643	120650028	"Gb_26182"
3	2491	475378363	26	475376406	475380320	"Gb_16180"
12	550	218520099	26	218379596	218660602	"Gb_30141"
12	1170	67524894.5	26	67523225	67526564	"Gb_39222"
12	1170	64148834	26	64147337	64150331	"Gb_18565"
11	975	150704123.5	26	150702854	150705393	"Gb_24697"
9	3685	196325638.5	27	196286320	196364957	"Gb_35057"
10	3104	263387945.5	27	263316102	263459789	"Gb_31542"
10	2948	278326049.5	27	278324590	278327509	"Gb_20118"
10	2949	274385253.5	27	274384381	274386126	"Gb_20061"
7	5768	34585375.5	27	34429011	34741740	"Gb_19876"
11	1078	273178163	27	273066997	273289329	"Gb_13772"
2	5559	628219246.5	27	628218723	628219770	"Gb_11396"
11	1961	78151321	27	78150813	78151829	"Gb_03362"
1	110	504294878.5	27	504292788	504296969	"Gb_09464"
1	2852	408330528.5	27	408251174	408409883	"Gb_20375"
12	1826	557800671.5	28	557745497	557855846	"Gb_41012"
5	1793	518628512	28	518618117	518638907	"Gb_05845"
5	5655	495456735.5	28	495455597	495457874	"Gb_19321"
10	1739	57600377.5	28	57599278	57601477	"Gb_36016"
10	1709	48770973	28	48770487	48771459	"Gb_37714"
4	1085	435645632	29	435635819	435655445	"Gb_00676"
9	205	28323323.5	29	28321803	28324844	"Gb_41126"
4	1359	178237011	29	178236713	178237309	"Gb_08754"
4	1359	175355437	29	175226594	175484280	"Gb_16383"
4	1073	183096194.5	29	183095491	183096898	"Gb_23518"
10	1072	211414773.5	29	211370417	211459130	"Gb_36316"
4	1072	202368845.5	29	202289059	202448632	"Gb_08354"
5	1404	663116695.5	29	663104864	663128527	"Gb_05634"
5	3368	363216160	29	362977180	363455140	"Gb_35553"
5	2480	374266551	29	374127934	374405168	"Gb_40287"
5	2473	205715510.5	29	205714249	205716772	"Gb_14858"
6	848	600310107	30	600251601	600368613	"Gb_19472"
10	1838	677355391.5	30	677226765	677484018	"Gb_08675"
10	1839	690013249	30	690011917	690014581	"Gb_37263"
10	3188	692747428	30	692624974	692869882	"Gb_30710"
10	1840	693204542.5	30	693204202	693204883	"Gb_30700"
1	902	182031309.5	30	182030340	182032279	"Gb_05943"
10	2439	661012905	31	661012431	661013379	"Gb_14430"
10	2439	660660375.5	31	660659806	660660945	"Gb_14428"
10	3953	544685628.5	31	544631080	544740177	"Gb_25336"
5	1403	659754805	31	659753622	659755988	"Gb_33996"
5	1115	366084499	31	366063291	366105707	"Gb_34283"
5	1095	377058394.5	31	377037766	377079023	"Gb_11489"
4	2766	174540872.5	31	174519081	174562664	"Gb_16386"
10	2766	204564984	31	204545272	204584696	"Gb_00708"
10	1121	439408697.5	31	439407264	439410131	"Gb_20189"
2	1537	448707427	32	448677990	448736864	"Gb_09808"
2	1537	446625594.5	32	446623818	446627371	"Gb_09800"
11	3340	548809245.5	32	548808476	548810015	"Gb_19102"
12	1483	561266367.5	32	561202606	561330129	"Gb_03735"
2	743	444199233	32	444183673	444214793	"Gb_00154"
2	773	545542542.5	32	545541284	545543801	"Gb_27949"
3	4269	95645634	32	95636010	95655258	"Gb_35196"
2	4269	446018703.5	32	446015350	446022057	"Gb_40860"
2	1538	445465178.5	32	445465026	445465331	"Gb_40856"
2	2870	445124828.5	32	445119711	445129946	"Gb_01078"
2	2873	552324635.5	32	552264762	552384509	"Gb_18285"
4	2874	652475526	32	652444304	652506748	"Gb_20939"
8	3547	73849240.5	33	73846958	73851523	"Gb_12375"
11	2047	469524642	33	469448346	469600938	"Gb_32681"
11	939	474349019.5	33	474335316	474362723	"Gb_30659"
1	567	756578794	33	756577992	756579596	"Gb_04185"
7	568	686388309	33	686380660	686395958	"Gb_12530"
7	762	31267699.5	34	31266876	31268523	"Gb_24788"
1	4159	349375866.5	34	349293476	349458257	"Gb_07340"
1	1524	377844246	34	377743051	377945441	"Gb_10258"
9	4345	697180157.5	35	697180011	697180304	"Gb_22852"
7	1093	77526528.5	35	77525606	77527451	"Gb_06747"
7	2177	77270213.5	35	77268966	77271461	"Gb_23149"
5	2177	452734861	35	452733478	452736244	"Gb_15789"
7	3639	7941979.5	35	7931455	7952504	"Gb_23817"
7	4182	85985486.5	35	85881574	86089399	"Gb_00257"
3	815	683927252	35	683926131	683928373	"Gb_02122"
3	1333	698444442	35	698442467	698446417	"Gb_18225"
3	1334	702024742	35	702023226	702026258	"Gb_06063"
3	667	351440596	35	351271346	351609846	"Gb_18863"
3	667	305942169	35	305939716	305944622	"Gb_14221"
5	1809	600316461.5	36	600314906	600318017	"Gb_15614"
5	1809	576280385	36	576065124	576495646	"Gb_13934"
5	3108	572137277	36	572132793	572141761	"Gb_39640"
12	269	556270355.5	36	556269212	556271499	"Gb_36988"
5	1828	492920958.5	36	492758776	493083141	"Gb_10855"
8	459	386332378.5	36	386136021	386528736	"Gb_21365"
2	2305	727003227.5	36	726902955	727103500	"Gb_16992"
9	2305	180724681.5	36	180658606	180790757	"Gb_01914"
9	2305	169670644	36	169657958	169683330	"Gb_08270"
10	2891	597532005.5	36	597530713	597533298	"Gb_13644"
10	2891	173521568.5	36	173520495	173522642	"Gb_32252"
9	2891	178634149	36	178633002	178635296	"Gb_13966"
3	455	559540011.5	36	559505714	559574309	"Gb_03319"
10	2279	260397457	37	260376148	260418766	"Gb_35127"
10	6787	260925480.5	37	260924894	260926067	"Gb_14069"
10	1912	333827246.5	37	333709202	333945291	"Gb_35635"
10	1862	401974116.5	37	401973297	401974936	"Gb_09559"
10	3357	413751378	37	413728305	413774451	"Gb_08629"
10	1710	49221043.5	37	49143042	49299045	"Gb_37710"
10	2293	335619080	37	335618113	335620047	"Gb_33421"
10	187	250735353.5	37	250686164	250784543	"Gb_18500"
10	186	291717378	37	291715983	291718773	"Gb_02161"
10	6106	291311689	37	291310989	291312389	"Gb_04720"
6	192	409954317	38	409950955	409957679	"Gb_30339"
6	3228	411680533.5	38	411680333	411680734	"Gb_07788"
6	490	442733934	38	442731847	442736021	"Gb_15945"
6	2249	445051748.5	38	445049784	445053713	"Gb_19359"
6	2254	386936069	38	386921813	386950325	"Gb_21994"
6	2986	384823181.5	38	384823009	384823354	"Gb_41507"
6	1928	358731719	38	358730041	358733397	"Gb_20459"
4	3205	218568878	38	218566712	218571044	"Gb_23602"
12	37	41769171.5	39	41744872	41793471	"Gb_09752"
10	3935	478160195	39	477975588	478344802	"Gb_19582"
10	1358	488082239.5	39	488066924	488097555	"Gb_37362"
3	1351	408222749.5	39	408222304	408223195	"Gb_26428"
3	1351	423873532	39	423873122	423873942	"Gb_28134"
3	143	412924495.5	39	412787214	413061777	"Gb_33318"
3	3571	350411375.5	39	350411067	350411684	"Gb_04504"
3	3944	370264085	39	370262281	370265889	"Gb_08519"
1	3914	NA	39	1126534182	1126678561	"Gb_20476"
1	681	103536982	39	103347365	103726599	"Gb_03820"
4	2655	256842197.5	40	256787387	256897008	"Gb_06578"
4	4392	37378109.5	40	37377714	37378505	"Gb_38558"
4	1528	248694163.5	40	248693798	248694529	"Gb_08187"
6	1277	32877803	40	32831681	32923925	"Gb_14520"
6	4394	48570684.5	40	48536203	48605166	"Gb_14322"
6	1276	45058367	40	45056622	45060112	"Gb_16825"
12	3899	51013168	40	51011274	51015062	"Gb_34864"
12	1199	97170017	40	97128296	97211738	"Gb_27516"
5	145	111090976.5	41	111089896	111092057	"Gb_04915"
3	2663	367919143	41	367918761	367919525	"Gb_34331"
3	2663	365641921	41	365502835	365781007	"Gb_11756"
3	6443	342316499	41	342315213	342317785	"Gb_03399"
3	142	370598274.5	41	370596327	370600222	"Gb_08517"
8	142	376599207	41	376539564	376658850	"Gb_02292"
1	2191	145626053	41	145593654	145658452	"Gb_13280"
1	687	195416874.5	41	195345815	195487934	"Gb_08784"
1	3574	180137878.5	41	180137623	180138134	"Gb_24081"
1	2105	92850181	41	92847881	92852481	"Gb_07444"
8	2960	587425685.5	42	587424384	587426987	"Gb_41153"
3	2664	362305595	42	362303317	362307873	"Gb_29860"
3	2665	362704020.5	42	362670469	362737572	"Gb_29856"
8	2210	342947483.5	42	342920570	342974397	"Gb_28994"
8	1532	347206298	42	347205648	347206948	"Gb_21220"
3	690	565364086	42	565334501	565393671	"Gb_06480"
9	657	508432541	42	508431829	508433253	"Gb_00481"
5	3545	474800089	43	474677654	474922524	"Gb_24145"
5	22	466449471.5	43	466448575	466450368	"Gb_30742"
5	2559	457976393	43	457975879	457976907	"Gb_12162"
10	1020	58891939	43	58855577	58928301	"Gb_40272"
10	28	51476127.5	43	51258185	51694070	"Gb_15844"
7	621	122042390	43	122041028	122043752	"Gb_26177"
7	2530	267916683	43	267788265	268045101	"Gb_34536"
5	3509	52050693	44	51840080	52261306	"Gb_03413"
11	3126	626728497	45	626688441	626768553	"Gb_09642"
11	1754	627174945	45	627172996	627176894	"Gb_09644"
9	2570	139087383.5	45	139086702	139088065	"Gb_27051"
1	1959	651678737	46	651633839	651723635	"Gb_14739"
10	6190	101632184	46	101631684	101632684	"Gb_15934"
10	2785	93700550.5	46	93698122	93702979	"Gb_41470"
1	1412	435088207	46	435084580	435091834	"Gb_04306"
1	1411	411074181.5	46	411071505	411076858	"Gb_36850"
10	2827	102458230.5	46	102457686	102458775	"Gb_30901"
1	1964	651166767	46	651164226	651169308	"Gb_14741"
1	418	657285956.5	46	657200833	657371080	"Gb_13237"
1	2791	307835156	46	307808157	307862155	"Gb_37388"
4	6414	476222716.5	46	476217283	476228150	"Gb_04922"
4	6414	482014895	46	482012295	482017495	"Gb_31983"
11	1117	35752687	47	35721102	35784272	"Gb_15747"
2	5636	98797544.5	47	98782891	98812198	"Gb_05917"
2	1389	102465947.5	47	102444010	102487885	"Gb_34800"
3	1379	518191276.5	47	518189714	518192839	"Gb_04017"
2	5539	141060937.5	47	141060510	141061365	"Gb_23309"
2	5539	236024951.5	47	236024445	236025458	"Gb_20818"
2	5434	135123230.5	47	135006186	135240275	"Gb_41219"
2	7587	231010269.5	47	230764000	231256539	"Gb_21332"
2	565	133190135	47	133150666	133229604	"Gb_29004"
3	150	655424175.5	48	655423204	655425147	"Gb_30482"
11	150	133005559.5	48	132973366	133037753	"Gb_33416"
3	1345	622093568	48	622092892	622094244	"Gb_10897"
9	1339	107600331	48	107592549	107608113	"Gb_09687"
3	4875	697870056	48	697869470	697870642	"Gb_10627"
3	4180	678245225	48	678244063	678246387	"Gb_30928"
7	3288	5870866	48	5870377	5871355	"Gb_11854"
7	3287	11935616	48	11879113	11992119	"Gb_25885"
7	817	79594952.5	48	79594189	79595716	"Gb_03673"
7	817	80062809.5	48	80061523	80064096	"Gb_37555"
7	819	70710358.5	48	70708811	70711906	"Gb_24319"
2	701	108035770.5	49	108033918	108037623	"Gb_14813"
2	4009	104790171	49	104789896	104790446	"Gb_11616"
1	761	913456889.5	49	913456661	913457118	"Gb_19603"
1	766	526561100.5	49	526317501	526804700	"Gb_29661"
1	3244	514026003.5	49	514021540	514030467	"Gb_24669"
1	2119	415245218	49	415223765	415266671	"Gb_20792"
1	6426	354103616.5	49	354103058	354104175	"Gb_11930"
1	72	NA	50	1127299564	1127300732	"Gb_07785"
1	71	149014741.5	50	149013488	149015995	"Gb_01745"
1	144	NA	50	1128004617	1128028519	"Gb_17071"
1	1173	851808936	50	851808202	851809670	"Gb_17189"
1	997	798292090	50	798230869	798353311	"Gb_07483"
5	997	549648641.5	50	549647649	549649634	"Gb_31684"
8	1932	458863487.5	51	458814894	458912081	"Gb_34077"
8	3264	526411919.5	51	526364897	526458942	"Gb_18269"
8	1531	514446735	51	514445570	514447900	"Gb_38052"
8	789	518002234	51	517972525	518031943	"Gb_16450"
4	3784	259498768	51	259466933	259530603	"Gb_06580"
8	1308	42790558.5	52	42790146	42790971	"Gb_18452"
8	1308	106788742	52	106700014	106877470	"Gb_32230"
8	613	21984659.5	52	21984375	21984944	"Gb_30879"
7	798	298560598	52	298559538	298561658	"Gb_29428"
1	2709	839286279	52	839285051	839287507	"Gb_24342"
1	2709	831112225	52	831024048	831200402	"Gb_40232"
1	2709	834564112.5	52	834561644	834566581	"Gb_17897"
7	3347	595006537	52	595006053	595007021	"Gb_10725"
8	5124	44741370	52	44709017	44773723	"Gb_10167"
8	1310	38753924.5	52	38751786	38756063	"Gb_07382"
8	1311	45443697.5	52	45301483	45585912	"Gb_01387"
8	1312	51579854.5	52	51495667	51664042	"Gb_17876"
8	4293	50919918	52	50916615	50923221	"Gb_14334"
1	1493	926268890	53	926121556	926416224	"Gb_23465"
3	96	488950579.5	53	488942049	488959110	"Gb_16511"
3	2869	516710219	53	516554916	516865522	"Gb_14386"
12	6966	106959943.5	54	106958606	106961281	"Gb_29033"
12	6574	89267366	54	89242256	89292476	"Gb_12059"
4	398	146857901.5	54	146857336	146858467	"Gb_05672"
10	398	69041700.5	54	69040617	69042784	"Gb_10245"
2	1364	101989160.5	55	101985502	101992819	"Gb_11589"
2	1374	96405031.5	55	96402042	96408021	"Gb_04397"
7	1374	524727717.5	55	524727472	524727963	"Gb_24628"
7	1876	288377433	55	288370880	288383986	"Gb_30396"
6	3239	526145255.5	55	526143771	526146740	"Gb_18690"
2	3477	280197263	55	280173325	280221201	"Gb_40581"
10	503	341985102	55	341984537	341985667	"Gb_32340"
3	176	5950859	55	5950225	5951493	"Gb_40693"
10	176	344927425	55	344915929	344938921	"Gb_25567"
10	504	351666878.5	55	351666100	351667657	"Gb_25406"
10	1672	414224761	55	414136720	414312802	"Gb_08627"
12	2519	359732497.5	56	359730600	359734395	"Gb_40501"
3	1856	474730756	56	474727793	474733719	"Gb_16184"
8	2565	64680620.5	57	64662767	64698474	"Gb_26018"
8	2392	17002833.5	57	16939508	17066159	"Gb_16628"
8	2392	15648253	57	15645844	15650662	"Gb_03809"
8	999	69964790.5	57	69769398	70160183	"Gb_22256"
8	612	18538353	57	18493133	18583573	"Gb_40603"
7	5457	432470296	57	432469652	432470940	"Gb_08685"
7	3365	433768218	57	433716987	433819449	"Gb_23600"
8	3	390111619.5	57	390110316	390112923	"Gb_29741"
2	1150	142573393	58	142562055	142584731	"Gb_15362"
2	1393	144640907.5	58	144636386	144645429	"Gb_07455"
5	5990	11889037	58	11888571	11889503	"Gb_08577"
12	5990	27388493.5	58	27387761	27389226	"Gb_29632"
10	1363	661519252	58	661452961	661585543	"Gb_14414"
10	1074	432489117.5	58	432381262	432596973	"Gb_18649"
10	1400	548230424	58	548217002	548243846	"Gb_33378"
11	2040	550946053.5	59	550838508	551053599	"Gb_10986"
1	1053	346749832.5	59	346745538	346754127	"Gb_40480"
10	1033	459793541	59	459766919	459820163	"Gb_00177"
11	1033	9592235	59	9590543	9593927	"Gb_21846"
11	1060	45560547	59	45559672	45561422	"Gb_00233"
11	6505	49365383.5	59	49364801	49365966	"Gb_22164"
1	4761	598447714	60	598371088	598524340	"Gb_10689"
1	1036	345365153.5	60	345219951	345510356	"Gb_40471"
1	1036	348718331.5	60	348716950	348719713	"Gb_21668"
3	128	517482747.5	61	517449484	517516011	"Gb_14388"
5	534	506471841	61	506459112	506484570	"Gb_06607"
5	1004	508668058	61	508548422	508787694	"Gb_00308"
5	57	517400470	61	517340576	517460364	"Gb_05860"
5	933	441136694.5	61	441075033	441198356	"Gb_29434"
5	3516	728495831.5	61	728494101	728497562	"Gb_22696"
5	1745	112349703	62	112285568	112413838	"Gb_04912"
1	1881	220657077.5	62	220655932	220658223	"Gb_10452"
1	5193	237710584.5	62	237709628	237711541	"Gb_25472"
3	90	288632195.5	63	288614452	288649939	"Gb_26843"
3	675	351979105.5	63	351976622	351981589	"Gb_18862"
3	665	311493163	63	311489626	311496700	"Gb_03688"
8	2390	590776854	64	590774300	590779408	"Gb_29566"
8	2390	567678829.5	64	567602989	567754670	"Gb_23951"
8	945	548643060.5	64	548641613	548644508	"Gb_26152"
5	1014	718916444.5	64	718914857	718918032	"Gb_24098"
5	6483	720706090	64	720704270	720707910	"Gb_35737"
5	1794	607422935	64	607208653	607637217	"Gb_39516"
5	1810	606493780.5	64	606352927	606634634	"Gb_30260"
5	1634	606169997	64	606105229	606234765	"Gb_30255"
8	3058	30625950.5	65	30624754	30627147	"Gb_08801"
3	3107	398160265.5	65	398158530	398162001	"Gb_39365"
9	7867	123194262	65	123191393	123197131	"Gb_15997"
3	7867	62401543.5	65	62377089	62425998	"Gb_16015"
3	155	64278313	65	64231164	64325462	"Gb_11317"
3	1795	65273368.5	65	65271524	65275213	"Gb_33642"
3	2313	65501057.5	65	65404693	65597422	"Gb_33641"
3	3056	66416410.5	65	66272803	66560018	"Gb_04260"
3	258	52886441	65	52837067	52935815	"Gb_15309"
3	1797	52136197.5	65	52135085	52137310	"Gb_08690"
3	5773	396194636.5	65	396190792	396198481	"Gb_21740"
1	3248	930475051	66	930300884	930649218	"Gb_41462"
7	3256	29343709.5	66	29343035	29344384	"Gb_36064"
10	1280	143619648.5	67	143579985	143659312	"Gb_18614"
5	1546	249783774.5	67	249664761	249902788	"Gb_40667"
12	8672	176058942.5	67	176055367	176062518	"Gb_10640"
12	1131	171387454.5	67	171134368	171640541	"Gb_13142"
11	4236	358180062.5	68	358178027	358182098	"Gb_11963"
7	4236	416732409	68	416731156	416733662	"Gb_35746"
1	3400	467508976	68	467474534	467543418	"Gb_06092"
5	5806	597231689.5	68	597231340	597232039	"Gb_41226"
5	6250	443240566	68	443166334	443314798	"Gb_26617"
5	221	500592650	68	500534601	500650699	"Gb_01736"
10	227	338942026.5	69	338938906	338945147	"Gb_21263"
1	1142	793917255.5	69	793822150	794012361	"Gb_36147"
1	224	852051198	69	852049815	852052581	"Gb_17190"
2	224	382334852	69	382332874	382336830	"Gb_28585"
1	3362	766576024	69	766511875	766640173	"Gb_27390"
5	3364	567459187	69	567301378	567616996	"Gb_05040"
5	21	470061387.5	69	470060790	470061985	"Gb_22682"
5	67	487042096.5	69	486919870	487164323	"Gb_05422"
10	1625	255026814	70	255025948	255027680	"Gb_11676"
5	4022	46758660	70	46758164	46759156	"Gb_39727"
5	3469	40283136.5	70	40245717	40320556	"Gb_17521"
5	3469	40625518.5	70	40624920	40626117	"Gb_30113"
5	931	619296347	71	619296031	619296663	"Gb_28410"
5	2063	616517205.5	71	616515881	616518530	"Gb_10893"
5	636	615084865.5	71	615082714	615087017	"Gb_10890"
5	636	542199369.5	71	542196153	542202586	"Gb_32037"
5	636	542305893	71	542304893	542306893	"Gb_32058"
1	636	725660782.5	71	725659521	725662044	"Gb_13338"
5	9461	538400274	71	538399550	538400998	"Gb_32074"
1	615	825655838.5	71	825654695	825656982	"Gb_24708"
5	5662	611183598.5	71	611133431	611233766	"Gb_02140"
5	930	621306444.5	71	621303419	621309470	"Gb_32409"
5	1000	533121721.5	71	532938097	533305346	"Gb_23906"
1	1018	826002902.5	71	826002333	826003472	"Gb_16313"
5	5483	621892028	71	621788688	621995368	"Gb_32407"
5	5482	557089822	71	557089134	557090510	"Gb_23258"
5	5716	541681503	71	541678588	541684418	"Gb_32064"
1	1350	846636766	71	846636234	846637298	"Gb_32002"
6	1045	26156178.5	73	26070143	26242214	"Gb_06822"
1	2421	131250676	73	131108504	131392848	"Gb_09656"
5	1391	18292584.5	73	18290731	18294438	"Gb_24383"
5	1392	5150239.5	73	5148154	5152325	"Gb_10773"
1	2460	983528894	73	983526987	983530801	"Gb_29928"
1	1061	991416019	73	991415386	991416652	"Gb_00565"
1	311	998093033.5	73	997985230	998200837	"Gb_35139"
1	2730	1017828345	73	1017794961	1017861729	"Gb_36626"
1	1396	1014805653.5	73	1014767507	1014843800	"Gb_06758"
1	2731	105747865	73	105746389	105749341	"Gb_21027"
10	2731	146508161	73	146506369	146509953	"Gb_26728"
4	624	525359655.5	74	525358339	525360972	"Gb_29211"
8	950	13422827.5	74	13406148	13439507	"Gb_06010"
8	2391	13870842.5	74	13778290	13963395	"Gb_06011"
8	801	16285919.5	74	16283845	16287994	"Gb_16632"
3	812	308876040	75	308840262	308911818	"Gb_34888"
3	2089	356010150.5	75	356005299	356015002	"Gb_21315"
3	3908	304153180.5	75	304082686	304223675	"Gb_25171"
3	666	309870125	75	309869384	309870866	"Gb_34406"
3	8846	311820922.5	75	311820393	311821452	"Gb_03689"
1	3778	384315322	76	384122040	384508604	"Gb_15026"
1	1041	381034409.5	76	380996320	381072499	"Gb_15023"
1	1054	347396925.5	76	347230761	347563090	"Gb_39825"
1	725	350488130.5	76	350487298	350488963	"Gb_01398"
1	1035	327933255.5	76	327932944	327933567	"Gb_34842"
1	1035	328038881.5	76	328038736	328039027	"Gb_34841"
1	3370	331097924.5	76	331059912	331135937	"Gb_17809"
5	1382	198022662.5	77	197953716	198091609	"Gb_35656"
4	288	16205769	77	16203406	16208132	"Gb_30131"
3	5714	79323616.5	78	79278374	79368859	"Gb_40699"
3	6731	72106480	78	72105520	72107440	"Gb_12699"
8	266	31101942	78	31101170	31102714	"Gb_08805"
3	1798	45101932.5	78	45098555	45105310	"Gb_25795"
3	3055	63728811.5	78	63726891	63730732	"Gb_11314"
3	3055	63914616.5	78	63913963	63915270	"Gb_11319"
3	5342	59998103	78	59997510	59998696	"Gb_11139"
3	10129	27752070	78	27751877	27752263	"Gb_35973"
3	9172	23431614	78	23399103	23464125	"Gb_19769"
10	1059	649970266	79	649969356	649971176	"Gb_40949"
10	1658	642916420.5	79	642914085	642918756	"Gb_38929"
10	1658	645052894.5	79	644816374	645289415	"Gb_37969"
10	8724	644476185.5	79	644474500	644477871	"Gb_37968"
5	1107	22537103.5	79	22468391	22605816	"Gb_19077"
5	332	177027581.5	79	176943084	177112079	"Gb_10140"
5	1105	180870294.5	79	180869602	180870987	"Gb_34533"
9	1589	500628120	80	500561223	500695017	"Gb_32245"
3	5012	343165765	80	343164154	343167376	"Gb_03397"
9	436	533477091	80	533474770	533479412	"Gb_39850"
10	1820	623269519	80	623178563	623360475	"Gb_33072"
3	449	497096293.5	80	497095843	497096744	"Gb_33038"
12	886	87519034	81	87438094	87599974	"Gb_12056"
12	792	85218172	81	85216836	85219508	"Gb_39683"
12	2146	615224333.5	81	615113605	615335062	"Gb_10370"
12	3454	618589155	81	618512712	618665598	"Gb_12619"
12	3454	618350591.5	81	618349941	618351242	"Gb_12627"
12	4249	625227758	81	625226095	625229421	"Gb_29224"
12	5588	625396036	81	625372486	625419586	"Gb_29230"
9	5588	506985721.5	81	506983756	506987687	"Gb_00487"
4	893	126966388	82	126965118	126967658	"Gb_00702"
4	893	128418209.5	82	128417758	128418661	"Gb_00686"
4	893	128379144	82	128378814	128379474	"Gb_00687"
4	892	116968902	82	116966098	116971706	"Gb_26958"
4	1898	228283699	82	228270473	228296925	"Gb_20609"
3	1869	514274238.5	82	514273216	514275261	"Gb_40445"
11	1869	167690187	82	167688768	167691606	"Gb_31981"
7	1869	193525674.5	82	193524288	193527061	"Gb_37149"
3	5112	513863933.5	82	513863694	513864173	"Gb_40443"
3	6623	472485476	82	472476316	472494636	"Gb_24062"
7	4129	528251442	82	528169470	528333414	"Gb_26979"
12	6713	628137168.5	83	628136443	628137894	"Gb_36093"
12	5524	625650462	83	625649936	625650988	"Gb_29220"
12	2147	615009248.5	83	615008602	615009895	"Gb_10372"
2	3597	381358089	83	381354553	381361625	"Gb_15884"
4	2166	661828402	83	661787856	661868948	"Gb_01303"
2	5462	532832573.5	83	532711123	532954024	"Gb_08869"
10	754	393218814.5	84	393217394	393220235	"Gb_11996"
1	754	916671138.5	84	916669894	916672383	"Gb_34637"
6	746	521893096.5	84	521767614	522018579	"Gb_13615"
6	1494	539385631.5	84	539381820	539389443	"Gb_25776"
6	6983	588692588	85	588691722	588693454	"Gb_08724"
12	6983	168812477.5	85	168812136	168812819	"Gb_00520"
6	1463	585347126.5	85	585301537	585392716	"Gb_13018"
1	2127	347995995	86	347995465	347996525	"Gb_09983"
8	1297	568000931.5	86	567996641	568005222	"Gb_23956"
12	3404	55480882	86	55479951	55481813	"Gb_11245"
12	1214	98277395.5	86	98245179	98309612	"Gb_17271"
5	2138	159894337.5	87	159894038	159894637	"Gb_29842"
5	2138	161422057	87	161421791	161422323	"Gb_15834"
5	2138	160226770.5	87	160225750	160227791	"Gb_28915"
12	771	546000732.5	87	545775319	546226146	"Gb_29521"
12	719	542900280.5	87	542898188	542902373	"Gb_40051"
6	527	189911336.5	87	189910665	189912008	"Gb_13584"
11	527	319576879.5	87	319574543	319579216	"Gb_09524"
11	527	546501058.5	87	546498575	546503542	"Gb_26338"
11	120	320820525	87	320758588	320882462	"Gb_09525"
11	120	546155610.5	87	546072106	546239115	"Gb_06732"
10	228	59821191	88	59748638	59893744	"Gb_33904"
4	5473	531657065	88	531655936	531658194	"Gb_03263"
9	1904	425419113.5	89	425418736	425419491	"Gb_35180"
5	427	51083552.5	89	50943264	51223841	"Gb_30820"
9	4114	198675937.5	89	198605024	198746851	"Gb_35220"
5	8	442375770.5	90	442374242	442377299	"Gb_06534"
1	981	752116623.5	90	752056657	752176590	"Gb_38019"
1	957	772510741	90	772412095	772609387	"Gb_38660"
1	957	770872267.5	90	770697195	771047340	"Gb_39888"
2	4842	363163954.5	90	363161869	363166040	"Gb_09698"
6	499	531521028	91	531518768	531523288	"Gb_31076"
7	3017	288962178.5	91	288961550	288962807	"Gb_30399"
6	582	56193959	92	56192951	56194967	"Gb_32897"
2	556	683455655.5	92	683450822	683460489	"Gb_20888"
11	32	465130005	92	465068802	465191208	"Gb_02899"
9	4311	415804211	93	415778676	415829746	"Gb_36462"
11	3293	182240101	93	182236739	182243463	"Gb_40126"
9	1951	200379949	93	200379253	200380645	"Gb_21922"
7	1212	428887702.5	94	428885812	428889593	"Gb_08809"
7	1212	206562271.5	94	206561489	206563054	"Gb_30433"
7	1269	219974077	94	219973148	219975006	"Gb_36979"
7	3878	239139543	94	239045456	239233630	"Gb_22473"
7	840	240397640.5	94	240360025	240435256	"Gb_02960"
7	5541	723981867	94	723981436	723982298	"Gb_03039"
7	5541	724135253.5	94	724100151	724170356	"Gb_03040"
7	3666	715670472	94	715541356	715799588	"Gb_12825"
7	795	239786241.5	94	239652142	239920341	"Gb_01940"
5	3680	363631868.5	95	363612601	363651136	"Gb_35557"
3	3089	159411804	95	159334830	159488778	"Gb_08881"
9	3997	702502804.5	95	702443785	702561824	"Gb_16961"
6	3998	422785166.5	95	422783409	422786924	"Gb_02888"
3	1571	395983496	95	395925433	396041559	"Gb_21741"
3	1574	60504473.5	95	60501994	60506953	"Gb_38761"
3	6745	62826296	95	62675867	62976725	"Gb_16012"
3	10845	81970606	95	81854344	82086868	"Gb_36960"
1	1087	1008720830	96	1008690591	1008751069	"Gb_41055"
4	2737	173402368	96	173250676	173554060	"Gb_29950"
6	5451	328283451	96	328282793	328284109	"Gb_13152"
4	1083	84295917.5	96	84167112	84424723	"Gb_01625"
4	10137	79670750.5	96	79669751	79671750	"Gb_21284"
1	10137	838360215.5	96	838359002	838361429	"Gb_11732"
3	153	707570210.5	97	707569075	707571346	"Gb_09499"
7	3408	9738338.5	97	9735094	9741583	"Gb_40551"
7	3923	12803716.5	97	12803193	12804240	"Gb_25879"
2	1266	502699777	98	502622943	502776611	"Gb_16350"
4	1266	277023030.5	98	276980299	277065762	"Gb_22523"
4	2732	248809393.5	98	248733765	248885022	"Gb_08188"
4	3384	36206491	98	36128868	36284114	"Gb_05546"
1	5465	729126532	99	729125655	729127409	"Gb_13354"
5	5465	543141198	99	543139449	543142947	"Gb_32056"
3	3632	619719876	100	619714692	619725060	"Gb_22844"
3	1344	642515950.5	100	642515539	642516362	"Gb_10031"
2	154	471142222.5	100	471141971	471142474	"Gb_30618"
3	154	709272545	100	709272361	709272729	"Gb_10402"
3	1346	656838426.5	100	656633678	657043175	"Gb_29280"
3	3581	309180920	100	309178947	309182893	"Gb_34884"
3	1325	351032373.5	100	350940336	351124411	"Gb_00928"
8	1469	453499696	101	453440346	453559046	"Gb_31563"
8	4360	336694653.5	101	336463594	336925713	"Gb_37508"
8	4783	349630931	101	349507153	349754709	"Gb_19912"
7	3414	401000573	102	400998979	401002167	"Gb_00947"
7	5984	394748896	102	394745832	394751960	"Gb_10619"
4	87	750251678.5	104	750236897	750266460	"Gb_00553"
5	623	469162915.5	107	469154247	469171584	"Gb_27784"
5	535	512908076.5	107	512859802	512956351	"Gb_06458"
5	1002	733830009.5	107	733823042	733836977	"Gb_21676"
5	2066	532545036	107	532526131	532563941	"Gb_23909"
5	4330	548171623.5	107	548171392	548171855	"Gb_07999"
4	253	231210056.5	109	231205965	231214148	"Gb_22699"
7	467	25595269	109	25591138	25599400	"Gb_14049"
7	467	27407141	109	27407041	27407241	"Gb_22838"
7	464	31938303.5	109	31935786	31940821	"Gb_30641"
5	464	624888013	109	624855647	624920379	"Gb_21227"
7	10977	36095210.5	109	36094741	36095680	"Gb_02443"
9	1816	62352371	111	62334755	62369987	"Gb_14318"
10	3453	162869843.5	111	162868427	162871260	"Gb_09121"
10	6593	160778596	111	160667529	160889663	"Gb_22027"
10	2846	148616163	111	148524544	148707782	"Gb_23733"
10	1723	220762535	112	220762141	220762929	"Gb_06443"
6	849	604540570.5	112	604520584	604560557	"Gb_16099"
3	4227	353895420.5	113	353893277	353897564	"Gb_09366"
10	1221	672445149	113	672444815	672445483	"Gb_11191"
10	1221	112977830.5	113	112977495	112978166	"Gb_30976"
10	6742	103572811	113	103536556	103609066	"Gb_30890"
11	1772	5729358	114	5605147	5853569	"Gb_30378"
12	5440	147781450.5	114	147772796	147790105	"Gb_01968"
6	1272	205856641.5	115	205776624	205936659	"Gb_07886"
2	1939	605441330	116	605397635	605485025	"Gb_18524"
2	4142	295916249	117	295914390	295918108	"Gb_32866"
2	4310	303202636.5	117	303037277	303367996	"Gb_02814"
4	4530	58329199	118	58328084	58330314	"Gb_16675"
3	265	60020042	119	60017431	60022653	"Gb_11136"
3	2927	398514180	119	398512503	398515857	"Gb_39379"
10	5664	140896425	120	140896187	140896663	"Gb_18611"
4	5664	161145688	120	161145489	161145887	"Gb_11359"
4	5481	161149323.5	120	161149132	161149515	"Gb_11360"
4	5479	161110444	120	161108379	161112509	"Gb_20142"
2	4869	339198714	121	339196358	339201070	"Gb_04568"
2	5927	335927572.5	121	335926847	335928298	"Gb_32987"
2	5720	348869692	121	348865131	348874253	"Gb_13621"
2	6071	352848771.5	121	352848078	352849465	"Gb_00416"
2	6473	339002764	121	338997302	339008226	"Gb_04569"
10	1222	141078870.5	122	141078391	141079350	"Gb_18605"
10	2576	65276563.5	122	65264605	65288522	"Gb_04127"
10	6405	62586463	122	62563648	62609278	"Gb_35844"
4	1237	129382230.5	122	129380051	129384410	"Gb_07245"
10	1237	63661233	122	63659421	63663045	"Gb_04141"
10	1237	140177369.5	122	140177217	140177522	"Gb_27211"
10	8619	66331576.5	122	66328599	66334554	"Gb_04135"
10	2720	343687931.5	125	343639539	343736324	"Gb_06339"
1	631	766830747.5	126	766801434	766860061	"Gb_27396"
1	1713	984125519	126	984075530	984175508	"Gb_32348"
5	1696	173543604	126	173542678	173544530	"Gb_07025"
5	1695	176112938	126	176081179	176144697	"Gb_11203"
6	752	673804216.5	127	673803494	673804939	"Gb_37354"
6	1502	502402576.5	127	502402105	502403048	"Gb_12095"
8	255	171059356	128	171018070	171100642	"Gb_33908"
4	2417	3625640.5	129	3624835	3626446	"Gb_11407"
4	2413	25588259.5	129	25587791	25588728	"Gb_17317"
4	2414	24053719.5	129	24009834	24097605	"Gb_23571"
4	1082	77617308	129	77616590	77618026	"Gb_21289"
5	1082	71014217	129	70987059	71041375	"Gb_07092"
4	2761	303263280	130	303261187	303265373	"Gb_10055"
4	3774	302421024.5	130	302419898	302422151	"Gb_10050"
4	3426	352477933.5	130	352476705	352479162	"Gb_05441"
10	303	606270737	130	606267761	606273713	"Gb_18035"
4	303	84824754	130	84823661	84825847	"Gb_38819"
4	2274	304417196.5	130	304406957	304427436	"Gb_28735"
2	940	532366063.5	131	532364489	532367638	"Gb_24488"
3	940	673065927	131	673059511	673072343	"Gb_05418"
2	1486	535359472	131	535320079	535398865	"Gb_02704"
2	713	531992750.5	131	531838948	532146553	"Gb_24495"
2	713	540642851.5	131	540586515	540699188	"Gb_38396"
12	6999	582690341	131	582662015	582718667	"Gb_39897"
4	6576	699855105	132	699854279	699855931	"Gb_01642"
7	610	577117518	133	577059714	577175322	"Gb_34910"
2	610	550325013	133	550323750	550326276	"Gb_18293"
7	552	577508867	133	577374764	577642970	"Gb_34913"
8	3758	16650729.5	133	16650277	16651182	"Gb_16625"
8	3644	18053192	133	18051932	18054452	"Gb_02908"
8	3644	17842958	133	17842463	17843453	"Gb_02909"
8	3741	64467005.5	133	64465100	64468911	"Gb_26012"
1	1395	1015568617.5	134	1015567904	1015569331	"Gb_17008"
7	2425	319262049.5	134	319260381	319263718	"Gb_24008"
1	1052	345790122.5	135	345750677	345829568	"Gb_40475"
6	1052	24794705.5	135	24793082	24796329	"Gb_38130"
3	1764	279313892	136	279284016	279343768	"Gb_00228"
3	274	274319569.5	136	274304172	274334967	"Gb_37894"
11	8838	634524871	137	634523350	634526392	"Gb_04994"
11	6170	634776724	137	634704314	634849134	"Gb_04997"
2	2445	622310574	138	622263831	622357317	"Gb_18841"
2	1468	672477327	139	672407462	672547192	"Gb_18677"
2	1517	670548427	139	670408114	670688740	"Gb_11945"
8	2115	634270412.5	139	634127590	634413235	"Gb_28479"
8	2111	530268417	139	530179719	530357115	"Gb_16157"
8	3250	337371235.5	139	337188394	337554077	"Gb_37507"
8	992	380536698	140	380536294	380537102	"Gb_37623"
8	991	678512206.5	140	678511277	678513136	"Gb_17416"
10	1656	595622832.5	141	595318408	595927257	"Gb_21411"
3	551	744853049	142	744840992	744865106	"Gb_26640"
3	641	742515775	142	742313601	742717949	"Gb_03750"
4	2084	701374265	144	701238210	701510320	"Gb_08986"
4	86	744417429.5	144	744416104	744418755	"Gb_11117"
4	2678	751441817	144	751348592	751535042	"Gb_00550"
3	2001	686497216.5	145	686386272	686608161	"Gb_23882"
3	638	747334483.5	145	747328711	747340256	"Gb_01152"
3	638	747390891.5	145	747390634	747391149	"Gb_01150"
8	1940	579399210.5	145	579398410	579400011	"Gb_27091"
6	5485	52128791.5	147	52126774	52130809	"Gb_17555"
6	395	45383293.5	147	45380313	45386274	"Gb_16815"
1	4243	832466026	148	832465728	832466324	"Gb_23592"
2	6263	375558752.5	148	375557391	375560114	"Gb_41333"
1	6263	854725481	148	854723955	854727007	"Gb_15002"
6	4832	26531527	149	26528503	26534551	"Gb_06821"
4	1477	248473485	149	248472682	248474288	"Gb_08186"
6	1285	32555143.5	149	32501047	32609240	"Gb_00666"
9	1447	333907911	150	333897350	333918472	"Gb_29159"
2	1447	339944279.5	150	339926611	339961948	"Gb_37034"
2	716	445703660.5	151	445701134	445706187	"Gb_40858"
5	137	157720103.5	151	157719553	157720654	"Gb_29844"
2	1397	98338873.5	154	98323038	98354709	"Gb_29957"
2	4603	661139626	154	661138453	661140799	"Gb_17403"
10	2934	256155639	157	256119291	256191987	"Gb_24528"
10	1946	501350176.5	160	501349488	501350865	"Gb_14125"
8	1946	349976507	160	349974952	349978062	"Gb_34034"
8	3284	548495317.5	160	548495002	548495633	"Gb_26150"
9	276	21010913.5	161	21010010	21011817	"Gb_30583"
4	277	229408430.5	161	229407066	229409795	"Gb_18943"
7	4810	212220404.5	162	212219164	212221645	"Gb_36297"
7	794	367131927.5	162	367057379	367206476	"Gb_16302"
7	3343	428390129.5	162	428340900	428439359	"Gb_30577"
7	4235	425636847	162	425540019	425733675	"Gb_40341"
7	8341	362978997	162	362948922	363009072	"Gb_25569"
9	3714	187035916.5	163	187033912	187037921	"Gb_04102"
9	4582	595088436.5	166	595002471	595174402	"Gb_28125"
9	2243	630977759.5	166	630973593	630981926	"Gb_01241"
2	706	14070302	168	13943358	14197246	"Gb_26889"
2	1515	661530897	168	661501621	661560173	"Gb_00971"
2	737	659930722	168	659907263	659954181	"Gb_17044"
8	837	32826666.5	169	32788272	32865061	"Gb_32128"
9	837	467800049	169	467796840	467803258	"Gb_08617"
8	836	35577244	169	35527037	35627451	"Gb_09954"
10	5168	636117023.5	172	636115392	636118655	"Gb_12687"
2	5884	124218812	174	124165463	124272161	"Gb_21166"
8	1089	219261449	174	219259442	219263456	"Gb_39303"
2	1089	120857633.5	174	120856014	120859253	"Gb_11104"
2	3388	143229027	174	143117619	143340435	"Gb_15365"
1	1550	867174572.5	175	867172868	867176277	"Gb_31218"
9	4244	273598708	176	273560191	273637225	"Gb_22666"
9	3591	261955618	178	261940113	261971123	"Gb_13388"
9	9258	455567885	178	455527616	455608154	"Gb_35799"
10	3355	295483193.5	179	295372041	295594346	"Gb_32692"
11	4687	287810289	180	287809539	287811039	"Gb_19132"
2	4304	356977990	181	356768954	357187026	"Gb_17171"
2	4868	349448305	181	349368870	349527740	"Gb_13624"
3	4512	635042504	182	634942816	635142192	"Gb_25943"
1	5474	243985487	183	243984794	243986180	"Gb_13434"
8	5657	104094450.5	184	103955133	104233768	"Gb_06265"
8	4276	44997793	184	44997149	44998437	"Gb_01389"
8	4276	45145893	184	45145407	45146379	"Gb_01388"
8	5522	51362461	184	51360676	51364246	"Gb_17874"
8	5521	9120842	184	9117138	9124546	"Gb_32213"
8	6013	8636699.5	184	8564838	8708561	"Gb_40058"
8	5792	6657842	184	6601579	6714105	"Gb_12275"
4	3809	110974622	185	110973953	110975291	"Gb_40146"
4	1084	85824674	185	85805685	85843663	"Gb_38815"
10	2759	594638301	185	594486659	594789943	"Gb_27798"
1	617	661774567.5	186	661697761	661851374	"Gb_14475"
5	632	418418012	186	418373871	418462153	"Gb_03562"
5	1612	476420853	186	476212168	476629538	"Gb_24146"
3	1008	285569007	187	285529061	285608953	"Gb_40711"
10	1569	445924683.5	187	445923313	445926054	"Gb_06928"
3	1569	250475542	187	250388702	250562382	"Gb_15226"
7	1474	395218746	188	395127569	395309923	"Gb_03288"
7	4385	393735296.5	188	393542269	393928324	"Gb_10616"
7	4811	413505822.5	188	413505727	413505918	"Gb_41701"
3	3393	418970778.5	188	418968762	418972795	"Gb_31834"
5	1742	349930141	189	349929499	349930783	"Gb_41241"
5	498	344349056.5	189	344348328	344349785	"Gb_05863"
5	2707	116214344.5	190	116113931	116314758	"Gb_10723"
4	2092	88794911.5	190	88761181	88828642	"Gb_25982"
9	4417	688581592	191	688429704	688733480	"Gb_18894"
2	1365	766650731	192	766646826	766654636	"Gb_28231"
2	1365	766728629.5	192	766728085	766729174	"Gb_28232"
2	3434	713073033	192	713072433	713073633	"Gb_27127"
2	1407	698697617	192	698661981	698733253	"Gb_18435"
2	8845	694174161	192	694157071	694191251	"Gb_37601"
8	790	329955583	193	329953024	329958142	"Gb_39526"
8	2165	323644930.5	193	323562107	323727754	"Gb_34330"
2	1375	86215870	195	86214212	86217528	"Gb_18552"
2	594	229582302.5	195	229515814	229648791	"Gb_09240"
10	1110	674375957.5	197	674333510	674418405	"Gb_31274"
10	1110	646306746	197	646229302	646384190	"Gb_37974"
10	1762	674639020	197	674633912	674644128	"Gb_31273"
5	323	171413459.5	198	171409765	171417154	"Gb_31618"
10	3177	415590742	199	415545744	415635740	"Gb_27959"
2	4932	46624067	199	46623738	46624396	"Gb_27800"
9	3329	635720207.5	201	635718028	635722387	"Gb_23420"
6	2577	59127199	201	59125612	59128786	"Gb_35297"
5	1626	49159187.5	202	49158786	49159589	"Gb_39726"
7	2227	385282716	203	385280781	385284651	"Gb_39488"
4	6620	161168029	204	161167627	161168431	"Gb_11366"
2	1408	689121273.5	205	689119198	689123349	"Gb_26434"
2	2756	693292024.5	205	693287203	693296846	"Gb_19837"
2	3967	699137076	205	699010822	699263330	"Gb_19824"
7	4289	584651337.5	206	584619780	584682895	"Gb_22708"
7	6270	402997810.5	207	402906863	403088758	"Gb_27063"
10	194	666839739.5	209	666829809	666849670	"Gb_39746"
10	1887	665013630.5	209	665012309	665014952	"Gb_39743"
10	870	661254311	209	661251743	661256879	"Gb_14412"
5	531	540068157	210	539997173	540139141	"Gb_32070"
4	1027	231867265.5	213	231864741	231869790	"Gb_39834"
10	4659	326303014.5	214	326301352	326304677	"Gb_37241"
2	5542	489052619	214	489044402	489060836	"Gb_02525"
6	8850	321403691	215	321403428	321403954	"Gb_20563"
6	3443	323999308.5	215	323957178	324041439	"Gb_10933"
6	2580	323764273.5	215	323691005	323837542	"Gb_02925"
6	2035	324985545	215	324984317	324986773	"Gb_39451"
6	2035	324931580	215	324929313	324933847	"Gb_39452"
2	4697	362629926.5	217	362426912	362832941	"Gb_35352"
12	3473	178495570.5	219	178436238	178554903	"Gb_31921"
4	673	243891120.5	220	243740991	244041250	"Gb_36286"
1	1890	NA	221	1079079419	1079080865	"Gb_40258"
1	1890	NA	221	1079079294	1079081350	"Gb_40264"
1	736	997055283	224	997055136	997055430	"Gb_35133"
1	4769	1002929306.5	224	1002909047	1002949566	"Gb_00377"
4	4664	618940870.5	225	618922109	618959632	"Gb_35816"
10	910	216086743.5	227	216046060	216127427	"Gb_28814"
12	5585	106317777	228	106231604	106403950	"Gb_29637"
2	3791	700596818.5	230	700596079	700597558	"Gb_03732"
2	3791	698279983	230	698257890	698302076	"Gb_18434"
9	506	195977081.5	232	195968276	195985887	"Gb_35063"
9	1331	264669922.5	235	264669308	264670537	"Gb_13865"
6	3118	290818060.5	237	290816936	290819185	"Gb_12424"
6	3487	421484883.5	237	421484452	421485315	"Gb_40679"
6	381	64402336.5	240	64400559	64404114	"Gb_31755"
8	6258	39157480	242	39156612	39158348	"Gb_07398"
8	10179	39275803	242	39269692	39281914	"Gb_07397"
5	996	458654094	243	458650128	458658060	"Gb_12160"
10	996	575802746	243	575799612	575805880	"Gb_40897"
2	2452	109421008.5	246	109419730	109422287	"Gb_14801"
