5	2949	5095166	0	5094304	5096028	"PAC:17828041"
5	2898	4964079.5	0	4962622	4965537	"PAC:17828033"
13	2274	11699647.5	2	11683543	11715752	"PAC:17822775"
2	2761	2295025	2	2293763	2296287	"PAC:17829244"
15	3774	16838502	2	16836208	16840796	"PAC:17834807"
11	2119	3158208	3	3154492	3161924	"PAC:17826153"
4	2851	3206113	3	3200325	3211901	"PAC:17840796"
4	2852	3222035.5	3	3216246	3227825	"PAC:17840797"
15	3778	13109914.5	3	13101945	13117884	"PAC:17828238"
15	1041	13007416	3	12989669	13025163	"PAC:17828241"
8	497	16921057.5	5	16919888	16922227	"PAC:17839524"
6	497	20919112	5	20917230	20920994	"PAC:17841119"
13	497	10142132	5	10138889	10145375	"PAC:17823166"
8	497	16869597.5	5	16868498	16870697	"PAC:17839527"
6	1648	20936896.5	5	20922950	20950843	"PAC:17841118"
6	1741	21011396.5	5	21010706	21012087	"PAC:17841115"
16	1082	21120862.5	5	21116831	21124894	"PAC:17842883"
16	1082	21141450.5	5	21140127	21142774	"PAC:17842880"
8	1082	16827271	5	16821991	16832551	"PAC:17839532"
6	2981	21027543.5	5	21025800	21029287	"PAC:17841112"
2	303	2550260	5	2549060	2551460	"PAC:17829278"
8	303	16862847.5	5	16861848	16863847	"PAC:17839528"
15	303	16540889.5	5	16539622	16542157	"PAC:17834838"
2	1084	2541617	5	2539769	2543465	"PAC:17829277"
3	1084	17923459.5	5	17919037	17927882	"PAC:17826459"
16	1084	21153556.5	5	21152035	21155078	"PAC:17842878"
15	2092	16557901	5	16551973	16563829	"PAC:17834837"
10	2092	1591009	5	1589005	1593013	"PAC:17830297"
16	1083	21147812	5	21145035	21150589	"PAC:17842879"
2	2728	2560550	5	2559866	2561234	"PAC:17829279"
18	1223	1390538	6	1386356	1394720	"PAC:17821269"
18	1246	1376554.5	6	1370768	1382341	"PAC:17821268"
18	1246	1368006.5	6	1365574	1370439	"PAC:17821267"
12	150	7292880.5	7	7291808	7293953	"PAC:17837097"
19	150	5413063	7	5411582	5414544	"PAC:17825546"
19	150	5408882	7	5407427	5410337	"PAC:17825545"
14	975	29894385	7	29893898	29894872	"PAC:17823324"
1	975	13783812.5	7	13783130	13784495	"PAC:17824076"
14	964	29943569	7	29938839	29948299	"PAC:17823331"
10	2243	8852896	8	8848028	8857764	"PAC:17830707"
10	2243	8831030	8	8828270	8833790	"PAC:17830706"
13	2243	5577402	8	5575928	5578876	"PAC:17826741"
10	3329	9740381.5	8	9738147	9742616	"PAC:17830733"
18	3329	3682728.5	8	3668641	3696816	"PAC:17821460"
5	1563	7510889.5	9	7508228	7513551	"PAC:17835068"
6	1928	18423021.5	10	18422781	18423262	"PAC:17837637"
8	1928	18473832.5	10	18473234	18474431	"PAC:17839367"
8	3204	18466274	10	18465212	18467336	"PAC:17839368"
8	3203	18447812.5	10	18446822	18448803	"PAC:17839371"
6	2986	18328490.5	10	18328334	18328647	"PAC:17837645"
13	2254	7269251	10	7258904	7279598	"PAC:17826657"
8	1872	18540704	10	18511229	18570179	"PAC:17839362"
1	1984	2735041	12	2726787	2743295	"PAC:17823695"
13	902	759578	15	757864	761292	"PAC:17838671"
10	3574	2546087	15	2545291	2546883	"PAC:17830363"
11	2111	616536	18	613386	619686	"PAC:17825855"
9	1931	549851	18	547428	552274	"PAC:17827080"
9	1931	543452.5	18	541938	544967	"PAC:17827079"
5	636	1792677.5	20	1791770	1793585	"PAC:17840388"
1	636	22771427.5	20	22768963	22773892	"PAC:17817380"
1	4330	22978131.5	20	22973761	22982502	"PAC:17817400"
1	997	21009600	20	21007063	21012137	"PAC:17822646"
14	997	25317441.5	20	25316395	25318488	"PAC:17838868"
6	2999	18012791.5	21	17997945	18027638	"PAC:17837670"
8	3228	18844658.5	21	18843725	18845592	"PAC:17839335"
13	2264	6546699.5	21	6540344	6553055	"PAC:17826694"
7	3058	4964473	22	4961882	4967064	"PAC:17835447"
7	266	4955800	22	4953766	4957834	"PAC:17835446"
14	266	355720.5	22	354953	356488	"PAC:17837545"
1	641	1831835.5	23	1824676	1838995	"PAC:17823771"
8	1673	4662511	24	4657417	4667605	"PAC:17831359"
6	1673	12280468.5	24	12277807	12283130	"PAC:17842114"
8	1869	4704078.5	24	4702793	4705364	"PAC:17831360"
12	613	10070478.5	26	10070064	10070893	"PAC:17836719"
1	613	7279102	26	7278858	7279346	"PAC:17817002"
12	4279	10096934.5	26	10085303	10108566	"PAC:17836722"
19	3644	9500951	26	9498066	9503836	"PAC:17825689"
14	3644	26804331	26	26801941	26806721	"PAC:17838312"
12	3644	10225886.5	26	10215250	10236523	"PAC:17836736"
19	3644	10410604.5	26	10402691	10418518	"PAC:17825727"
19	3644	9409061	26	9406753	9411369	"PAC:17825682"
17	2392	11414976.5	26	11411476	11418477	"PAC:17820374"
17	2392	11459921.5	26	11457728	11462115	"PAC:17820373"
14	2392	26752650	26	26750413	26754887	"PAC:17838304"
14	3758	26739109.5	26	26738563	26739656	"PAC:17838302"
14	2391	26718356	26	26715764	26720948	"PAC:17838301"
5	2323	1842208.5	27	1840650	1843767	"PAC:17840393"
14	2323	1882989	27	1882228	1883750	"PAC:17837385"
19	2960	2280387	27	2280009	2280765	"PAC:17825296"
5	2960	1621806.5	27	1621000	1622613	"PAC:17840373"
14	2390	1433715.5	27	1430488	1436943	"PAC:17837427"
5	2390	1686556.5	27	1683112	1690001	"PAC:17840377"
5	1567	1652528	27	1650312	1654744	"PAC:17840375"
11	725	2309455.5	28	2308784	2310127	"PAC:17826059"
15	1053	12292396	28	12288192	12296600	"PAC:17828268"
2	1036	99198.5	28	94935	103462	"PAC:17819151"
16	1036	8108358	28	8082035	8134681	"PAC:17825064"
16	1036	8247608	28	8238868	8256348	"PAC:17825069"
15	1036	12469997	28	12459861	12480133	"PAC:17828259"
11	752	1871192.5	29	1870241	1872144	"PAC:17826007"
8	490	18769735	32	18768420	18771050	"PAC:17839346"
6	490	18245430	32	18244143	18246717	"PAC:17837654"
13	2249	6967482.5	32	6937392	6997573	"PAC:17826672"
18	2588	5924914.5	33	5920788	5929041	"PAC:17821654"
18	2589	5931458	33	5930252	5932664	"PAC:17821655"
11	2146	18439905.5	34	18435184	18444627	"PAC:17836113"
11	2147	18452316	34	18452006	18452626	"PAC:17836112"
4	3454	2136866.5	34	2133970	2139763	"PAC:17840676"
1000	3295	10656533.5	35	10656114	10656953	"PAC:17818519"
19	1301	9005273	35	9002001	9008545	"PAC:17825648"
1000	1301	18479383	35	18477264	18481502	"PAC:17819355"
1000	4183	10726306	35	10724070	10728542	"PAC:17818527"
19	4243	8281762	35	8279317	8284207	"PAC:17825595"
19	2709	8372128.5	35	8370690	8373567	"PAC:17825602"
19	2709	8200156	35	8198188	8202124	"PAC:17825586"
12	2709	9667458.5	35	9664793	9670124	"PAC:17836687"
19	3637	8127246.5	35	8126479	8128014	"PAC:17825583"
1000	3637	10630570	35	10628241	10632899	"PAC:17818516"
2	3637	816098	35	814055	818141	"PAC:17829079"
12	3637	9629075	35	9627077	9631073	"PAC:17836683"
19	1350	8111551	35	8107566	8115536	"PAC:17825581"
1000	1350	10622946	35	10619358	10626534	"PAC:17818515"
14	1066	2976195.5	38	2975591	2976800	"PAC:17816653"
15	1066	18117034	38	18115493	18118575	"PAC:17834600"
14	2305	2964709	38	2963299	2966119	"PAC:17816651"
5	2305	4543087	38	4540122	4546052	"PAC:17828002"
4	2838	18544743.5	40	18542672	18546815	"PAC:17828725"
4	1490	18538606	40	18537289	18539923	"PAC:17828726"
4	1506	18532712	40	18530938	18534486	"PAC:17828728"
18	4976	10826046	40	10825952	10826140	"PAC:17822087"
3	3974	3483523	40	3482611	3484435	"PAC:17832105"
17	1169	6856846.5	43	6854363	6859330	"PAC:17820675"
14	1169	29594434	43	29590676	29598192	"PAC:17823294"
6	3473	251389	43	247823	254955	"PAC:17833486"
17	1131	7009348	43	6996811	7021885	"PAC:17820665"
16	1078	1310411.5	44	1304552	1316271	"PAC:17832579"
7	1078	1008482.5	44	1004866	1012099	"PAC:17817437"
2	1078	499995.5	44	495358	504633	"PAC:17829044"
2	1362	7968261.5	44	7964138	7972385	"PAC:17824465"
5	4687	18375075	44	18370806	18379344	"PAC:17837728"
14	2340	17519412	45	17518670	17520154	"PAC:17837209"
1	1980	2526903.5	45	2526012	2527795	"PAC:17823711"
14	1980	22203128.5	45	22200145	22206112	"PAC:17841390"
17	2535	4504335	45	4502797	4505873	"PAC:17820865"
17	1164	4545601	45	4541967	4549235	"PAC:17820859"
15	3786	15861302.5	47	15859845	15862760	"PAC:17834905"
16	2473	14626362	47	14620222	14632502	"PAC:17828405"
2	1382	4360862.5	47	4357587	4364138	"PAC:17829439"
16	1105	19391250.5	47	19388413	19394088	"PAC:17835757"
2	332	982628.5	47	978588	986669	"PAC:17829096"
16	332	19398789	47	19396056	19401522	"PAC:17835756"
8	1926	879082	47	875716	882448	"PAC:17836534"
6	1696	9079359	47	9077586	9081132	"PAC:17832714"
1000	4875	26391185.5	49	26390515	26391856	"PAC:17819919"
19	1334	4972720	49	4971785	4973655	"PAC:17825507"
1000	1334	20416397.5	49	20415278	20417517	"PAC:17819465"
12	154	7768761.5	49	7768053	7769470	"PAC:17816932"
19	154	4955440	49	4954907	4955973	"PAC:17825505"
1000	154	11943729.5	49	11937348	11950111	"PAC:17818635"
18	2576	145195	54	130986	159404	"PAC:17824734"
18	1237	102501.5	54	99836	105167	"PAC:17824735"
4	1483	5833229.5	55	5817278	5849181	"PAC:17840998"
4	1483	5796794	55	5783972	5809616	"PAC:17840997"
7	1826	2029005	55	2025999	2032011	"PAC:17823026"
11	771	6720453.5	55	6707937	6732970	"PAC:17817312"
11	719	6737149	55	6735346	6738952	"PAC:17817313"
7	3077	1059957.5	56	1059439	1060476	"PAC:17817426"
5	464	5466760.5	56	5464956	5468565	"PAC:17828085"
7	464	983432	56	981884	984980	"PAC:17817438"
14	464	24495179	56	24492483	24497875	"PAC:17838788"
7	960	856234.5	56	852981	859488	"PAC:17817448"
5	960	5585832	56	5577948	5593716	"PAC:17828098"
14	960	6777986	56	6774508	6781464	"PAC:17830822"
5	467	5609122	56	5596159	5622085	"PAC:17828099"
7	467	909490.5	56	906676	912305	"PAC:17817445"
6	505	5013477	56	5012969	5013985	"PAC:17833118"
8	505	13726208.5	56	13725443	13726974	"PAC:17833559"
6	1733	8502927.5	58	8500393	8505462	"PAC:17832767"
13	858	1289179.5	58	1287625	1290734	"PAC:17838611"
13	2232	1333509.5	58	1330450	1336569	"PAC:17838605"
13	2232	1340170	58	1338105	1342235	"PAC:17838604"
4	3453	23552480	59	23547256	23557704	"PAC:17834148"
4	1280	23637523	59	23633698	23641348	"PAC:17834138"
18	1280	459111	59	447979	470243	"PAC:17824704"
18	1222	397709.5	59	397362	398057	"PAC:17824711"
16	320	18818236	61	18814460	18822012	"PAC:17835805"
2	320	724483.5	61	722302	726665	"PAC:17829066"
15	2421	18598190	61	18592441	18603939	"PAC:17834543"
13	194	3694892	63	3693219	3696565	"PAC:17826883"
8	194	15375034	63	15372348	15377720	"PAC:17839661"
8	1887	15398531	63	15397624	15399438	"PAC:17839659"
6	3000	6374397.5	63	6372821	6375974	"PAC:17832968"
13	870	3713653.5	63	3712203	3715104	"PAC:17826881"
18	870	3227127	63	3222162	3232092	"PAC:17821418"
6	1749	6447886	63	6434776	6460996	"PAC:17832961"
13	1749	3912837	63	3911427	3914247	"PAC:17826865"
6	1749	6385488	63	6383474	6387502	"PAC:17832967"
13	1749	3830121.5	63	3821847	3838396	"PAC:17826871"
2	1363	2983509.5	63	2979275	2987744	"PAC:17829321"
2	1363	2993487	63	2991086	2995888	"PAC:17829322"
14	228	26035895.5	65	26033260	26038531	"PAC:17817826"
17	228	1255954	65	1252543	1259365	"PAC:17821097"
6	1739	2027897.5	65	2026364	2029431	"PAC:17833344"
6	1709	1900058.5	65	1896279	1903838	"PAC:17833352"
17	2527	10951792.5	66	10949070	10954515	"PAC:17820405"
1	612	7262181	66	7257835	7266527	"PAC:17817005"
14	801	26744646.5	66	26743587	26745706	"PAC:17838303"
12	801	10164378.5	66	10163051	10165706	"PAC:17836732"
13	892	13448835	70	13446147	13451523	"PAC:17840051"
19	3408	3580224.5	73	3579039	3581410	"PAC:17825405"
16	2452	2774230	74	2769794	2778666	"PAC:17832657"
2	1389	16882037.5	74	16879794	16884281	"PAC:17831494"
2	1364	16797112.5	74	16795822	16798403	"PAC:17831491"
2	1397	16623134	74	16617662	16628606	"PAC:17831480"
19	1310	10528602	76	10527535	10529669	"PAC:17825734"
19	1309	10504218.5	76	10503115	10505322	"PAC:17825732"
19	2695	10439281	76	10434616	10443946	"PAC:17825728"
19	4293	10748591.5	76	10747971	10749212	"PAC:17825745"
19	1312	10940947	76	10934843	10947051	"PAC:17825748"
19	1312	10693463	76	10693213	10693713	"PAC:17825742"
11	2115	756697.5	79	753904	759491	"PAC:17825874"
17	234	4487891	79	4483254	4492528	"PAC:17820868"
14	234	22179608	79	22174397	22184819	"PAC:17841389"
1	4335	4451149	79	4447965	4454333	"PAC:17823542"
5	460	4457024.5	80	4456371	4457678	"PAC:17827990"
5	460	4454542	80	4453167	4455917	"PAC:17827989"
7	460	1450991	80	1450336	1451646	"PAC:17823090"
14	460	2881487	80	2879549	2883425	"PAC:17816642"
5	459	4376159	80	4368319	4383999	"PAC:17827984"
7	459	1511709.5	80	1506987	1516432	"PAC:17823083"
18	1419	517375.5	81	515004	519747	"PAC:17824698"
3	1419	3051461.5	81	3050295	3052628	"PAC:17832155"
4	2846	23617539.5	81	23611177	23623902	"PAC:17834143"
18	1282	548104.5	81	545163	551046	"PAC:17824692"
5	2891	4494532	81	4493978	4495086	"PAC:17827995"
14	2316	1942623.5	84	1929561	1955686	"PAC:17837380"
6	2316	9350346	84	9333645	9367047	"PAC:17832701"
5	1183	3139440.5	84	3139279	3139602	"PAC:17827870"
17	1183	12258402	84	12257609	12259195	"PAC:17820336"
8	1842	447553	87	443806	451300	"PAC:17836520"
6	1661	9184505.5	87	9155756	9213255	"PAC:17832707"
13	2298	103994	87	101740	106248	"PAC:17838736"
13	2298	107427.5	87	106868	107987	"PAC:17838735"
13	851	114144	87	112462	115826	"PAC:17838733"
8	1919	17992773	88	17991919	17993627	"PAC:17839421"
4	413	18535514.5	88	18535065	18535964	"PAC:17828727"
3	413	3463196	88	3462578	3463814	"PAC:17832108"
12	144	2686180	89	2679423	2692937	"PAC:17830019"
19	144	1369326	89	1368093	1370559	"PAC:17825230"
19	3914	1396769	89	1394645	1398893	"PAC:17825234"
18	2606	8852239.5	93	8851420	8853059	"PAC:17821894"
13	893	13619245	97	13618650	13619840	"PAC:17840044"
13	893	13640513.5	97	13622010	13659017	"PAC:17840043"
18	2642	5839369.5	99	5834134	5844605	"PAC:17821646"
3	3976	15179854.5	99	15175576	15184133	"PAC:17826372"
4	1463	23269624	101	23261748	23277500	"PAC:17834157"
6	183	3445770.5	102	3443778	3447763	"PAC:17833239"
8	183	12926746	102	12924872	12928620	"PAC:17833631"
18	183	3752124	102	3749619	3754629	"PAC:17821465"
13	183	5745887	102	5744554	5747220	"PAC:17826730"
7	3056	4788505.5	103	4784081	4792930	"PAC:17835424"
14	2313	176619.5	103	173867	179372	"PAC:17837560"
7	1795	4774978	103	4773715	4776241	"PAC:17835423"
14	1795	171338.5	103	170460	172217	"PAC:17837561"
6	155	7340408.5	103	7337829	7342988	"PAC:17832871"
7	155	4771902	103	4770542	4773262	"PAC:17835422"
13	155	499187	103	497639	500735	"PAC:17838695"
3	2812	3178721	103	3176558	3180884	"PAC:17832140"
4	1515	1519891	111	1515466	1524316	"PAC:17840621"
13	1515	1666774.5	111	1666189	1667360	"PAC:17838566"
4	1517	1662520.5	111	1659221	1665820	"PAC:17840631"
16	4242	253560	111	245393	261727	"PAC:17832504"
8	503	20211994.5	112	20206832	20217157	"PAC:17839205"
6	503	1441918.5	112	1440120	1443717	"PAC:17833375"
13	176	24056684	112	24053981	24059387	"PAC:17817564"
6	176	1542235	112	1538773	1545697	"PAC:17833372"
8	176	20185485.5	112	20182145	20188826	"PAC:17839210"
6	504	1570713.5	112	1568993	1572434	"PAC:17833369"
8	504	20173831	112	20172216	20175446	"PAC:17839212"
1	594	5841379.5	113	5836688	5846071	"PAC:17823433"
6	1743	3343849	117	3341733	3345965	"PAC:17833245"
6	185	3263579	117	3261562	3265596	"PAC:17833252"
13	185	5831889.5	117	5829784	5833995	"PAC:17826724"
8	211	12881291	117	12880618	12881964	"PAC:17833636"
8	211	12867801	117	12864681	12870921	"PAC:17833638"
13	211	5850305	117	5848342	5852268	"PAC:17826723"
14	847	18570025	117	18569808	18570242	"PAC:17837241"
13	847	5685519.5	117	5665443	5705596	"PAC:17826733"
13	5060	5610718.5	117	5607745	5613692	"PAC:17826738"
2	3959	18612992	118	18609441	18616543	"PAC:17841660"
19	1346	5538259.5	122	5531076	5545443	"PAC:17825554"
15	3370	12169721.5	129	12156289	12183154	"PAC:17828275"
15	1035	12254171	129	12253065	12255277	"PAC:17828270"
1	535	22582434.5	130	22579786	22585083	"PAC:17817355"
14	5061	24608614	130	24607017	24610211	"PAC:17838800"
12	3639	6841559.5	131	6839836	6843283	"PAC:17837051"
1000	3288	22228824	131	22227224	22230424	"PAC:17819621"
14	254	7309387.5	131	7308442	7310333	"PAC:17830793"
5	254	6322313	131	6321093	6323533	"PAC:17828140"
15	3784	16920443.5	133	16919195	16921692	"PAC:17834798"
18	2655	14312933	133	14296362	14329504	"PAC:17817741"
2	2732	2735934	133	2727783	2744085	"PAC:17829296"
11	743	5961326.5	136	5959921	5962732	"PAC:17824301"
4	743	6952841	136	6948721	6956961	"PAC:17841061"
4	716	6894979.5	136	6893755	6896204	"PAC:17841057"
11	716	5948399.5	136	5946783	5950016	"PAC:17824299"
9	1537	18969805	136	18967318	18972292	"PAC:17826615"
4	1537	6877715.5	136	6870931	6884500	"PAC:17841056"
4	1537	6809503.5	136	6806348	6812659	"PAC:17841053"
9	4269	19003242	136	19001579	19004905	"PAC:17826619"
4	1538	6906179.5	136	6906030	6906329	"PAC:17841058"
9	2870	18886116.5	136	18883888	18888345	"PAC:17826613"
4	2870	6911386	136	6908154	6914618	"PAC:17841059"
19	3943	6110749.5	139	6105858	6115641	"PAC:17817947"
10	675	5529091.5	139	5528169	5530014	"PAC:17830559"
12	675	7104442.5	139	7102011	7106874	"PAC:17837077"
10	675	302337.5	139	300629	304046	"PAC:17824167"
19	675	6081055	139	6077331	6084779	"PAC:17817945"
19	667	6003494	139	5996118	6010870	"PAC:17817940"
10	667	261544.5	139	260531	262558	"PAC:17824165"
12	812	7133739	139	7130381	7137097	"PAC:17837079"
10	665	179001.5	139	178205	179798	"PAC:17824152"
12	4236	20758060.5	142	20756393	20759728	"PAC:17831785"
18	4811	26062476	142	26048117	26076835	"PAC:17833873"
4	1474	22424153	142	22411631	22436675	"PAC:17834200"
1	572	10599249.5	143	10598511	10599988	"PAC:17829570"
13	905	1426157.5	145	1423255	1429060	"PAC:17838595"
15	2439	19582366.5	146	19576430	19588303	"PAC:17834450"
14	232	21094316.5	151	21085157	21103476	"PAC:17837320"
17	232	3524095.5	151	3518070	3530121	"PAC:17820922"
7	2022	6289277	151	6288459	6290095	"PAC:17835508"
1	2022	3357318	151	3356660	3357976	"PAC:17823636"
1	1988	3347627.5	151	3341421	3353834	"PAC:17823637"
14	992	21054447	151	21048840	21060054	"PAC:17837317"
13	853	124593	153	122941	126245	"PAC:17838731"
8	1695	894577	153	892733	896421	"PAC:17836538"
6	1695	9017377	153	9016909	9017845	"PAC:17832718"
8	1927	899220.5	153	896599	901842	"PAC:17836539"
15	1927	18432497.5	153	18430833	18434162	"PAC:17834565"
2	1927	972207	153	970476	973938	"PAC:17829095"
19	4577	19973237.5	155	19972477	19973998	"PAC:17829789"
13	852	118359.5	160	117108	119611	"PAC:17838732"
1	548	9725022.5	162	9724651	9725394	"PAC:17829627"
1	548	9704870.5	162	9698364	9711377	"PAC:17829628"
17	548	8717758	162	8704631	8730885	"PAC:17820547"
13	859	1393992	163	1390601	1397383	"PAC:17838596"
13	875	1389424.5	163	1388986	1389863	"PAC:17838597"
6	1659	8658900.5	163	8658619	8659182	"PAC:17832748"
13	160	1437791	163	1430249	1445333	"PAC:17838594"
6	160	8676745.5	163	8673777	8679714	"PAC:17832745"
8	160	10543987	163	10538033	10549941	"PAC:17836779"
1	160	20748073	163	20746358	20749788	"PAC:17822621"
4	2648	19744470.5	167	19743045	19745896	"PAC:17828621"
18	2648	11918488.5	167	11917352	11919625	"PAC:17822205"
14	2035	29774976	167	29773172	29776780	"PAC:17823313"
1	2035	13978585.5	167	13977001	13980170	"PAC:17818367"
4	2035	19757050	167	19753325	19760775	"PAC:17828620"
12	2035	5404731.5	167	5400849	5408614	"PAC:17836922"
3	3443	718047.5	167	714867	721228	"PAC:17832421"
13	877	4749074.5	169	4746010	4752139	"PAC:17826798"
8	3179	14242109.5	169	14236328	14247891	"PAC:17833507"
19	1308	10459912.5	171	10456601	10463224	"PAC:17825729"
5	1308	19690942	171	19681838	19700046	"PAC:17837783"
1000	1308	29987278.5	171	29985909	29988648	"PAC:17820155"
5	4869	19338908	174	19303220	19374596	"PAC:17837767"
5	4868	19256059	174	19249863	19262255	"PAC:17837765"
8	1951	22336401	176	22336182	22336620	"PAC:17838986"
9	1951	7564074	176	7551419	7576729	"PAC:17827612"
8	506	12733458	176	12730268	12736648	"PAC:17833651"
6	506	17629300	176	17622274	17636326	"PAC:17837695"
13	3714	18763753.5	176	18763125	18764382	"PAC:17841486"
8	3714	11773549.5	176	11772947	11774152	"PAC:17833717"
7	3067	1432717.5	176	1432328	1433107	"PAC:17823092"
1000	1958	22446561.5	178	22446255	22446868	"PAC:17819636"
1000	4206	22427343.5	178	22418606	22436081	"PAC:17819633"
15	1658	18670104.5	179	18666221	18673988	"PAC:17834535"
2	1658	252133	179	251462	252804	"PAC:17829018"
6	1658	6812006	179	6811194	6812818	"PAC:17832927"
13	2296	4450358.5	179	4448081	4452636	"PAC:17826811"
13	901	4460612.5	179	4454789	4466436	"PAC:17826810"
7	3108	2363156	183	2361696	2364616	"PAC:17822990"
5	2912	3437808.5	183	3432699	3442918	"PAC:17827897"
5	1634	3308858.5	183	3307705	3310012	"PAC:17827888"
7	1794	2472533	183	2467919	2477147	"PAC:17822978"
1	2038	3998443	186	3994677	4002209	"PAC:17823579"
7	455	1784546.5	186	1782333	1786760	"PAC:17823055"
5	455	9173289.5	186	9170578	9176001	"PAC:17835162"
5	455	4199476.5	186	4194276	4204677	"PAC:17827970"
17	45	2810309.5	186	2802009	2818610	"PAC:17820980"
14	45	20363654	186	20361755	20365553	"PAC:17837296"
1	45	3989310	186	3985489	3993131	"PAC:17823580"
17	45	2843562.5	186	2822113	2865012	"PAC:17820978"
1	45	3960694	186	3945557	3975831	"PAC:17823581"
10	2090	838261	189	836683	839839	"PAC:17824211"
19	2665	2505964.5	189	2504164	2507765	"PAC:17825317"
19	2663	2388321	189	2384643	2391999	"PAC:17825310"
19	2663	2428571	189	2416383	2440759	"PAC:17825312"
12	142	4076529.5	189	4075204	4077855	"PAC:17829907"
19	142	2467752.5	189	2465076	2470429	"PAC:17825314"
10	142	9745959	189	9745036	9746882	"PAC:17830734"
13	3352	22814655.5	190	22812464	22816847	"PAC:17838119"
13	186	22759021	190	22758014	22760028	"PAC:17838124"
6	186	2650090	190	2648197	2651983	"PAC:17833286"
13	3355	22712413	190	22709011	22715815	"PAC:17838127"
13	3698	22473622	190	22470190	22477054	"PAC:17838143"
15	3369	15056530	191	15054794	15058266	"PAC:17834962"
2	2740	4599220	191	4597968	4600472	"PAC:17829468"
5	4304	20006151	191	19988367	20023935	"PAC:17837798"
1000	4304	23810272	191	23809435	23811109	"PAC:17819792"
1007	4734	357800.5	191	356401	359200	"PAC:17818738"
18	1264	10222642.5	192	10220984	10224301	"PAC:17822023"
18	398	3984173.5	192	3981031	3987316	"PAC:17821489"
7	398	17315332	192	17313320	17317344	"PAC:17831087"
6	3472	11846994	193	11840758	11853230	"PAC:17842125"
2	3434	18146420.5	195	18145931	18146910	"PAC:17841682"
2	2753	18082257.5	195	18076238	18088277	"PAC:17841684"
19	153	5017162	199	5016147	5018177	"PAC:17825509"
12	153	7754353	199	7753342	7755364	"PAC:17816931"
19	1333	4965081	199	4962716	4967446	"PAC:17825506"
5	1574	2878663	203	2877630	2879696	"PAC:17827841"
7	3055	4747633	203	4745380	4749886	"PAC:17835419"
7	3055	4762868.5	203	4756948	4768789	"PAC:17835421"
9	3509	7167351.5	204	7150525	7184178	"PAC:17827594"
4	427	5111919	204	5107428	5116410	"PAC:17840958"
9	427	7344274.5	204	7337398	7351151	"PAC:17827597"
1013	427	2891349	204	2884115	2898583	"PAC:17817205"
5	1621	6825453	205	6821761	6829145	"PAC:17828181"
7	1621	492312	205	486921	497703	"PAC:17817145"
1	543	5791935.5	207	5786503	5797368	"PAC:17823437"
16	3388	1745636	207	1740149	1751123	"PAC:17832590"
14	1378	13911262.5	207	13887145	13935380	"PAC:17837143"
2	1378	8131143.5	207	8123287	8139000	"PAC:17824460"
12	2191	3451980.5	208	3448783	3455178	"PAC:17829960"
10	71	1749591.5	208	1747278	1751905	"PAC:17830313"
12	71	3478564.5	208	3475279	3481850	"PAC:17829958"
15	311	18321182.5	212	18317886	18324479	"PAC:17834579"
2	311	1141173	212	1137921	1144425	"PAC:17829110"
8	3206	10885489.5	212	10883625	10887354	"PAC:17836753"
13	2266	1763741	212	1752121	1775361	"PAC:17838557"
13	876	1656219.5	212	1651810	1660629	"PAC:17838567"
6	792	13486413	213	13480899	13491927	"PAC:17842074"
11	792	18015072	213	18014853	18015291	"PAC:17836138"
17	1149	6662288	214	6661141	6663435	"PAC:17820694"
17	2495	6636597.5	214	6634757	6638438	"PAC:17820697"
9	1946	81782.5	216	70786	92779	"PAC:17827028"
17	3817	10871613.5	217	10869326	10873901	"PAC:17820412"
4	3817	17086729	217	17078980	17094478	"PAC:17828841"
19	1311	10612487	217	10605374	10619600	"PAC:17825739"
7	1767	3834347.5	221	3833212	3835483	"PAC:17835320"
7	1791	3811767	221	3804229	3819305	"PAC:17835318"
7	1791	3799652.5	221	3798990	3800315	"PAC:17835317"
5	4028	23709363	226	23708263	23710463	"PAC:17842530"
5	3469	23752499	226	23741487	23763511	"PAC:17842533"
18	372	10915384.5	230	10907581	10923188	"PAC:17822102"
4	372	18593319	230	18592950	18593688	"PAC:17828717"
18	373	10938535	230	10937061	10940009	"PAC:17822104"
4	373	18618616.5	230	18617388	18619845	"PAC:17828713"
4	373	18611500.5	230	18607179	18615822	"PAC:17828714"
12	4398	22661475	230	22660591	22662359	"PAC:17831686"
18	1254	10876548	230	10874144	10878952	"PAC:17822096"
9	940	19560391.5	236	19559371	19561412	"PAC:17826641"
14	940	28070677.5	236	28069403	28071952	"PAC:17838436"
4	940	8880665.5	236	8879536	8881795	"PAC:17838947"
14	4	27860551	238	27849550	27871552	"PAC:17838413"
1	4	8797835	238	8788501	8807169	"PAC:17829684"
14	4	22392466	238	22391427	22393505	"PAC:17841400"
14	2328	27876104	238	27874422	27877786	"PAC:17838414"
1	2002	8845810.5	238	8845200	8846421	"PAC:17829680"
14	5	27926984.5	238	27925049	27928920	"PAC:17838419"
17	5	9066083.5	238	9063983	9068184	"PAC:17820516"
1	5	1061356	238	1060701	1062011	"PAC:17823855"
1	5	8863183.5	238	8860974	8865393	"PAC:17829677"
6	168	6326825.5	244	6322695	6330956	"PAC:17832974"
13	168	3594858.5	244	3590365	3599352	"PAC:17826891"
8	168	15121699.5	244	15120163	15123236	"PAC:17839684"
13	168	3484533	244	3481414	3487652	"PAC:17826903"
10	4830	14460077.5	245	14458409	14461746	"PAC:17834021"
10	4854	14771793.5	245	14765427	14778160	"PAC:17834031"
16	1117	2176757.5	247	2174745	2178770	"PAC:17832615"
1	550	11856395.5	249	11852918	11859873	"PAC:17829509"
14	969	6253608	249	6246226	6260990	"PAC:17830847"
14	969	6404986	249	6403165	6406807	"PAC:17830842"
7	969	1118650.5	249	1117318	1119983	"PAC:17817419"
8	969	1288775.5	249	1283274	1294277	"PAC:17836556"
