4	9286	502525039	0	502500172	502549906	"gene15948"
5	4842	298079817.5	0	298002892	298156743	"gene18815"
5	4304	340776270	0	340767164	340785376	"gene18989"
2	4687	534631294.5	0	534629050	534633539	"gene7551"
5	5927	359203312.5	0	359182554	359224071	"gene19049"
4	997	599913802	0	599912814	599914790	"gene16573"
10	2791	627625140	0	627614297	627635983	"gene37490"
9	1835	210525431	1	210497935	210552927	"gene32332"
9	1835	203471493	1	203462039	203480947	"gene32302"
7	848	10029878	1	10016018	10043738	"gene24596"
9	899	42818549	1	42804017	42833081	"gene31464"
9	899	33408781	1	33396931	33420631	"gene31387"
9	1887	66178941.5	1	66178129	66179754	"gene31590"
9	3000	66386178.5	1	66385453	66386904	"gene31593"
9	870	69471343.5	1	69469569	69473118	"gene31616"
9	870	519645781.5	1	519634388	519657175	"gene33614"
9	1839	3838392	1	3832700	3844084	"gene31218"
9	3188	8302829	1	8273835	8331823	"gene31244"
9	1840	8760888	1	8760719	8761057	"gene31246"
9	901	91832972.5	1	91826086	91839859	"gene31773"
5	5720	353893512	2	353890447	353896577	"gene19024"
3	160	777176733	2	777168922	777184544	"gene13084"
1	160	143917314.5	2	143915552	143919077	"gene744"
1	160	135249456	2	135246498	135252414	"gene709"
7	160	66732223	2	66722342	66742104	"gene24900"
3	905	774340547.5	2	774336988	774344107	"gene13066"
3	859	642617764	2	642611743	642623785	"gene12346"
3	875	642481106	2	642476323	642485889	"gene12342"
3	2232	732080827.5	2	732054776	732106879	"gene12851"
3	2232	761363090	2	761327763	761398417	"gene12981"
1	876	686432311.5	2	686430125	686434498	"gene3626"
1	4320	684102133.5	2	684079922	684124345	"gene3613"
1	3206	678563284.5	2	678474639	678651930	"gene3577"
5	1696	499357681.5	2	499351693	499363670	"gene19651"
1	2266	683653179	2	683633832	683672526	"gene3607"
5	224	312268908	2	312267072	312270744	"gene18865"
4	4783	328340280.5	3	328338991	328341570	"gene15148"
4	3266	336228711.5	3	336220309	336237114	"gene15172"
5	1266	24052073	3	24050537	24053609	"gene17458"
8	1266	12287883.5	3	12283737	12292030	"gene27853"
8	2417	192681728	3	192681411	192682045	"gene28895"
8	6558	192398170	3	192390155	192406185	"gene28891"
8	2415	190585604.5	3	190582038	190589171	"gene28876"
8	2414	189585476.5	3	189575878	189595075	"gene28871"
9	2439	71199673	3	71194275	71205071	"gene31630"
4	6395	258664056.5	3	258663448	258664665	"gene14809"
2	3404	158003726.5	3	157996733	158010720	"gene5953"
8	398	95545605	3	95544818	95546392	"gene28392"
6	398	625319423.5	3	625315965	625322882	"gene24060"
6	1281	605611557	3	605608121	605614993	"gene23952"
1	3288	192015798.5	4	192014165	192017432	"gene1038"
1	3639	186187579	4	186182194	186192964	"gene1007"
10	1334	33757435.5	4	33755437	33759434	"gene34616"
10	1333	34404624	4	34397651	34411597	"gene34617"
10	153	30870786	4	30869583	30871989	"gene34604"
2	1869	693763969.5	5	693762903	693765036	"gene8313"
10	1673	230681824.5	5	230674851	230688798	"gene35600"
1	960	274494678.5	5	274487431	274501926	"gene1610"
10	958	217934363.5	5	217924716	217944011	"gene35532"
10	1621	222757220	5	222709406	222805034	"gene35560"
7	499	179702645.5	6	179698063	179707228	"gene25408"
7	1865	48079845.5	6	48041730	48117961	"gene24801"
6	2949	379583022	6	379581769	379584275	"gene22828"
6	2948	439193516.5	6	439186754	439200279	"gene23176"
6	186	420151828.5	6	420150067	420153590	"gene23069"
6	2279	373438937.5	6	373418466	373459409	"gene22786"
6	2402	377002888	6	377000892	377004884	"gene22802"
6	2898	440498365	6	440497283	440499447	"gene23180"
6	3104	374982861.5	6	374936785	375028938	"gene22791"
6	6787	373370674.5	6	373370405	373370944	"gene22785"
6	1709	637813909.5	6	637813382	637814437	"gene24148"
6	504	476667858.5	6	476666886	476668831	"gene23319"
6	1280	485379093	6	485354861	485403325	"gene23358"
6	3453	502388056	6	502387530	502388582	"gene23441"
6	3453	504698822	6	504682747	504714897	"gene23456"
6	1282	535459182	6	535454463	535463901	"gene23618"
8	1082	132460920	7	132389905	132531935	"gene28566"
8	1083	137299940	7	137283749	137316131	"gene28596"
4	4876	228222780	7	228049892	228395668	"gene14654"
4	4252	193233354.5	7	193108697	193358012	"gene14513"
4	789	185469100.5	7	185468055	185470146	"gene14476"
6	3079	439013497	9	439010859	439016135	"gene23172"
6	462	438931038	9	438930731	438931345	"gene23171"
6	2897	376200978	9	376199854	376202102	"gene22797"
6	3352	423778362	9	423777600	423779124	"gene23092"
6	6106	420330274	9	420330111	420330437	"gene23071"
6	3355	415044198.5	9	414968609	415119788	"gene23044"
6	3698	412320666.5	9	412313021	412328312	"gene23034"
3	32	799870310	9	799846041	799894579	"gene13213"
3	939	804810832.5	9	804780120	804841545	"gene13237"
3	2377	804514537.5	9	804497272	804531803	"gene13235"
9	2377	628855045	9	628852332	628857758	"gene34235"
4	1794	676206948	10	676195841	676218055	"gene16994"
4	1810	677720610.5	10	677695789	677745432	"gene17011"
4	1634	677905560	10	677889637	677921483	"gene17012"
4	1809	680074753	10	680070080	680079426	"gene17019"
4	1809	628432788	10	628425004	628440572	"gene16705"
4	1809	628554060.5	10	628550597	628557524	"gene16707"
4	471	504614143.5	10	504605197	504623090	"gene15966"
4	67	522415201	10	522414231	522416171	"gene16077"
4	636	596400070	10	596394375	596405765	"gene16545"
4	5366	568986645	10	568984104	568989186	"gene16378"
4	5716	596197682.5	10	596191567	596203798	"gene16544"
4	4330	599134529.5	10	599011979	599257080	"gene16565"
11	1408	28677813.5	10	28675855	28679772	"gene37844"
11	5742	27967478.5	10	27965754	27969203	"gene37840"
6	1797	89465865.5	11	89464942	89466789	"gene21374"
6	258	89598128	11	89590335	89605921	"gene21375"
6	1798	88162167	11	88156923	88167411	"gene21366"
7	266	639265060.5	11	639263350	639266771	"gene27621"
7	3058	639058858	11	639046005	639071711	"gene27617"
3	3348	86217610	12	86201553	86233667	"gene9695"
3	798	426903526.5	12	426901862	426905191	"gene11185"
3	4562	427323496.5	12	427320531	427326462	"gene11191"
7	800	608414220	12	608408072	608420368	"gene27364"
7	5779	615921894.5	12	615919658	615924131	"gene27395"
7	5124	621954066.5	12	621941079	621967054	"gene27452"
7	1312	603968971.5	12	603946332	603991611	"gene27330"
7	1309	627306760	12	627298963	627314557	"gene27508"
7	9071	609224368.5	12	609209710	609239027	"gene27369"
9	1749	69656184.5	13	69644772	69667597	"gene31618"
6	187	365418430	13	365364930	365471930	"gene22746"
8	1911	210161417	13	210161155	210161679	"gene28980"
6	1911	661259573	13	661250458	661268688	"gene24388"
6	3357	343061392.5	13	343054801	343067984	"gene22617"
6	176	508137925	13	508132127	508143723	"gene23475"
6	503	518422414.5	13	518413992	518430837	"gene23541"
6	1671	346444278	13	346429336	346459220	"gene22646"
11	754	243150100	13	243149163	243151037	"gene38977"
6	754	340905050.5	13	340903937	340906164	"gene22602"
4	2066	427180547	14	427173507	427187587	"gene15568"
4	1000	425793429.5	14	425778843	425808016	"gene15559"
4	10136	565191194	14	565177874	565204514	"gene16364"
4	9461	559214900	14	559211832	559217968	"gene16340"
4	5482	604315139.5	14	604313143	604317136	"gene16588"
4	930	685102250	14	685097376	685107124	"gene17058"
4	2901	649574993	14	649573025	649576961	"gene16840"
1	467	288311849.5	14	288309155	288314544	"gene1669"
1	474	369337162.5	14	369310555	369363770	"gene2091"
1	376	369741011.5	14	369724349	369757674	"gene2093"
6	1506	49368277	15	49344615	49391939	"gene21152"
6	2812	32069548	15	32067359	32071737	"gene20984"
6	372	26273243.5	15	26271672	26274815	"gene20910"
6	413	49207301	15	49206838	49207764	"gene21150"
6	3974	58947660.5	15	58931355	58963966	"gene21206"
6	2838	48406310.5	15	48397242	48415379	"gene21135"
6	1254	25666699	15	25655482	25677916	"gene20908"
6	373	14888829.5	15	14887764	14889895	"gene20794"
6	373	20819798.5	15	20813540	20826057	"gene20852"
6	373	16843581	15	16843044	16844118	"gene20824"
4	3542	503210270.5	16	503203587	503216954	"gene15957"
4	3545	505028144	16	505020927	505035361	"gene15970"
4	221	459521946	16	459439359	459604533	"gene15701"
4	1004	460113642	16	460102922	460124362	"gene15705"
4	535	443262232.5	16	443261043	443263422	"gene15597"
4	1002	675278111.5	16	675263279	675292944	"gene16989"
3	3017	431073729	17	430964642	431182816	"gene11211"
4	464	683814988	17	683784559	683845417	"gene17049"
9	881	57780292	18	57779173	57781411	"gene31539"
6	1520	652647579	19	652635788	652659370	"gene24297"
10	766	505713890	19	505708522	505719258	"gene36760"
10	732	531457834.5	19	531453131	531462538	"gene36894"
10	2851	531631069.5	19	531617162	531644977	"gene36899"
10	4159	585497841	19	585472451	585523231	"gene37188"
10	6426	584186452.5	19	584186072	584186833	"gene37176"
11	1493	244632039	20	244627117	244636961	"gene38989"
10	96	212965674.5	20	212953931	212977418	"gene35507"
10	110	492430878	20	492428721	492433035	"gene36685"
10	2119	530894107.5	20	530860454	530927761	"gene36887"
10	2119	530935449.5	20	530929203	530941696	"gene36889"
10	2852	534515032	20	534505076	534524988	"gene36918"
5	2872	44535879	21	44525811	44545947	"gene17553"
3	426	549991643	21	549991358	549991928	"gene11756"
8	3904	15398442	22	15386100	15410784	"gene27873"
10	1346	101638329	22	101601828	101674830	"gene35011"
2	150	745720127.5	22	745711751	745728504	"gene8557"
3	2425	403086867	23	403079799	403093935	"gene11071"
5	1397	387274005.5	24	387225789	387322222	"gene19185"
5	1397	387221065	24	387216310	387225820	"gene19184"
5	1364	381340657.5	24	381334058	381347257	"gene19152"
5	1389	379820771	24	379791555	379849987	"gene19143"
2	1117	858216000	24	858212695	858219305	"gene9126"
2	1362	542782392.5	24	542775963	542788822	"gene7604"
10	4512	73529406.5	25	73524206	73534607	"gene34850"
4	1766	423310608.5	26	423305694	423315523	"gene15548"
4	931	648876225.5	26	648875911	648876540	"gene16834"
4	1183	634647932	26	634647760	634648104	"gene16734"
4	10157	560815484	26	560807715	560823253	"gene16347"
4	7591	607951382.5	26	607944822	607957943	"gene16604"
8	2766	45417276	27	45415108	45419444	"gene28106"
8	1073	44140202	27	44087081	44193323	"gene28091"
5	2473	531488475.5	27	531476286	531500665	"gene19777"
8	2740	214942901.5	27	214941433	214944370	"gene29017"
5	2740	344180687	27	344179070	344182304	"gene19003"
8	3369	213135262	27	213134888	213135636	"gene29003"
10	1379	228883679	28	228882151	228885207	"gene35591"
11	5618	168579602	28	168579232	168579972	"gene38693"
11	4492	169076177.5	28	169066741	169085614	"gene38696"
2	39	242967601.5	29	242953936	242981267	"gene6338"
2	953	242094069.5	29	242093386	242094753	"gene6334"
2	550	258901484.5	29	258892039	258910930	"gene6396"
2	985	188274782.5	29	188267317	188282248	"gene6117"
2	37	195148944	29	195135882	195162006	"gene6143"
2	35	272509522.5	29	272490425	272528620	"gene6433"
2	539	258307350.5	29	258306672	258308029	"gene6394"
2	1169	227211023.5	29	227186799	227235248	"gene6281"
2	1169	36345356	29	36343417	36347295	"gene5320"
2	1131	34324743	29	34316355	34333131	"gene5305"
2	8672	35855442.5	29	35841368	35869517	"gene5316"
2	5945	241984682	29	241980941	241988423	"gene6331"
2	1149	250038986.5	29	250038192	250039781	"gene6355"
2	2495	274331863	29	274325120	274338606	"gene6442"
10	3536	172433250.5	30	172397092	172469409	"gene35352"
10	1544	187413964.5	30	187367874	187460055	"gene35403"
2	5880	221154511	31	221145262	221163760	"gene6257"
4	2199	403853932.5	32	403845984	403861881	"gene15439"
1	6170	143093105	32	143011495	143174715	"gene738"
1	8838	143705603.5	32	143700949	143710258	"gene740"
3	5830	252769127	33	252754883	252783371	"gene10481"
3	4385	345761410	33	345643824	345878996	"gene10829"
3	3343	378208125	33	378183949	378232301	"gene10943"
3	4236	253431899	33	253422007	253441791	"gene10484"
3	4235	264398323	33	264348434	264448212	"gene10517"
11	4249	335980947.5	34	335973089	335988806	"gene39436"
11	2146	360613816	34	360613101	360614531	"gene39542"
11	3454	358251771	34	358237702	358265840	"gene39522"
11	2147	360403187.5	34	360402424	360403951	"gene39541"
4	1014	659963022.5	35	659953258	659972787	"gene16904"
5	5	68529878.5	35	68529293	68530464	"gene17655"
5	2002	71254431.5	35	71253341	71255522	"gene17675"
5	2328	102686295	35	102685165	102687425	"gene17869"
5	4	101406081	35	101376813	101435349	"gene17863"
3	3535	643419250.5	35	643418204	643420297	"gene12354"
10	3535	448985293	35	448984873	448985713	"gene36496"
1	548	607986629	35	607973547	607999711	"gene3273"
1	2367	615857224	35	615837562	615876886	"gene3317"
5	4774	64368709	36	64365032	64372386	"gene17638"
5	713	126972054	36	126956881	126987227	"gene18039"
5	713	145538220.5	36	145527452	145548989	"gene18122"
5	1486	136438112	36	136435935	136440289	"gene18087"
5	940	127170347.5	36	127168681	127172014	"gene18041"
5	5462	131700051.5	36	131617972	131782131	"gene18061"
11	2305	5548894	37	5462130	5635658	"gene37588"
9	2305	568512913.5	37	568499125	568526702	"gene33844"
9	2305	564985437.5	37	564981052	564989823	"gene33827"
11	3067	5235126.5	37	5234581	5235672	"gene37586"
4	459	313241163.5	37	313200946	313281381	"gene15066"
10	455	195867454.5	37	195860315	195874594	"gene35442"
8	453	485202299	37	485195969	485208629	"gene30145"
6	2720	505431556.5	38	505419898	505443215	"gene23459"
10	1052	587494201	38	587485894	587502508	"gene37203"
10	1035	607104362.5	38	607104108	607104617	"gene37304"
10	1035	607094333.5	38	607092801	607095866	"gene37303"
10	725	585387209	38	585374318	585400100	"gene37186"
10	1054	586227992.5	38	586225378	586230607	"gene37196"
9	1054	203855810.5	38	203854928	203856693	"gene32303"
8	2728	135576538	38	135570686	135582390	"gene28583"
9	2728	191428338	38	191427878	191428798	"gene32266"
3	840	497246317	40	497244323	497248311	"gene11459"
3	1269	491960211.5	40	491959286	491961137	"gene11442"
3	3482	489735097	40	489734696	489735498	"gene11432"
3	4289	106451116.5	40	106446177	106456056	"gene9793"
2	5629	832636391	41	832633018	832639764	"gene9002"
3	5629	211428845	41	211416243	211441447	"gene10295"
2	5439	797390679.5	41	797384188	797397171	"gene8836"
2	4206	354109433.5	41	354107944	354110923	"gene6720"
5	4206	526817273	41	526816252	526818294	"gene19761"
2	5228	19738465.5	41	19735916	19741015	"gene5243"
2	1200	292352603.5	41	292342332	292362875	"gene6503"
2	1216	294691685.5	41	294625996	294757375	"gene6512"
2	1215	106346755	41	106337832	106355678	"gene5642"
2	1199	104120153.5	41	104103685	104136622	"gene5631"
2	6855	102997686.5	41	102996056	102999317	"gene5620"
2	9270	199173220.5	41	199108207	199238234	"gene6170"
2	9507	196667083.5	41	196654476	196679691	"gene6151"
8	185	512666962	42	512664235	512669689	"gene30315"
8	183	529544089.5	42	529542103	529546076	"gene30414"
8	2243	568476828	42	568473265	568480391	"gene30580"
11	3388	94416605.5	43	94381671	94451540	"gene38318"
3	1374	141036264	43	141036032	141036496	"gene9937"
10	4854	48743165.5	44	48738762	48747569	"gene34695"
10	4830	45878290.5	44	45875373	45881208	"gene34676"
10	641	16866946.5	44	16864884	16869009	"gene34516"
10	638	14739816.5	44	14731809	14747824	"gene34493"
7	1704	237441145	45	237426930	237455360	"gene25627"
7	897	397528769.5	45	397512613	397544926	"gene26287"
8	211	523524602	46	523506680	523542524	"gene30387"
8	4066	227107505.5	46	227107245	227107766	"gene29070"
11	7587	49049862.5	47	49019423	49080302	"gene38004"
11	1378	92057324.5	47	92054621	92060028	"gene38297"
11	1378	94182128.5	47	94148963	94215294	"gene38317"
11	5434	90229377	47	90209812	90248942	"gene38291"
6	2827	601722562.5	48	601722309	601722816	"gene23923"
6	410	622475956	48	622475289	622476623	"gene24042"
6	1264	623801509.5	48	623737302	623865717	"gene24051"
6	6190	603462277.5	48	603462053	603462502	"gene23936"
10	1240	626119563.5	48	626090774	626148353	"gene37473"
10	10662	627709957.5	48	627707428	627712487	"gene37491"
8	181	384807970	49	384807783	384808157	"gene29692"
8	1743	516703948	49	516701227	516706669	"gene30349"
8	9298	534010120.5	49	534008703	534011538	"gene30445"
8	9298	527164184	49	527159819	527168549	"gene30402"
10	3778	554703594	51	554701098	554706090	"gene37055"
10	1036	587926208.5	51	587922253	587930164	"gene37207"
10	1036	585829884.5	51	585820723	585839046	"gene37193"
10	3370	608148663	51	608137359	608159967	"gene37311"
6	6745	33246934.5	52	33221311	33272558	"gene20997"
6	7867	32679754	52	32677101	32682407	"gene20993"
6	1574	31015660.5	52	31009593	31021728	"gene20976"
6	5342	118449888	52	118447187	118452589	"gene21608"
6	265	118580966	52	118574501	118587431	"gene21609"
6	3055	35282851.5	52	35281091	35284612	"gene21016"
6	155	35503591.5	52	35498185	35508998	"gene21017"
6	1795	36806368	52	36805328	36807408	"gene21023"
6	2313	37885753.5	52	37858224	37913283	"gene21033"
6	3056	14681705	52	14656312	14707098	"gene20792"
6	8950	62265899	52	62260541	62271257	"gene21216"
5	1926	495104105	53	495063904	495144306	"gene19626"
5	853	462748550.5	53	462747214	462749887	"gene19485"
5	5335	463882327	53	463866481	463898173	"gene19492"
4	852	488911458.5	53	488896247	488926670	"gene15873"
4	851	489429674	53	489424789	489434559	"gene15876"
4	2298	489791987	53	489782993	489800981	"gene15880"
4	2298	489818732	53	489818292	489819172	"gene15881"
4	507	490023843	53	490021474	490026212	"gene15884"
1	1841	718702978.5	53	718686748	718719209	"gene3766"
1	1890	724805882.5	53	724805345	724806420	"gene3798"
1	1889	728428876.5	53	728427839	728429914	"gene3813"
6	28	639083227	54	639078159	639088295	"gene24162"
8	994	49027734	54	49008711	49046757	"gene28127"
8	219	37585009.5	54	37583936	37586083	"gene28050"
8	909	30849976.5	54	30840935	30859018	"gene28027"
2	527	520299073	55	520296263	520301883	"gene7505"
2	120	522908578.5	55	522884901	522932256	"gene7522"
2	1550	455287919.5	55	455273042	455302797	"gene7178"
9	1277	431152378	56	431140350	431164406	"gene33228"
9	4832	424844158.5	56	424832200	424856117	"gene33201"
9	2149	532212745	57	532207361	532218129	"gene33693"
4	788	195432506.5	58	195400446	195464567	"gene14527"
4	1531	183999034.5	58	183997863	184000206	"gene14464"
5	6201	673970409	58	673879372	674061446	"gene20542"
5	3142	673179352.5	58	673174107	673184598	"gene20538"
5	3142	667330408	58	667232598	667428218	"gene20521"
10	1053	586771900	59	586768603	586775197	"gene37201"
10	1041	558263376	59	558231598	558295154	"gene37066"
11	4242	29707218	60	29673618	29740818	"gene37848"
11	3959	30716445	60	30709192	30723698	"gene37862"
11	2756	73816217	60	73786652	73845782	"gene38159"
11	3967	75695610.5	60	75662092	75729129	"gene38175"
11	3791	76233375.5	60	76221216	76245535	"gene38180"
11	3791	74851462.5	60	74795794	74907131	"gene38168"
11	2753	2369236	60	2354776	2383696	"gene37558"
11	4288	142935595	60	142932980	142938210	"gene38574"
5	5636	383453757	60	383423733	383483781	"gene19166"
1	1754	148947832.5	61	148935882	148959783	"gene764"
1	1754	148972600	61	148968939	148976261	"gene765"
1	352	149794657.5	61	149793614	149795701	"gene772"
5	427	624455630	62	624429391	624481869	"gene20275"
5	894	520397365.5	63	520394792	520399939	"gene19726"
7	849	7572919	64	7566631	7579207	"gene24585"
7	167	4877331	64	4876082	4878580	"gene24564"
11	2588	337711022	65	337674684	337747360	"gene39456"
6	2589	663133814	65	663132517	663135111	"gene24403"
11	2589	336687486	65	336670603	336704369	"gene39446"
1	505	274460900	66	274459053	274462747	"gene1609"
7	505	251402892.5	66	251388676	251417109	"gene25693"
10	1977	291950670	66	291911695	291989645	"gene35829"
4	991	93642755.5	68	93631488	93654023	"gene14007"
4	992	318159744.5	68	318087945	318231544	"gene15093"
4	1988	315402488.5	68	315401749	315403228	"gene15083"
4	1988	315379421.5	68	315379174	315379669	"gene15082"
4	13	29019181	68	28998113	29040249	"gene13610"
4	606	28050456.5	68	28034481	28066432	"gene13605"
4	9091	27760405.5	68	27759839	27760972	"gene13602"
4	2503	22010253	68	22000698	22019808	"gene13585"
6	5713	63923402.5	69	63917524	63929281	"gene21234"
6	9172	62997665	69	62996477	62998853	"gene21221"
6	6731	19448595.5	69	19448036	19449155	"gene20843"
6	4398	16602474.5	69	16590395	16614554	"gene20815"
9	11	640022298	70	640019227	640025369	"gene34376"
9	64	639110014.5	70	639093258	639126771	"gene34363"
8	3677	497174741	70	497171834	497177648	"gene30208"
9	3677	633500136.5	70	633494741	633505532	"gene34287"
8	847	528843843	71	528826619	528861067	"gene30410"
3	847	429238936	71	429235300	429242572	"gene11197"
4	579	54238193.5	71	54229021	54247366	"gene13763"
4	1986	55837238.5	71	55812842	55861635	"gene13776"
4	232	312598311	71	312597167	312599455	"gene15063"
4	2022	314869082.5	71	314868881	314869284	"gene15078"
7	6258	626522407	75	626521483	626523331	"gene27496"
7	10179	626680765	75	626673523	626688007	"gene27499"
10	1525	563045050.5	76	563042352	563047749	"gene37070"
10	703	551922668	76	551914981	551930355	"gene37036"
10	1459	482966267.5	77	482964956	482967579	"gene36636"
3	1207	820008564	77	820005870	820011258	"gene13292"
10	1412	476895652	77	476890659	476900645	"gene36612"
10	2789	473938958.5	77	473923506	473954411	"gene36598"
5	1745	459520729	78	459441879	459599579	"gene19470"
1	1845	979555051	78	979545397	979564705	"gene5097"
1	1730	818946454	78	818866074	819026834	"gene4186"
1	1730	819104235.5	78	819055658	819152813	"gene4188"
1	3356	831218659.5	78	831194689	831242630	"gene4238"
1	5193	836241074	78	836239083	836243065	"gene4266"
1	3472	662197348.5	79	662196003	662198694	"gene3507"
10	3472	225495039.5	79	225481969	225508110	"gene35572"
10	5112	231174613	79	231173909	231175317	"gene35602"
10	1856	184625958	79	184622656	184629260	"gene35378"
10	1856	186154362.5	79	186152083	186156642	"gene35393"
3	2000	273149146	80	273067717	273230575	"gene10550"
3	3365	373142034	80	373139936	373144132	"gene10923"
3	2327	272788464	80	272780584	272796344	"gene10547"
3	5467	284214187.5	80	284148657	284279718	"gene10578"
4	2912	631379269.5	81	631376227	631382312	"gene16726"
4	2912	626334026.5	81	626332993	626335060	"gene16690"
4	3264	195231136.5	81	195212289	195249984	"gene14526"
4	1774	227014404	81	227012828	227015980	"gene14652"
4	1469	29958336.5	81	29950762	29965911	"gene13622"
4	1932	27229479	81	27210185	27248773	"gene13595"
8	2737	47185481.5	82	47167368	47203595	"gene28120"
4	1404	697268368	82	697259383	697277353	"gene17140"
8	2480	383513045	82	383364467	383661623	"gene29690"
8	297	27193687	82	27192860	27194514	"gene27994"
8	1821	488547734.5	83	488537584	488557885	"gene30155"
11	1407	74991838.5	88	74983962	74999715	"gene38170"
8	3205	29891255.5	89	29868336	29914175	"gene28018"
5	1627	518662754.5	89	518635231	518690278	"gene19715"
3	1693	756636975.5	90	756558118	756715833	"gene12966"
3	1882	756387627.5	90	756379820	756395435	"gene12964"
1	1923	960038791.5	90	960014877	960062706	"gene4963"
1	872	958503354.5	90	958498791	958507918	"gene4951"
2	964	772452254	92	772447079	772457429	"gene8704"
2	975	758415445.5	92	758414873	758416018	"gene8637"
10	424	238464280.5	94	238447003	238481558	"gene35636"
11	3451	260174072	94	260173918	260174226	"gene39064"
11	728	261374110	94	261276838	261471382	"gene39071"
11	534	262171108	94	262077004	262265212	"gene39075"
4	534	454494186.5	94	454474410	454513963	"gene15673"
4	933	544065322.5	94	544057802	544072843	"gene16242"
2	792	118417460	95	118415971	118418949	"gene5706"
4	142	322913416	98	322901249	322925583	"gene15121"
10	1524	563257769.5	100	563236687	563278852	"gene37075"
6	2335	195204560.5	102	195136519	195272602	"gene21956"
6	1919	66875857	103	66875466	66876248	"gene21256"
4	233	56344195.5	104	56343890	56344501	"gene13778"
8	1455	161559099	105	161556695	161561503	"gene28722"
4	5805	258753940	106	258753714	258754166	"gene14810"
4	1940	252795286	106	252794062	252796510	"gene14778"
7	1990	607598951.5	107	607592105	607605798	"gene27357"
7	2527	642519185	107	642516525	642521845	"gene27653"
2	6642	539511391.5	107	539509662	539513121	"gene7585"
3	1300	469047753.5	108	468915149	469180358	"gene11362"
3	3347	86501044	108	86393380	86608708	"gene9696"
3	827	85895876.5	108	85880344	85911409	"gene9690"
4	4238	67584724	108	67581652	67587796	"gene13864"
3	4238	411817831	108	411815512	411820150	"gene11123"
7	4279	641957504	108	641938334	641976674	"gene27647"
7	801	646487652.5	108	646480018	646495287	"gene27695"
7	801	105875703.5	108	105873863	105877544	"gene25092"
6	2891	546434532.5	110	546433078	546435987	"gene23668"
9	2891	565822692.5	110	565821603	565823782	"gene33831"
9	1066	561174715.5	110	561171887	561177544	"gene33806"
8	2092	143682593	112	143662412	143702774	"gene28611"
8	3809	101041905.5	112	101038937	101044874	"gene28432"
8	3774	257813427.5	114	257813245	257813610	"gene29200"
8	2761	259176908.5	114	259170298	259183519	"gene29205"
5	1208	15959567	115	15958078	15961056	"gene17403"
9	4394	414083804.5	116	414083318	414084291	"gene33161"
9	1276	415414568	116	415408119	415421017	"gene33168"
1	3256	284713805.5	118	284713104	284714507	"gene1647"
7	1494	48311109.5	118	48302879	48319340	"gene24803"
5	5589	11420755.5	119	11415362	11426149	"gene17382"
5	3597	312692799	119	312689444	312696154	"gene18866"
8	4577	609403951.5	123	609397433	609410470	"gene30844"
8	4417	495536499	123	495492700	495580298	"gene30199"
11	3609	106844605.5	124	106844282	106844929	"gene38397"
1	71	885852507	125	885833663	885871351	"gene4492"
1	2191	884793246	125	884781727	884804765	"gene4483"
6	2934	371684452	126	371624887	371744017	"gene22769"
10	1857	174280457	127	174269034	174291880	"gene35360"
2	6623	172451357.5	127	172450391	172452324	"gene6041"
10	6623	180818305.5	127	180810748	180825863	"gene35368"
4	223	612228804	128	612223238	612234370	"gene16624"
4	3364	614759384.5	128	614756429	614762340	"gene16644"
4	3364	614684250	128	614682721	614685779	"gene16643"
8	6404	12733923	131	12732824	12735022	"gene27856"
2	1170	136305866	133	136299196	136312536	"gene5826"
2	5440	27013122	134	27005493	27020751	"gene5268"
8	1741	136477705.5	136	136474158	136481253	"gene28589"
8	892	98351383	136	98330197	98372569	"gene28408"
8	893	75674717	136	75673951	75675483	"gene28301"
8	893	76085883.5	136	76079822	76091945	"gene28311"
8	893	76050274	136	76047963	76052585	"gene28310"
8	2718	52350271.5	136	52349606	52350937	"gene28140"
6	555	190128568.5	138	190113878	190143259	"gene21929"
6	2510	186009243.5	138	185994496	186023991	"gene21900"
6	2336	192191795	138	192190881	192192709	"gene21938"
9	168	127479426	139	127478666	127480186	"gene31991"
4	2323	244774579	140	244769518	244779640	"gene14744"
2	886	115796614.5	141	115700258	115892971	"gene5687"
8	3997	647277422.5	143	647254524	647300321	"gene31161"
3	4129	145913379.5	144	145900519	145926240	"gene9963"
2	969	270094514	144	270093972	270095056	"gene6430"
2	3473	36124084.5	144	36115703	36132466	"gene5318"
2	887	271007976	144	271006710	271009242	"gene6431"
2	1961	800493149.5	145	800492640	800493659	"gene8846"
8	2981	134883518.5	146	134877530	134889507	"gene28578"
9	303	194963597	146	194957951	194969243	"gene32283"
8	303	141526983	146	141523406	141530560	"gene28600"
9	1373	420156140.5	148	420107833	420204448	"gene33184"
9	1057	420859037.5	148	420824972	420893103	"gene33187"
11	3714	3423187.5	149	3420209	3426166	"gene37572"
6	1419	499692621	150	499674625	499710617	"gene23424"
6	8619	623980715.5	150	623922890	624038541	"gene24052"
6	5437	624761075.5	150	624758937	624763214	"gene24057"
8	5437	95297670	150	95290085	95305255	"gene28391"
11	594	49823646.5	151	49821992	49825301	"gene38014"
9	2053	624101928	151	624096360	624107496	"gene34188"
9	2053	624196560.5	151	624194140	624198981	"gene34189"
9	6964	625505857	151	625501027	625510687	"gene34198"
9	9224	627240485.5	151	627214641	627266330	"gene34223"
3	7644	718020087.5	154	718018560	718021615	"gene12759"
3	610	104474780	155	104470902	104478658	"gene9780"
3	1989	57116950	155	57106339	57127561	"gene9551"
3	1989	96460288.5	155	96452841	96467736	"gene9747"
4	6651	477095959.5	157	477092756	477099163	"gene15815"
4	1107	475691660	157	475677274	475706046	"gene15801"
5	1927	498136619.5	157	498133353	498139886	"gene19648"
5	1927	492055766.5	157	492050910	492060623	"gene19612"
5	332	492244830	157	492226029	492263631	"gene19616"
5	1105	500041365	157	500035640	500047090	"gene19656"
6	1221	567599015	158	567573102	567624928	"gene23779"
9	1221	20423894	158	20423554	20424234	"gene31290"
6	1418	600839349	158	600819999	600858699	"gene23918"
6	1418	602862352	158	602827261	602897443	"gene23932"
6	6705	624441600	158	624422432	624460768	"gene24055"
4	2390	244976851.5	161	244909949	245043754	"gene14745"
4	2960	256637540.5	161	256636664	256638417	"gene14802"
7	836	629420082	163	629404174	629435990	"gene27540"
7	837	637104869.5	163	637078430	637131309	"gene27603"
3	552	105869550	164	105833664	105905436	"gene9786"
8	9258	439826477	165	439819701	439833253	"gene29958"
9	506	504494768	166	504488609	504500927	"gene33547"
6	910	302442047	166	302434998	302449096	"gene22427"
9	1762	28914120.5	166	28897858	28930383	"gene31352"
9	1562	134094242	166	134081184	134107300	"gene32021"
9	5167	145039450	166	145037090	145041810	"gene32096"
8	5167	229043112.5	166	228998570	229087655	"gene29082"
4	1767	12742896	169	12741394	12744398	"gene13532"
4	1791	12326730.5	169	12323905	12329556	"gene13526"
11	4769	101466567.5	170	101457059	101476076	"gene38365"
11	736	104025199	170	103891792	104158606	"gene38379"
11	125	115189639	170	115174515	115204763	"gene38446"
11	1947	116231118	170	116225376	116236860	"gene38453"
9	1331	458929764.5	174	458929066	458930463	"gene33343"
8	4582	431934663	174	431892837	431976489	"gene29908"
10	3393	293599830	176	293588631	293611029	"gene35839"
7	2227	502410116	176	502404729	502415503	"gene26842"
3	2227	326678678	176	326675190	326682166	"gene10745"
3	4811	254090587	176	254061316	254119858	"gene10488"
3	1474	343050948.5	176	343007732	343094165	"gene10811"
3	9341	347829431.5	176	347818585	347840278	"gene10836"
7	5792	654641061.5	177	654618591	654663532	"gene27766"
7	5522	620273755.5	177	620263067	620284444	"gene27439"
7	4293	619895251.5	177	619894598	619895905	"gene27436"
7	1311	620480964	177	620438649	620523279	"gene27443"
7	4276	620395605.5	177	620388228	620402983	"gene27441"
7	5521	653991913	177	653988825	653995001	"gene27756"
7	6013	654136948.5	177	654125940	654147957	"gene27760"
11	771	436456433.5	178	436246908	436665959	"gene39961"
11	719	440511833.5	178	440504442	440519225	"gene39978"
11	1483	429063048	178	429054176	429071920	"gene39891"
1	3408	187342911.5	180	187341728	187344095	"gene1017"
10	154	30089743	180	30087971	30091515	"gene34601"
7	3741	608069395	181	608066634	608072156	"gene27358"
7	2565	607240601	181	607238875	607242327	"gene27355"
7	3644	643912933.5	181	643877221	643948646	"gene27669"
9	1059	91201407.5	183	91194677	91208138	"gene31770"
5	4868	353401557	188	353394162	353408952	"gene19022"
5	4868	353357503.5	188	353357067	353357940	"gene19021"
5	6071	336158910	188	336157800	336160020	"gene18975"
5	4869	357651499	188	357648698	357654300	"gene19043"
5	6473	358320643.5	188	358313289	358327998	"gene19044"
11	1516	109656772.5	189	109535986	109777559	"gene38417"
11	1468	33158961	189	33153596	33164326	"gene37885"
11	1517	32540599	189	32517774	32563424	"gene37876"
11	2584	26896810	191	26864396	26929224	"gene37829"
3	795	497862486.5	192	497695202	498029771	"gene11461"
3	3666	10902098	192	10720492	11083704	"gene9282"
1	311	675439642.5	193	675385210	675494075	"gene3558"
4	1392	481508740.5	193	481505921	481511560	"gene15826"
4	1391	473326210	193	473313673	473338747	"gene15782"
4	2316	635935121	195	635772888	636097354	"gene16736"
1	2316	724059515.5	195	724050141	724068890	"gene3797"
1	2316	723819126.5	195	723800088	723838165	"gene3794"
1	1697	731745283.5	195	731721863	731768704	"gene3822"
1	4824	729759117	195	729757429	729760805	"gene3817"
6	663	350878563.5	198	350876285	350880842	"gene22681"
8	663	434944123.5	198	434940698	434947549	"gene29918"
9	1816	579610667.5	200	579607822	579613513	"gene33911"
2	1772	853762756	200	853760210	853765302	"gene9099"
2	3485	809115415.5	200	809113267	809117564	"gene8874"
4	4335	67062728.5	201	67053561	67071896	"gene13861"
4	1540	259495370	203	259489723	259501017	"gene14814"
4	1930	254967794	203	254963565	254972023	"gene14796"
4	1930	255697938	203	255691505	255704371	"gene14801"
4	1931	206766523	203	206668462	206864584	"gene14591"
4	2111	202040998.5	203	201989016	202092981	"gene14563"
4	9262	186628534.5	203	186603001	186654068	"gene14488"
11	1136	410290450.5	206	410247791	410333110	"gene39776"
10	3233	227532411	207	227526569	227538253	"gene35577"
10	9510	224703393	207	224703142	224703644	"gene35566"
1	913	816971899.5	208	816925370	817018429	"gene4173"
7	3817	618244822.5	209	618238972	618250673	"gene27416"
3	355	554102391	210	554101990	554102792	"gene11777"
8	3784	10616564.5	211	10615888	10617241	"gene27846"
8	2655	10346808.5	211	10219341	10474276	"gene27845"
8	4392	179749942.5	211	179749598	179750287	"gene28808"
8	1528	8088398	211	8087297	8089499	"gene27839"
8	9525	7094963	211	7043174	7146752	"gene27831"
9	2606	552005470	213	551976490	552034450	"gene33757"
10	572	111237993	214	111231957	111244029	"gene35071"
7	3610	52853903.5	216	52851440	52856367	"gene24823"
7	746	53268827.5	216	53264006	53273649	"gene24827"
10	449	219787955	217	219787514	219788396	"gene35542"
5	3469	615057208	219	614935345	615179071	"gene20216"
5	4028	615660695	219	615652552	615668838	"gene20224"
11	5539	46664739.5	220	46658991	46670488	"gene37989"
11	2048	93549442.5	220	93542517	93556368	"gene38312"
11	1393	93236757.5	220	93235646	93237869	"gene38311"
8	1648	147256771	221	147243225	147270317	"gene28635"
8	2274	260476978.5	221	260460011	260493946	"gene29211"
4	3377	704515178.5	222	704501431	704528926	"gene17184"
4	2743	702184778	222	702174651	702194905	"gene17175"
10	45	196299396.5	223	196267724	196331069	"gene35444"
10	45	195648456.5	223	195619131	195677782	"gene35437"
10	44	193890026	223	193829561	193950491	"gene35425"
10	2869	229435430.5	227	229434411	229436450	"gene35594"
1	1881	896270957	228	896269680	896272234	"gene4535"
7	2249	301531696.5	229	301527510	301535883	"gene25880"
7	490	292886462.5	229	292884315	292888610	"gene25841"
7	9043	290248944.5	229	290247493	290250396	"gene25832"
7	1984	584579391.5	232	584565843	584592940	"gene27241"
1	822	817754335.5	235	817745007	817763664	"gene4178"
1	144	757057349.5	235	757051724	757062975	"gene3929"
1	681	934710743.5	235	934698652	934722835	"gene4829"
1	10861	812314831	235	812304473	812325189	"gene4143"
10	5763	557876345.5	236	557875054	557877637	"gene37064"
3	6182	413486574.5	237	413464122	413509027	"gene11128"
7	613	640839273.5	237	640838989	640839558	"gene27637"
10	450	212270180	238	212268503	212271857	"gene35503"
4	6483	660886565	239	660885473	660887657	"gene16914"
3	2772	793352185.5	241	793332310	793372061	"gene13163"
9	1363	70061165	242	70011013	70111317	"gene31623"
6	1222	588697395	243	588697199	588697591	"gene23853"
6	2846	488660766.5	243	488650240	488671293	"gene23390"
6	5230	493398487	243	493398296	493398678	"gene23403"
11	1826	434443994	249	434398006	434489982	"gene39944"
11	269	435107521.5	249	435105626	435109417	"gene39952"
