9	205	28323323.5	0	28321803	28324844	"Gb_41126"
10	901	648616998	0	648615237	648618759	"Gb_03470"
9	8921	23286656	0	23284145	23289167	"Gb_07577"
10	8921	645782933	0	645763642	645802224	"Gb_37971"
9	900	23934213.5	0	23917307	23951120	"Gb_04106"
10	900	644339176	0	644319422	644358930	"Gb_37967"
10	1840	693204542.5	0	693204202	693204883	"Gb_30700"
10	3188	692747428	0	692624974	692869882	"Gb_30710"
10	1839	690013249	0	690011917	690014581	"Gb_37263"
10	3183	450208891.5	0	449975125	450442658	"Gb_29099"
10	917	659433890.5	0	659432940	659434841	"Gb_14423"
10	194	666839739.5	0	666829809	666849670	"Gb_39746"
10	1838	677355391.5	0	677226765	677484018	"Gb_08675"
10	1723	220762535	0	220762141	220762929	"Gb_06443"
10	4873	197359077	0	197358950	197359204	"Gb_00525"
10	6405	62586463	1	62563648	62609278	"Gb_35844"
3	3472	522598215	1	522597047	522599383	"Gb_11507"
7	3472	192067992.5	1	192066839	192069146	"Gb_05835"
3	3233	519957969.5	1	519845973	520069966	"Gb_36362"
3	1379	518191276.5	1	518189714	518192839	"Gb_04017"
3	1857	468711593.5	1	468705357	468717830	"Gb_39263"
3	6623	472485476	1	472476316	472494636	"Gb_24062"
3	1856	474730756	1	474727793	474733719	"Gb_16184"
7	1876	288377433	1	288370880	288383986	"Gb_30396"
12	969	230744077.5	1	230608521	230879634	"Gb_09913"
7	5768	34585375.5	1	34429011	34741740	"Gb_19876"
7	960	25188510.5	1	25185456	25191565	"Gb_26323"
7	960	30319285	1	30306990	30331580	"Gb_35164"
1	1881	220657077.5	1	220655932	220658223	"Gb_10452"
3	1782	498827996	1	498827608	498828384	"Gb_19266"
3	449	497096293.5	1	497095843	497096744	"Gb_33038"
3	2944	496327001.5	1	496279921	496374082	"Gb_11848"
3	958	497502474.5	1	497488912	497516037	"Gb_11480"
3	1783	500795015	1	500630258	500959772	"Gb_19277"
8	1532	347206298	2	347205648	347206948	"Gb_21220"
8	4360	336694653.5	2	336463594	336925713	"Gb_37508"
8	1024	330589602.5	2	330544632	330634573	"Gb_13248"
8	790	329955583	2	329953024	329958142	"Gb_39526"
8	2165	323644930.5	2	323562107	323727754	"Gb_34330"
8	789	518002234	2	517972525	518031943	"Gb_16450"
8	1531	514446735	2	514445570	514447900	"Gb_38052"
8	3264	526411919.5	2	526364897	526458942	"Gb_18269"
8	1469	453499696	2	453440346	453559046	"Gb_31563"
8	1932	458863487.5	2	458814894	458912081	"Gb_34077"
9	1951	200379949	2	200379253	200380645	"Gb_21922"
9	3685	196325638.5	2	196286320	196364957	"Gb_35057"
10	2279	260397457	3	260376148	260418766	"Gb_35127"
10	3104	263387945.5	3	263316102	263459789	"Gb_31542"
10	2948	278326049.5	3	278324590	278327509	"Gb_20118"
10	2898	278914178.5	3	278912703	278915654	"Gb_20119"
10	3079	276100355.5	3	276032590	276168121	"Gb_16393"
12	1198	104433886	3	104313878	104553894	"Gb_22046"
12	1214	98277395.5	3	98245179	98309612	"Gb_17271"
12	6574	89267366	3	89242256	89292476	"Gb_12059"
10	398	69041700.5	3	69040617	69042784	"Gb_10245"
4	398	146857901.5	3	146857336	146858467	"Gb_05672"
12	1201	155618147.5	3	155617356	155618939	"Gb_08535"
12	5228	156166585.5	3	156164850	156168321	"Gb_08547"
12	1958	326578507	3	326578216	326578798	"Gb_10580"
12	1958	146397134.5	3	146394751	146399518	"Gb_01952"
12	4206	328362770	3	328280947	328444593	"Gb_11524"
11	5439	73473265.5	3	73446823	73499708	"Gb_33600"
7	5629	487972895.5	3	487928140	488017651	"Gb_15677"
11	5629	68440863	3	68439816	68441910	"Gb_27847"
11	1117	35752687	4	35721102	35784272	"Gb_15747"
2	5636	98797544.5	4	98782891	98812198	"Gb_05917"
2	4288	612450877	4	612447927	612453827	"Gb_31868"
2	8604	768650267	4	768632973	768667561	"Gb_28216"
2	2753	715630721.5	4	715608732	715652711	"Gb_33346"
2	3434	713073033	4	713072433	713073633	"Gb_27127"
6	499	531521028	5	531518768	531523288	"Gb_31076"
6	3239	526145255.5	5	526143771	526146740	"Gb_18690"
10	4082	272375458.5	5	272374137	272376780	"Gb_20058"
10	2949	274385253.5	5	274384381	274386126	"Gb_20061"
10	2402	267649646	5	267619504	267679788	"Gb_29331"
10	6106	291311689	5	291310989	291312389	"Gb_04720"
10	186	291717378	5	291715983	291718773	"Gb_02161"
10	3355	295483193.5	5	295372041	295594346	"Gb_32692"
11	2377	472179855	5	472121440	472238270	"Gb_32360"
11	32	465130005	5	465068802	465191208	"Gb_02899"
11	939	474349019.5	5	474335316	474362723	"Gb_30659"
11	2047	469524642	5	469448346	469600938	"Gb_32681"
5	1828	492920958.5	6	492758776	493083141	"Gb_10855"
5	3108	572137277	6	572132793	572141761	"Gb_39640"
5	1809	576280385	6	576065124	576495646	"Gb_13934"
5	1809	600316461.5	6	600314906	600318017	"Gb_15614"
5	1634	606169997	6	606105229	606234765	"Gb_30255"
5	1810	606493780.5	6	606352927	606634634	"Gb_30260"
5	1794	607422935	6	607208653	607637217	"Gb_39516"
5	6483	720706090	6	720704270	720707910	"Gb_35737"
5	1183	630803108.5	6	630802935	630803282	"Gb_30325"
5	5662	611183598.5	6	611133431	611233766	"Gb_02140"
5	931	619296347	6	619296031	619296663	"Gb_28410"
5	2063	616517205.5	6	616515881	616518530	"Gb_10893"
10	462	277693538	7	277693031	277694045	"Gb_20116"
10	1588	268162169.5	7	268149990	268174349	"Gb_29333"
10	6787	260925480.5	7	260924894	260926067	"Gb_14069"
10	187	250735353.5	7	250686164	250784543	"Gb_18500"
10	1710	49221043.5	7	49143042	49299045	"Gb_37710"
10	1709	48770973	7	48770487	48771459	"Gb_37714"
10	1862	401974116.5	7	401973297	401974936	"Gb_09559"
10	3357	413751378	7	413728305	413774451	"Gb_08629"
10	503	341985102	7	341984537	341985667	"Gb_32340"
3	176	5950859	7	5950225	5951493	"Gb_40693"
10	176	344927425	7	344915929	344938921	"Gb_25567"
10	504	351666878.5	7	351666100	351667657	"Gb_25406"
10	881	694906964	8	694905110	694908818	"Gb_19850"
10	2296	648013697.5	8	648005687	648021708	"Gb_03465"
10	1657	692500719	8	692473201	692528237	"Gb_30711"
6	1748	363843706	8	363841201	363846211	"Gb_36688"
10	1748	670898186	8	670850358	670946014	"Gb_03781"
10	168	630103929.5	8	630093243	630114616	"Gb_07909"
10	899	687019990	8	686968788	687071192	"Gb_21766"
10	899	679245996	8	679188180	679303812	"Gb_39694"
6	2646	319165700	9	319050793	319280607	"Gb_16498"
6	2035	324985545	9	324984317	324986773	"Gb_39451"
6	2035	324931580	9	324929313	324933847	"Gb_39452"
12	1131	171387454.5	9	171134368	171640541	"Gb_13142"
12	8672	176058942.5	9	176055367	176062518	"Gb_10640"
12	5945	206283320	9	206259552	206307088	"Gb_30788"
8	1297	568000931.5	9	567996641	568005222	"Gb_23956"
7	817	80062809.5	10	80061523	80064096	"Gb_37555"
7	817	79594952.5	10	79594189	79595716	"Gb_03673"
7	3923	12803716.5	10	12803193	12804240	"Gb_25879"
7	3287	11935616	10	11879113	11992119	"Gb_25885"
7	3288	5870866	10	5870377	5871355	"Gb_11854"
7	3408	9738338.5	10	9735094	9741583	"Gb_40551"
7	3639	7941979.5	10	7931455	7952504	"Gb_23817"
7	4182	85985486.5	10	85881574	86089399	"Gb_00257"
2	154	471142222.5	10	471141971	471142474	"Gb_30618"
3	154	709272545	10	709272361	709272729	"Gb_10402"
3	815	683927252	10	683926131	683928373	"Gb_02122"
3	4180	678245225	10	678244063	678246387	"Gb_30928"
1	3778	384315322	11	384122040	384508604	"Gb_15026"
1	1041	381034409.5	11	380996320	381072499	"Gb_15023"
1	4761	598447714	11	598371088	598524340	"Gb_10689"
1	1054	347396925.5	11	347230761	347563090	"Gb_39825"
1	1052	345790122.5	11	345750677	345829568	"Gb_40475"
6	1052	24794705.5	11	24793082	24796329	"Gb_38130"
6	9142	184005780	11	183910594	184100966	"Gb_32541"
2	1393	144640907.5	12	144636386	144645429	"Gb_07455"
2	2048	144522473	12	144519822	144525124	"Gb_07458"
2	1150	142573393	12	142562055	142584731	"Gb_15362"
2	2049	135421020.5	12	135418967	135423074	"Gb_41222"
2	5434	135123230.5	12	135006186	135240275	"Gb_41219"
2	7587	231010269.5	12	230764000	231256539	"Gb_21332"
2	594	229582302.5	12	229515814	229648791	"Gb_09240"
2	565	133190135	12	133150666	133229604	"Gb_29004"
2	3477	280197263	12	280173325	280221201	"Gb_40581"
2	4932	46624067	12	46623738	46624396	"Gb_27800"
2	1939	605441330	12	605397635	605485025	"Gb_18524"
2	3609	651189540	12	651082749	651296331	"Gb_17412"
2	737	659930722	12	659907263	659954181	"Gb_17044"
2	1515	661530897	12	661501621	661560173	"Gb_00971"
10	2720	343687931.5	13	343639539	343736324	"Gb_06339"
1	1036	348718331.5	13	348716950	348719713	"Gb_21668"
1	1036	345365153.5	13	345219951	345510356	"Gb_40471"
1	3370	331097924.5	13	331059912	331135937	"Gb_17809"
1	1035	327933255.5	13	327932944	327933567	"Gb_34842"
1	1035	328038881.5	13	328038736	328039027	"Gb_34841"
1	1053	346749832.5	13	346745538	346754127	"Gb_40480"
1	725	350488130.5	13	350487298	350488963	"Gb_01398"
1	761	913456889.5	13	913456661	913457118	"Gb_19603"
2	773	545542542.5	14	545541284	545543801	"Gb_27949"
2	4269	446018703.5	14	446015350	446022057	"Gb_40860"
3	4269	95645634	14	95636010	95655258	"Gb_35196"
2	1538	445465178.5	14	445465026	445465331	"Gb_40856"
2	2870	445124828.5	14	445119711	445129946	"Gb_01078"
4	2874	652475526	14	652444304	652506748	"Gb_20939"
4	5844	653441756.5	14	653273322	653610191	"Gb_20931"
4	7644	657585747.5	14	657585046	657586449	"Gb_06474"
4	3618	661174268.5	14	661173440	661175097	"Gb_01297"
4	2166	661828402	14	661787856	661868948	"Gb_01303"
2	4774	562276071	14	562164221	562387921	"Gb_40028"
2	713	531992750.5	14	531838948	532146553	"Gb_24495"
2	713	540642851.5	14	540586515	540699188	"Gb_38396"
2	1486	535359472	14	535320079	535398865	"Gb_02704"
2	940	532366063.5	14	532364489	532367638	"Gb_24488"
3	940	673065927	14	673059511	673072343	"Gb_05418"
8	9071	63680991	16	63644916	63717066	"Gb_26017"
8	5779	56021168	16	56020448	56021888	"Gb_30517"
8	5757	55572722	16	55571655	55573789	"Gb_30519"
8	1309	40954924.5	16	40953239	40956610	"Gb_37343"
8	1312	51579854.5	16	51495667	51664042	"Gb_17876"
8	1308	42790558.5	16	42790146	42790971	"Gb_18452"
8	1308	106788742	16	106700014	106877470	"Gb_32230"
8	10179	39275803	16	39269692	39281914	"Gb_07397"
8	6258	39157480	16	39156612	39158348	"Gb_07398"
8	1310	38753924.5	16	38751786	38756063	"Gb_07382"
8	801	16285919.5	16	16283845	16287994	"Gb_16632"
3	1636	256841692.5	17	256750347	256933038	"Gb_35918"
3	3107	398160265.5	17	398158530	398162001	"Gb_39365"
3	1571	395983496	17	395925433	396041559	"Gb_21741"
3	6745	62826296	17	62675867	62976725	"Gb_16012"
9	7867	123194262	17	123191393	123197131	"Gb_15997"
3	7867	62401543.5	17	62377089	62425998	"Gb_16015"
3	1574	60504473.5	17	60501994	60506953	"Gb_38761"
3	3055	63728811.5	17	63726891	63730732	"Gb_11314"
3	3055	63914616.5	17	63913963	63915270	"Gb_11319"
3	155	64278313	17	64231164	64325462	"Gb_11317"
3	1795	65273368.5	17	65271524	65275213	"Gb_33642"
3	2313	65501057.5	17	65404693	65597422	"Gb_33641"
3	3056	66416410.5	17	66272803	66560018	"Gb_04260"
3	5714	79323616.5	17	79278374	79368859	"Gb_40699"
7	4129	528251442	18	528169470	528333414	"Gb_26979"
7	3017	288962178.5	18	288961550	288962807	"Gb_30399"
7	3077	36944348	18	36943825	36944871	"Gb_02451"
7	467	27407141	18	27407041	27407241	"Gb_22838"
7	467	25595269	18	25591138	25599400	"Gb_14049"
6	1292	81070206.5	18	81027565	81112848	"Gb_38203"
6	10743	81434123	18	81375786	81492460	"Gb_38202"
7	3666	715670472	19	715541356	715799588	"Gb_12825"
7	5541	723981867	19	723981436	723982298	"Gb_03039"
7	5541	724135253.5	19	724100151	724170356	"Gb_03040"
7	840	240397640.5	19	240360025	240435256	"Gb_02960"
7	795	239786241.5	19	239652142	239920341	"Gb_01940"
7	794	367131927.5	19	367057379	367206476	"Gb_16302"
7	3343	428390129.5	19	428340900	428439359	"Gb_30577"
7	4235	425636847	19	425540019	425733675	"Gb_40341"
7	6270	402997810.5	19	402906863	403088758	"Gb_27063"
7	2227	385282716	19	385280781	385284651	"Gb_39488"
3	3393	418970778.5	19	418968762	418972795	"Gb_31834"
1	2852	408330528.5	20	408251174	408409883	"Gb_20375"
1	2119	415245218	20	415223765	415266671	"Gb_20792"
1	110	504294878.5	20	504292788	504296969	"Gb_09464"
1	3244	514026003.5	20	514021540	514030467	"Gb_24669"
1	766	526561100.5	20	526317501	526804700	"Gb_29661"
1	2859	921820821	20	921818962	921822680	"Gb_24464"
5	1546	249783774.5	21	249664761	249902788	"Gb_40667"
2	6263	375558752.5	22	375557391	375560114	"Gb_41333"
1	6263	854725481	22	854723955	854727007	"Gb_15002"
1	5631	851031264	22	851005080	851057448	"Gb_17179"
1	1350	846636766	22	846636234	846637298	"Gb_32002"
1	3637	846380282	22	846303560	846457004	"Gb_13536"
1	3295	841005929	22	841005305	841006553	"Gb_01971"
1	2709	831112225	22	831024048	831200402	"Gb_40232"
1	2709	839286279	22	839285051	839287507	"Gb_24342"
1	2709	834564112.5	22	834561644	834566581	"Gb_17897"
1	4183	833738870.5	22	833736433	833741308	"Gb_17288"
1	4243	832466026	22	832465728	832466324	"Gb_23592"
5	3289	432712949	22	432707324	432718574	"Gb_24881"
5	1122	427122204	22	427121234	427123174	"Gb_36556"
5	8	442375770.5	22	442374242	442377299	"Gb_06534"
1	981	752116623.5	22	752056657	752176590	"Gb_38019"
11	237	49498929.5	22	49497667	49500192	"Gb_17724"
1	237	769538095.5	22	769536689	769539502	"Gb_36720"
1	957	772510741	22	772412095	772609387	"Gb_38660"
1	957	770872267.5	22	770697195	771047340	"Gb_39888"
12	2589	624631103	23	624568275	624693931	"Gb_29233"
12	2588	623512830.5	23	623511554	623514107	"Gb_24417"
4	2642	715009165.5	23	714839701	715178630	"Gb_26366"
4	3976	716135458	23	716134459	716136457	"Gb_15752"
4	6414	482014895	23	482012295	482017495	"Gb_31983"
4	6414	476222716.5	23	476217283	476228150	"Gb_04922"
6	341	173498129.5	23	173368076	173628183	"Gb_03680"
1	341	652664447.5	23	652663411	652665484	"Gb_14719"
1	1964	651166767	23	651164226	651169308	"Gb_14741"
10	6190	101632184	23	101631684	101632684	"Gb_15934"
8	7344	404928675.5	24	404927584	404929767	"Gb_37955"
8	233	401863331	24	401862703	401863959	"Gb_06553"
8	1986	408617634.5	24	408615376	408619893	"Gb_06380"
8	2516	699597913	24	699597294	699598532	"Gb_14501"
8	2355	687700361	24	687627951	687772771	"Gb_05732"
8	2024	685774308	24	685547768	686000848	"Gb_00397"
7	1269	219974077	25	219973148	219975006	"Gb_36979"
7	3878	239139543	25	239045456	239233630	"Gb_22473"
7	4810	212220404.5	25	212219164	212221645	"Gb_36297"
7	1212	428887702.5	25	428885812	428889593	"Gb_08809"
7	1212	206562271.5	25	206561489	206563054	"Gb_30433"
7	4289	584651337.5	25	584619780	584682895	"Gb_22708"
7	5831	378561097	25	378560916	378561278	"Gb_08915"
7	5830	374891306	25	374752657	375029955	"Gb_12362"
6	1272	205856641.5	25	205776624	205936659	"Gb_07886"
2	1537	448707427	26	448677990	448736864	"Gb_09808"
2	1537	446625594.5	26	446623818	446627371	"Gb_09800"
2	716	445703660.5	26	445701134	445706187	"Gb_40858"
2	743	444199233	26	444183673	444214793	"Gb_00154"
4	5437	146152724	27	146150113	146155335	"Gb_05670"
10	6705	63553200	27	63551134	63555266	"Gb_04121"
10	6705	72350977.5	27	72349153	72352802	"Gb_28018"
10	2576	65276563.5	27	65264605	65288522	"Gb_04127"
10	8619	66331576.5	27	66328599	66334554	"Gb_04135"
10	1237	140177369.5	27	140177217	140177522	"Gb_27211"
4	1237	129382230.5	27	129380051	129384410	"Gb_07245"
10	1237	63661233	27	63659421	63663045	"Gb_04141"
10	1222	141078870.5	27	141078391	141079350	"Gb_18605"
10	1280	143619648.5	27	143579985	143659312	"Gb_18614"
10	1416	158122093	27	158118950	158125236	"Gb_08295"
10	6593	160778596	27	160667529	160889663	"Gb_22027"
10	3438	162687270	27	162686972	162687568	"Gb_09118"
10	1282	161532713	27	161402974	161662452	"Gb_22465"
10	3453	162869843.5	27	162868427	162871260	"Gb_09121"
10	2846	148616163	27	148524544	148707782	"Gb_23733"
6	6280	328475362.5	28	328474770	328475955	"Gb_13148"
3	5112	513863933.5	28	513863694	513864173	"Gb_40443"
3	1673	513953624	28	513941991	513965257	"Gb_40444"
11	1869	167690187	28	167688768	167691606	"Gb_31981"
7	1869	193525674.5	28	193524288	193527061	"Gb_37149"
3	1869	514274238.5	28	514273216	514275261	"Gb_40445"
3	551	744853049	29	744840992	744865106	"Gb_26640"
3	2001	686497216.5	29	686386272	686608161	"Gb_23882"
3	4854	684103000	29	684011456	684194544	"Gb_02119"
3	4830	688980983.5	29	688979331	688982636	"Gb_23877"
3	4512	635042504	29	634942816	635142192	"Gb_25943"
3	10228	627473452.5	29	627471459	627475446	"Gb_18935"
9	4282	454624762.5	30	454513024	454736501	"Gb_11109"
9	3110	448117215	30	448016937	448217493	"Gb_03347"
5	3680	363631868.5	30	363612601	363651136	"Gb_35557"
3	3089	159411804	30	159334830	159488778	"Gb_08881"
9	3067	181711460.5	31	181710571	181712350	"Gb_23711"
2	3067	726459112.5	31	726458543	726459682	"Gb_22367"
2	2305	727003227.5	31	726902955	727103500	"Gb_16992"
9	2305	169670644	31	169657958	169683330	"Gb_08270"
9	2305	180724681.5	31	180658606	180790757	"Gb_01914"
8	460	394201836	31	394201098	394202574	"Gb_01723"
8	459	386332378.5	31	386136021	386528736	"Gb_21365"
3	455	559540011.5	31	559505714	559574309	"Gb_03319"
6	167	631491825.5	32	631490692	631492959	"Gb_29764"
6	849	604540570.5	32	604520584	604560557	"Gb_16099"
6	848	600310107	32	600251601	600368613	"Gb_19472"
10	1835	601893991.5	32	601777347	602010636	"Gb_06563"
10	1835	604671371.5	32	604491841	604850902	"Gb_04448"
10	1656	595622832.5	32	595318408	595927257	"Gb_21411"
7	5467	350472133.5	33	350470362	350473905	"Gb_28170"
7	2000	339717858.5	33	339691692	339744025	"Gb_28147"
7	2327	338840987.5	33	338654378	339027597	"Gb_19065"
8	3	390111619.5	33	390110316	390112923	"Gb_29741"
7	3365	433768218	33	433716987	433819449	"Gb_23600"
7	5457	432470296	33	432469652	432470940	"Gb_08685"
1	1412	435088207	34	435084580	435091834	"Gb_04306"
11	1207	610640841.5	34	610515536	610766147	"Gb_21527"
10	1264	64034723.5	34	64007606	64061841	"Gb_04126"
10	410	77763421	34	77669841	77857001	"Gb_28463"
10	4298	79561091.5	34	79501716	79620467	"Gb_38316"
10	2785	93700550.5	34	93698122	93702979	"Gb_41470"
10	2827	102458230.5	34	102457686	102458775	"Gb_30901"
5	1095	377058394.5	35	377037766	377079023	"Gb_11489"
5	2473	205715510.5	35	205714249	205716772	"Gb_14858"
5	3786	210172409	35	210042835	210301983	"Gb_31695"
10	2740	620496468	35	620493451	620499485	"Gb_17099"
4	2740	15149132	35	15147814	15150450	"Gb_38847"
2	2740	351751979	35	351749792	351754166	"Gb_07512"
3	450	494231421.5	36	494229751	494233092	"Gb_26660"
3	2953	492048225	36	492008877	492087573	"Gb_40802"
7	464	31938303.5	36	31935786	31940821	"Gb_30641"
5	464	624888013	36	624855647	624920379	"Gb_21227"
7	10977	36095210.5	36	36094741	36095680	"Gb_02443"
12	2146	615224333.5	37	615113605	615335062	"Gb_10370"
12	3454	618350591.5	37	618349941	618351242	"Gb_12627"
12	3454	618589155	37	618512712	618665598	"Gb_12619"
12	2147	615009248.5	37	615008602	615009895	"Gb_10372"
10	3935	478160195	38	477975588	478344802	"Gb_19582"
10	1358	488082239.5	38	488066924	488097555	"Gb_37362"
10	2759	594638301	38	594486659	594789943	"Gb_27798"
5	1766	533860920	39	533858455	533863385	"Gb_23910"
8	945	548643060.5	39	548641613	548644508	"Gb_26152"
8	1931	534582563.5	39	534578582	534586545	"Gb_26114"
8	1931	533033978	39	532854773	533213183	"Gb_37120"
8	2111	530268417	39	530179719	530357115	"Gb_16157"
8	9262	520519976	39	520390823	520649129	"Gb_01222"
1	615	825655838.5	40	825654695	825656982	"Gb_24708"
1	1018	826002902.5	40	826002333	826003472	"Gb_16313"
5	930	621306444.5	40	621303419	621309470	"Gb_32409"
5	5366	537316021	40	537265524	537366518	"Gb_32422"
5	10136	531585097.5	40	531583018	531587177	"Gb_07480"
5	531	540068157	40	539997173	540139141	"Gb_32070"
5	4330	548171623.5	40	548171392	548171855	"Gb_07999"
7	236	566861891.5	41	566857979	566865804	"Gb_12518"
7	798	298560598	41	298559538	298561658	"Gb_29428"
7	4562	299986030	41	299984405	299987655	"Gb_22399"
7	6182	303765152.5	41	303566453	303963852	"Gb_39410"
7	4238	304461267	41	304459064	304463470	"Gb_02099"
8	4238	661313095.5	41	661311313	661314878	"Gb_35631"
2	1374	96405031.5	44	96402042	96408021	"Gb_04397"
7	1374	524727717.5	44	524727472	524727963	"Gb_24628"
2	5618	648754566	44	648753731	648755401	"Gb_22882"
2	4492	652036605.5	44	651849676	652223535	"Gb_39080"
2	1365	766728629.5	44	766728085	766729174	"Gb_28232"
2	1365	766650731	44	766646826	766654636	"Gb_28231"
2	3967	699137076	44	699010822	699263330	"Gb_19824"
2	3791	698279983	44	698257890	698302076	"Gb_18434"
2	3791	700596818.5	44	700596079	700597558	"Gb_03732"
2	1407	698697617	44	698661981	698733253	"Gb_18435"
3	96	488950579.5	45	488942049	488959110	"Gb_16511"
10	754	393218814.5	45	393217394	393220235	"Gb_11996"
1	754	916671138.5	45	916669894	916672383	"Gb_34637"
1	3248	930475051	45	930300884	930649218	"Gb_41462"
1	1493	926268890	45	926121556	926416224	"Gb_23465"
8	4335	659833913	46	659829361	659838465	"Gb_32183"
8	234	649474109.5	46	649418555	649529664	"Gb_02875"
8	10243	645099345	46	645097355	645101335	"Gb_32855"
8	10242	640922220	46	640919058	640925382	"Gb_35390"
8	2115	634270412.5	46	634127590	634413235	"Gb_28479"
8	1940	579399210.5	46	579398410	579400011	"Gb_27091"
8	1930	585390978.5	46	585327569	585454388	"Gb_41150"
8	9264	612994434	46	612957260	613031608	"Gb_40483"
4	2732	248809393.5	47	248733765	248885022	"Gb_08188"
4	3384	36206491	47	36128868	36284114	"Gb_05546"
4	2413	25588259.5	47	25587791	25588728	"Gb_17317"
4	2414	24053719.5	47	24009834	24097605	"Gb_23571"
4	6558	2158907	47	2149616	2168198	"Gb_28188"
4	2417	3625640.5	47	3624835	3626446	"Gb_11407"
5	1082	71014217	47	70987059	71041375	"Gb_07092"
4	1082	77617308	47	77616590	77618026	"Gb_21289"
10	2728	610920074.5	47	610918915	610921234	"Gb_05057"
4	2728	80265102.5	47	80264679	80265526	"Gb_21296"
4	1083	84295917.5	47	84167112	84424723	"Gb_01625"
4	1084	85824674	47	85805685	85843663	"Gb_38815"
4	3809	110974622	47	110973953	110975291	"Gb_40146"
4	3904	269335365.5	48	269316417	269354314	"Gb_31163"
3	2089	356010150.5	48	356005299	356015002	"Gb_21315"
12	5524	625650462	49	625649936	625650988	"Gb_29220"
9	5588	506985721.5	49	506983756	506987687	"Gb_00487"
12	5588	625396036	49	625372486	625419586	"Gb_29230"
12	4249	625227758	49	625226095	625229421	"Gb_29224"
2	3597	381358089	49	381354553	381361625	"Gb_15884"
1	876	1016787494	50	1016625799	1016949189	"Gb_36309"
1	2266	1004553255.5	50	1004314504	1004792007	"Gb_37830"
1	3206	991133421	50	991065329	991201513	"Gb_00559"
5	1696	173543604	50	173542678	173544530	"Gb_07025"
5	1926	175616599.5	50	175528898	175704301	"Gb_09981"
5	852	7878481	50	7823313	7933649	"Gb_14708"
11	352	626333512	51	626332394	626334630	"Gb_09634"
11	3126	626728497	51	626688441	626768553	"Gb_09642"
11	1754	627174945	51	627172996	627176894	"Gb_09644"
3	258	52886441	53	52837067	52935815	"Gb_15309"
3	1797	52136197.5	53	52135085	52137310	"Gb_08690"
3	1798	45101932.5	53	45098555	45105310	"Gb_25795"
3	5773	396194636.5	53	396190792	396198481	"Gb_21740"
3	2927	398514180	53	398512503	398515857	"Gb_39379"
8	266	31101942	53	31101170	31102714	"Gb_08805"
8	3058	30625950.5	53	30624754	30627147	"Gb_08801"
3	274	274319569.5	53	274304172	274334967	"Gb_37894"
3	1764	279313892	53	279284016	279343768	"Gb_00228"
12	3760	65343083	54	65317618	65368548	"Gb_37370"
12	1170	64148834	54	64147337	64150331	"Gb_18565"
12	1170	67524894.5	54	67523225	67526564	"Gb_39222"
12	2331	222825259	54	222824146	222826372	"Gb_09260"
12	985	36482314	54	36481554	36483074	"Gb_01609"
12	37	41769171.5	54	41744872	41793471	"Gb_09752"
4	303	84824754	55	84823661	84825847	"Gb_38819"
10	303	606270737	55	606267761	606273713	"Gb_18035"
4	2092	88794911.5	55	88761181	88828642	"Gb_25982"
5	2707	116214344.5	55	116113931	116314758	"Gb_10723"
3	2510	316941495.5	56	316896753	316986238	"Gb_07780"
5	623	469162915.5	57	469154247	469171584	"Gb_27784"
5	21	470061387.5	57	470060790	470061985	"Gb_22682"
5	3545	474800089	57	474677654	474922524	"Gb_24145"
9	2903	500156531	57	500061295	500251767	"Gb_06587"
1	3519	746934875.5	58	746932515	746937236	"Gb_02594"
1	567	756578794	58	756577992	756579596	"Gb_04185"
1	10709	757366111.5	58	757342915	757389308	"Gb_38114"
10	1121	439408697.5	59	439407264	439410131	"Gb_20189"
10	1074	432489117.5	59	432381262	432596973	"Gb_18649"
10	2439	661012905	59	661012431	661013379	"Gb_14430"
10	2439	660660375.5	59	660659806	660660945	"Gb_14428"
10	2766	204564984	60	204545272	204584696	"Gb_00708"
4	2766	174540872.5	60	174519081	174562664	"Gb_16386"
4	1359	175355437	60	175226594	175484280	"Gb_16383"
4	1359	178237011	60	178236713	178237309	"Gb_08754"
5	1404	663116695.5	60	663104864	663128527	"Gb_05634"
5	1403	659754805	60	659753622	659755988	"Gb_33996"
5	3368	363216160	60	362977180	363455140	"Gb_35553"
5	10229	365062413.5	60	365062174	365062653	"Gb_38798"
5	1115	366084499	60	366063291	366105707	"Gb_34283"
5	2480	374266551	60	374127934	374405168	"Gb_40287"
5	1360	373919470.5	60	373918773	373920168	"Gb_40293"
4	297	214844621	60	214842014	214847228	"Gb_38457"
1	1524	377844246	62	377743051	377945441	"Gb_10258"
1	3450	387951635.5	62	387950322	387952949	"Gb_35793"
1	759	481576391	62	481574997	481577785	"Gb_36301"
9	4577	696953386.5	63	696951765	696955008	"Gb_02895"
9	4417	688581592	63	688429704	688733480	"Gb_18894"
1	3362	766576024	64	766511875	766640173	"Gb_27390"
1	631	766830747.5	64	766801434	766860061	"Gb_27396"
1	997	798292090	64	798230869	798353311	"Gb_07483"
5	997	549648641.5	64	549647649	549649634	"Gb_31684"
4	624	525359655.5	64	525358339	525360972	"Gb_29211"
4	5473	531657065	64	531655936	531658194	"Gb_03263"
2	854	301147883	65	301037529	301258237	"Gb_25378"
2	855	301411030.5	65	301399469	301422592	"Gb_25382"
9	3997	702502804.5	66	702443785	702561824	"Gb_16961"
9	436	533477091	67	533474770	533479412	"Gb_39850"
9	435	535398657	67	535397885	535399429	"Gb_02796"
9	1743	668733695.5	67	668731591	668735800	"Gb_01245"
9	185	670338559	67	670334504	670342614	"Gb_07921"
4	185	431543365.5	67	431543252	431543479	"Gb_30691"
9	9298	667315524	67	667310111	667320937	"Gb_13270"
9	211	667990019.5	67	667898478	668081561	"Gb_10239"
9	183	665773040.5	67	665770277	665775804	"Gb_39786"
9	847	666355056	67	666110371	666599741	"Gb_39788"
9	5060	663825899.5	67	663825319	663826480	"Gb_21279"
2	4310	303202636.5	68	303037277	303367996	"Gb_02814"
1	4769	1002929306.5	69	1002909047	1002949566	"Gb_00377"
1	736	997055283	69	997055136	997055430	"Gb_35133"
2	125	5847414.5	69	5773898	5920931	"Gb_34494"
2	1947	2948964	69	2873271	3024657	"Gb_29796"
2	706	14070302	69	13943358	14197246	"Gb_26889"
2	1468	672477327	69	672407462	672547192	"Gb_18677"
7	2425	319262049.5	70	319260381	319263718	"Gb_24008"
7	548	129751855.5	72	129734551	129769160	"Gb_16853"
2	561	539180599	72	539147559	539213639	"Gb_05693"
2	5	568806277.5	72	568781970	568830585	"Gb_31246"
2	2002	569788149	72	569786252	569790046	"Gb_17580"
2	2328	576948100.5	72	576946955	576949246	"Gb_22435"
2	4	577430918.5	72	577351626	577510211	"Gb_22434"
4	3535	741314550	72	741313508	741315592	"Gb_29276"
8	553	61031530.5	73	61023678	61039383	"Gb_25760"
8	3741	64467005.5	73	64465100	64468911	"Gb_26012"
8	2565	64680620.5	73	64662767	64698474	"Gb_26018"
8	3644	17842958	73	17842463	17843453	"Gb_02909"
8	3644	18053192	73	18051932	18054452	"Gb_02908"
8	612	18538353	73	18493133	18583573	"Gb_40603"
8	2527	19569494	73	19561429	19577559	"Gb_00630"
9	1589	500628120	75	500561223	500695017	"Gb_32245"
4	905	750736674	76	750653562	750819786	"Gb_00552"
4	859	746884214	76	746843154	746925274	"Gb_22633"
4	2232	728271948	76	728159668	728384228	"Gb_22177"
4	2232	732544090	76	732427190	732660990	"Gb_19378"
4	873	734971792.5	76	734971434	734972151	"Gb_26913"
8	4783	349630931	77	349507153	349754709	"Gb_19912"
3	572	619114442.5	78	619112952	619115933	"Gb_02066"
1	9358	486689597	78	486686413	486692781	"Gb_25244"
9	181	620646540	79	620639180	620653900	"Gb_04365"
5	181	372195935.5	79	372195745	372196126	"Gb_24331"
9	2220	616294553.5	79	616265442	616323665	"Gb_00318"
10	1221	672445149	80	672444815	672445483	"Gb_11191"
10	1221	112977830.5	80	112977495	112978166	"Gb_30976"
1	1959	651678737	80	651633839	651723635	"Gb_14739"
1	1240	305233869	80	305109995	305357743	"Gb_26129"
5	632	418418012	81	418373871	418462153	"Gb_03562"
5	3364	567459187	81	567301378	567616996	"Gb_05040"
10	996	575802746	81	575799612	575805880	"Gb_40897"
5	996	458654094	81	458650128	458658060	"Gb_12160"
5	221	500592650	81	500534601	500650699	"Gb_01736"
2	5589	594163178	81	594095841	594230515	"Gb_37860"
12	5440	147781450.5	83	147772796	147790105	"Gb_01968"
8	3608	354451020	83	354322105	354579935	"Gb_07642"
8	3250	337371235.5	83	337188394	337554077	"Gb_37507"
1	1923	61468348	84	61371346	61565350	"Gb_09312"
1	872	79751481	84	79749750	79753212	"Gb_09601"
1	871	NA	84	1128314885	1128439708	"Gb_17059"
9	2243	630977759.5	85	630973593	630981926	"Gb_01241"
5	2912	584111731	87	583986212	584237250	"Gb_06147"
8	256	660393665	87	660393016	660394314	"Gb_32966"
8	1767	476125081.5	87	476123461	476126702	"Gb_38343"
3	3632	619719876	88	619714692	619725060	"Gb_22844"
9	1339	107600331	88	107592549	107608113	"Gb_09687"
3	4875	697870056	88	697869470	697870642	"Gb_10627"
7	568	686388309	89	686380660	686395958	"Gb_12530"
3	1504	21106988	90	21105563	21108413	"Gb_38610"
3	369	17587881	90	17586118	17589644	"Gb_00664"
3	413	37087139	90	37085572	37088706	"Gb_08634"
3	372	74014618	90	74013710	74015526	"Gb_26458"
3	373	66794909	90	66793921	66795897	"Gb_04261"
3	373	72721308	90	72677637	72764979	"Gb_05092"
5	1917	383424645	91	383253205	383596085	"Gb_33676"
5	170	378534295	91	378533215	378535375	"Gb_29824"
5	2255	378186178.5	91	377930627	378441730	"Gb_29835"
5	169	373526016	91	373523366	373528666	"Gb_40282"
1	732	411777716.5	92	411745695	411809738	"Gb_17699"
1	4159	349375866.5	92	349293476	349458257	"Gb_07340"
1	6426	354103616.5	92	354103058	354104175	"Gb_11930"
12	2519	359732497.5	93	359730600	359734395	"Gb_40501"
12	9238	358790894.5	93	358788903	358792886	"Gb_40497"
9	11	237195	93	224371	250019	"Gb_40879"
4	964	574173948	94	574172630	574175266	"Gb_37545"
11	964	152234429.5	94	152232774	152236085	"Gb_08624"
4	1127	503906443	94	503854424	503958462	"Gb_31787"
11	975	150704123.5	94	150702854	150705393	"Gb_24697"
10	3177	415590742	95	415545744	415635740	"Gb_27959"
9	4345	697180157.5	95	697180011	697180304	"Gb_22852"
7	618	267029762.5	95	267029079	267030446	"Gb_26781"
7	2339	262061530.5	95	262058938	262064123	"Gb_02476"
6	215	452409731.5	97	452408615	452410848	"Gb_30295"
6	1494	539385631.5	97	539381820	539389443	"Gb_25776"
6	746	521893096.5	97	521767614	522018579	"Gb_13615"
4	6404	276738566.5	98	276737418	276739715	"Gb_22526"
2	1266	502699777	98	502622943	502776611	"Gb_16350"
4	1266	277023030.5	98	276980299	277065762	"Gb_22523"
2	5141	495244383.5	98	495242270	495246497	"Gb_38601"
11	3340	548809245.5	98	548808476	548810015	"Gb_19102"
1	1550	867174572.5	98	867172868	867176277	"Gb_31218"
2	1375	86215870	99	86214212	86217528	"Gb_18552"
2	1089	120857633.5	99	120856014	120859253	"Gb_11104"
8	1089	219261449	99	219259442	219263456	"Gb_39303"
2	5884	124218812	99	124165463	124272161	"Gb_21166"
2	3388	143229027	99	143117619	143340435	"Gb_15365"
2	1378	143875410	99	143769392	143981428	"Gb_07456"
2	1378	136571148	99	136461294	136681002	"Gb_21986"
5	9286	427508680.5	100	427467237	427550124	"Gb_09128"
5	1153	429990723	100	429990295	429991151	"Gb_08422"
1	6648	839832036	100	839831357	839832715	"Gb_24348"
1	1301	837522003	100	837519443	837524563	"Gb_13916"
7	827	596108432	100	596107836	596109028	"Gb_06170"
7	3347	595006537	100	595006053	595007021	"Gb_10725"
7	1300	266744521	100	266678498	266810544	"Gb_26778"
7	9515	265819513.5	100	265744304	265894723	"Gb_26787"
1	1697	NA	101	1092236182	1092238286	"Gb_23230"
1	5862	NA	101	1083245452	1083252595	"Gb_19169"
5	2316	625921625	101	625918521	625924729	"Gb_21223"
5	1842	19573972	101	19514238	19633706	"Gb_24378"
5	1661	15203146.5	101	15202992	15203301	"Gb_41000"
5	2298	12863181	101	12766117	12960245	"Gb_08572"
5	851	11423877.5	101	11394989	11452766	"Gb_07669"
5	1695	176112938	101	176081179	176144697	"Gb_11203"
5	853	172061911.5	101	171991338	172132485	"Gb_07028"
5	5335	170179538.5	101	170179398	170179679	"Gb_31613"
5	1714	358253561	102	358229272	358277850	"Gb_20442"
5	1897	360379315	102	360376265	360382365	"Gb_16343"
5	2269	650475767	102	650289774	650661760	"Gb_12386"
6	1285	32555143.5	104	32501047	32609240	"Gb_00666"
6	1277	32877803	104	32831681	32923925	"Gb_14520"
6	4832	26531527	104	26528503	26534551	"Gb_06821"
6	5485	52128791.5	105	52126774	52130809	"Gb_17555"
6	4394	48570684.5	105	48536203	48605166	"Gb_14322"
6	1276	45058367	105	45056622	45060112	"Gb_16825"
6	2577	59127199	105	59125612	59128786	"Gb_35297"
5	1171	54659601	106	54524015	54795187	"Gb_19844"
6	1553	54449688.5	106	54448470	54450907	"Gb_23674"
2	1208	509390741.5	109	509389743	509391740	"Gb_02773"
4	6576	699855105	109	699854279	699855931	"Gb_01642"
9	1821	503452841.5	110	503452474	503453209	"Gb_39963"
3	2090	362037063	112	362013178	362060948	"Gb_29854"
3	2665	362704020.5	112	362670469	362737572	"Gb_29856"
3	2663	367919143	112	367918761	367919525	"Gb_34331"
3	2663	365641921	112	365502835	365781007	"Gb_11756"
3	90	288632195.5	112	288614452	288649939	"Gb_26843"
3	77	204816857.5	112	204815845	204817870	"Gb_31913"
3	3573	202043937.5	112	201938685	202149190	"Gb_28617"
7	3414	401000573	113	400998979	401002167	"Gb_00947"
7	5984	394748896	113	394745832	394751960	"Gb_10619"
3	1351	408222749.5	113	408222304	408223195	"Gb_26428"
3	1351	423873532	113	423873122	423873942	"Gb_28134"
8	13	454265626	114	454228259	454302993	"Gb_30667"
8	9091	454983360	114	454982356	454984364	"Gb_12938"
8	5657	104094450.5	115	103955133	104233768	"Gb_06265"
8	5656	101812440	115	101809012	101815868	"Gb_30785"
8	2695	43438357	115	43399999	43476715	"Gb_18459"
8	5124	44741370	115	44709017	44773723	"Gb_10167"
8	5522	51362461	115	51360676	51364246	"Gb_17874"
8	4293	50919918	115	50916615	50923221	"Gb_14334"
10	1400	548230424	116	548217002	548243846	"Gb_33378"
10	3953	544685628.5	116	544631080	544740177	"Gb_25336"
10	1363	661519252	116	661452961	661585543	"Gb_14414"
10	1059	649970266	116	649969356	649971176	"Gb_40949"
10	1563	676045775	116	676027334	676064216	"Gb_41423"
5	10222	497217133	118	497043776	497390490	"Gb_18109"
5	534	506471841	118	506459112	506484570	"Gb_06607"
5	1004	508668058	118	508548422	508787694	"Gb_00308"
5	535	512908076.5	118	512859802	512956351	"Gb_06458"
5	6250	443240566	118	443166334	443314798	"Gb_26617"
5	933	441136694.5	118	441075033	441198356	"Gb_29434"
5	10858	440203402	118	440201777	440205027	"Gb_35754"
9	9258	455567885	119	455527616	455608154	"Gb_35799"
12	1199	97170017	120	97128296	97211738	"Gb_27516"
12	6855	103129079.5	120	103127790	103130369	"Gb_40006"
12	6966	106959943.5	120	106958606	106961281	"Gb_29033"
12	9270	44618536.5	120	44592207	44644866	"Gb_40358"
3	2664	362305595	122	362303317	362307873	"Gb_29860"
3	3944	370264085	122	370262281	370265889	"Gb_08519"
8	142	376599207	122	376539564	376658850	"Gb_02292"
3	142	370598274.5	122	370596327	370600222	"Gb_08517"
4	1477	248473485	123	248472682	248474288	"Gb_08186"
4	4392	37378109.5	123	37377714	37378505	"Gb_38558"
4	2655	256842197.5	123	256787387	256897008	"Gb_06578"
4	3784	259498768	123	259466933	259530603	"Gb_06580"
7	610	577117518	124	577059714	577175322	"Gb_34910"
2	610	550325013	124	550323750	550326276	"Gb_18293"
7	552	577508867	124	577374764	577642970	"Gb_34913"
5	2066	532545036	125	532526131	532563941	"Gb_23909"
5	1000	533121721.5	125	532938097	533305346	"Gb_23906"
5	10157	527935156	125	527934154	527936158	"Gb_41773"
5	9461	538400274	125	538399550	538400998	"Gb_32074"
5	5716	541681503	125	541678588	541684418	"Gb_32064"
5	636	542199369.5	125	542196153	542202586	"Gb_32037"
5	636	615084865.5	125	615082714	615087017	"Gb_10890"
5	636	542305893	125	542304893	542306893	"Gb_32058"
1	636	725660782.5	125	725659521	725662044	"Gb_13338"
5	6879	614042392.5	125	614041064	614043721	"Gb_28894"
4	2981	78059736	126	77993517	78125955	"Gb_21290"
9	4114	198675937.5	128	198605024	198746851	"Gb_35220"
6	381	64402336.5	129	64400559	64404114	"Gb_31755"
10	1672	414224761	130	414136720	414312802	"Gb_08627"
4	3981	715623331.5	131	715621309	715625354	"Gb_26371"
3	1008	285569007	132	285529061	285608953	"Gb_40711"
5	3168	657132308.5	133	657088172	657176445	"Gb_39361"
3	1919	21060869.5	133	21060106	21061633	"Gb_38604"
4	1919	282144583	133	282144198	282144968	"Gb_21938"
5	2138	160226770.5	134	160225750	160227791	"Gb_28915"
5	2138	161422057	134	161421791	161422323	"Gb_15834"
5	2138	159894337.5	134	159894038	159894637	"Gb_29842"
5	137	157720103.5	134	157719553	157720654	"Gb_29844"
11	2772	439070244.5	135	439007451	439133038	"Gb_39311"
2	5542	489052619	136	489044402	489060836	"Gb_02525"
8	3817	50571856.5	136	50504660	50639053	"Gb_14335"
8	9309	52183361.5	136	52047360	52319363	"Gb_17878"
8	9310	52486049.5	136	52485274	52486825	"Gb_17890"
8	9311	54682202.5	136	54387544	54976861	"Gb_15429"
12	771	546000732.5	137	545775319	546226146	"Gb_29521"
12	719	542900280.5	137	542898188	542902373	"Gb_40051"
4	288	16205769	138	16203406	16208132	"Gb_30131"
9	657	508432541	139	508431829	508433253	"Gb_00481"
2	5462	532832573.5	140	532711123	532954024	"Gb_08869"
2	9318	542081330	140	542010061	542152599	"Gb_40367"
5	5719	356424767	141	356349632	356499902	"Gb_27628"
4	892	116968902	141	116966098	116971706	"Gb_26958"
4	893	128418209.5	141	128417758	128418661	"Gb_00686"
4	893	128379144	141	128378814	128379474	"Gb_00687"
4	893	126966388	141	126965118	126967658	"Gb_00702"
4	1898	228283699	141	228270473	228296925	"Gb_20609"
2	5701	318442570.5	142	318440872	318444269	"Gb_36974"
5	5806	597231689.5	143	597231340	597232039	"Gb_41226"
5	1002	733830009.5	143	733823042	733836977	"Gb_21676"
5	6196	727868336	143	727867414	727869258	"Gb_38753"
5	2901	617054693	143	617051529	617057857	"Gb_05803"
5	5483	621892028	143	621788688	621995368	"Gb_32407"
5	5482	557089822	143	557089134	557090510	"Gb_23258"
3	1328	203010373	144	202960870	203059876	"Gb_31916"
3	78	215051339	144	215017242	215085436	"Gb_33925"
3	78	212112796.5	144	212109740	212115853	"Gb_07955"
1	4320	1010333880	145	1010325128	1010342632	"Gb_13915"
5	1627	220650234	146	220618161	220682307	"Gb_02116"
5	894	219163256.5	146	219159020	219167493	"Gb_10224"
4	1733	734632267.5	147	734631972	734632563	"Gb_26920"
4	858	734157246.5	147	734090025	734224468	"Gb_26916"
4	1882	737291532.5	147	737266950	737316115	"Gb_27557"
4	875	746980404.5	147	746979777	746981032	"Gb_22642"
4	1659	747632207.5	147	747631825	747632590	"Gb_22644"
11	160	634340056.5	147	634329017	634351096	"Gb_04992"
4	160	753149331.5	147	753112746	753185917	"Gb_32202"
3	2869	516710219	148	516554916	516865522	"Gb_14386"
3	128	517482747.5	148	517449484	517516011	"Gb_14388"
8	255	171059356	149	171018070	171100642	"Gb_33908"
7	484	437930317	150	437860299	438000335	"Gb_04033"
7	9303	438628086	150	438592218	438663954	"Gb_31570"
7	3179	633482058	150	633363573	633600543	"Gb_07123"
5	203	91942257	151	91927002	91957512	"Gb_02549"
5	1745	112349703	151	112285568	112413838	"Gb_04912"
5	1893	111550899	151	111530498	111571300	"Gb_04916"
2	2584	182207102.5	152	182074162	182340043	"Gb_12284"
3	1026	340891834	153	340890403	340893265	"Gb_21078"
3	5012	343165765	153	343164154	343167376	"Gb_03397"
10	8724	644476185.5	154	644474500	644477871	"Gb_37968"
10	1658	645052894.5	154	644816374	645289415	"Gb_37969"
10	1658	642916420.5	154	642914085	642918756	"Gb_38929"
10	1569	445924683.5	154	445923313	445926054	"Gb_06928"
3	1569	250475542	154	250388702	250562382	"Gb_15226"
12	3473	178495570.5	155	178436238	178554903	"Gb_31921"
1	1142	793917255.5	155	793822150	794012361	"Gb_36147"
5	1635	504827279.5	158	504826962	504827597	"Gb_41078"
5	5655	495456735.5	158	495455597	495457874	"Gb_19321"
5	67	487042096.5	158	486919870	487164323	"Gb_05422"
5	22	466449471.5	158	466448575	466450368	"Gb_30742"
5	57	517400470	158	517340576	517460364	"Gb_05860"
8	10195	61368049.5	159	61356708	61379391	"Gb_14484"
8	10194	62999841.5	159	62998797	63000886	"Gb_00354"
8	4279	20973649.5	159	20970825	20976474	"Gb_06391"
8	613	21984659.5	159	21984375	21984944	"Gb_30879"
8	10223	22909218.5	159	22908709	22909728	"Gb_05228"
5	3516	728495831.5	160	728494101	728497562	"Gb_22696"
6	2580	323764273.5	161	323691005	323837542	"Gb_02925"
6	2648	327024812.5	161	326999001	327050624	"Gb_13264"
6	9283	325212156.5	161	325045971	325378342	"Gb_39454"
6	3443	323999308.5	161	323957178	324041439	"Gb_10933"
6	8850	321403691	161	321403428	321403954	"Gb_20563"
6	2966	286481475.5	163	286481144	286481807	"Gb_35902"
6	2967	293286918	163	292975453	293598383	"Gb_29405"
6	3118	290818060.5	163	290816936	290819185	"Gb_12424"
8	2157	359826774	164	359821355	359832193	"Gb_18405"
8	4773	360619380.5	164	360480114	360758647	"Gb_15088"
8	2210	342947483.5	164	342920570	342974397	"Gb_28994"
7	5995	392043655.5	164	391850459	392236852	"Gb_05379"
9	4244	273598708	165	273560191	273637225	"Gb_22666"
12	6204	99666643	166	99666036	99667250	"Gb_31432"
12	5581	93429741.5	166	93284275	93575208	"Gb_12066"
3	143	412924495.5	167	412787214	413061777	"Gb_33318"
2	1980	714300455.5	168	714289996	714310915	"Gb_30840"
2	2535	714153093.5	168	714151388	714154799	"Gb_30841"
2	1164	711461807	168	711458602	711465012	"Gb_08284"
6	582	56193959	168	56192951	56194967	"Gb_32897"
3	1506	34342876.5	169	34341947	34343806	"Gb_21462"
3	4976	30713649	169	30712985	30714313	"Gb_36453"
3	3974	28601715	169	28600305	28603125	"Gb_28753"
3	2838	38598807.5	170	38586817	38610798	"Gb_11068"
3	1490	37480443.5	170	37432332	37528555	"Gb_05609"
3	8950	23532178.5	170	23530250	23534107	"Gb_19764"
3	9172	23431614	170	23399103	23464125	"Gb_19769"
3	5713	22219605.5	170	22218594	22220617	"Gb_11012"
3	10206	20797104	170	20772212	20821996	"Gb_38603"
9	563	416082886.5	171	416019773	416146000	"Gb_36463"
2	1516	15471399.5	172	15310193	15632606	"Gb_21177"
2	1517	670548427	172	670408114	670688740	"Gb_11945"
1	2791	307835156	175	307808157	307862155	"Gb_37388"
8	2323	567461875.5	176	567460759	567462992	"Gb_23954"
8	2323	567458234	176	567453704	567462764	"Gb_23950"
12	2323	496959360	176	496902886	497015834	"Gb_17396"
8	2390	590776854	176	590774300	590779408	"Gb_29566"
8	2390	567678829.5	176	567602989	567754670	"Gb_23951"
8	2960	587425685.5	176	587424384	587426987	"Gb_41153"
1	4667	786993765.5	181	786965983	787021548	"Gb_02314"
6	2199	132242625.5	181	132228529	132256722	"Gb_21713"
1	2199	792255315.5	181	792127584	792383047	"Gb_14931"
1	2199	789900664.5	181	789826697	789974632	"Gb_35388"
1	3653	789112758.5	181	788991229	789234288	"Gb_16686"
5	1742	349930141	182	349929499	349930783	"Gb_41241"
4	1741	80953525	182	80953030	80954020	"Gb_21286"
4	10137	79670750.5	182	79669751	79671750	"Gb_21284"
1	10137	838360215.5	182	838359002	838361429	"Gb_11732"
5	1626	49159187.5	183	49158786	49159589	"Gb_39726"
5	4022	46758660	183	46758164	46759156	"Gb_39727"
5	3470	48353762	183	48294598	48412926	"Gb_39721"
5	3469	40283136.5	183	40245717	40320556	"Gb_17521"
5	3469	40625518.5	183	40624920	40626117	"Gb_30113"
5	4028	39838760.5	183	39803274	39874247	"Gb_20640"
12	1169	180024230	184	179890949	180157511	"Gb_25229"
12	1169	192915233.5	184	192844227	192986240	"Gb_10012"
12	550	218520099	184	218379596	218660602	"Gb_30141"
12	1149	214724752	184	214629325	214820179	"Gb_33239"
12	2495	216424555	184	216381734	216467376	"Gb_33235"
6	3670	319763628	185	319711790	319815466	"Gb_16496"
6	560	316213046	185	316066540	316359552	"Gb_41794"
6	3886	315866780.5	185	315866339	315867222	"Gb_41795"
6	3885	310061466.5	185	310057305	310065628	"Gb_25602"
6	3672	317436710	186	317436176	317437244	"Gb_16502"
6	3671	314458149	186	314457200	314459098	"Gb_15662"
12	2371	569208332.5	187	569207780	569208885	"Gb_30731"
12	2371	569277223	187	569276715	569277731	"Gb_30730"
12	1136	566220003	187	566118283	566321723	"Gb_41703"
7	31	563718577	187	563717412	563719742	"Gb_27566"
7	2538	568282710	187	568062059	568503361	"Gb_13298"
4	3205	218568878	188	218566712	218571044	"Gb_23602"
8	1984	77770926	190	77609777	77932075	"Gb_25576"
3	3943	354678756.5	191	354677122	354680391	"Gb_09370"
3	675	351979105.5	191	351976622	351981589	"Gb_18862"
3	667	351440596	191	351271346	351609846	"Gb_18863"
3	667	305942169	191	305939716	305944622	"Gb_14221"
3	812	308876040	191	308840262	308911818	"Gb_34888"
3	665	311493163	191	311489626	311496700	"Gb_03688"
3	8846	311820922.5	191	311820393	311821452	"Gb_03689"
11	4236	358180062.5	193	358178027	358182098	"Gb_11963"
7	4236	416732409	193	416731156	416733662	"Gb_35746"
7	4811	413505822.5	193	413505727	413505918	"Gb_41701"
7	4385	393735296.5	193	393542269	393928324	"Gb_10616"
7	1474	395218746	193	395127569	395309923	"Gb_03288"
7	5753	401329251	193	401235222	401423280	"Gb_00946"
7	9341	401811042	193	401751132	401870952	"Gb_16837"
1	3356	246854905	197	246808003	246901807	"Gb_13422"
1	5193	237710584.5	197	237709628	237711541	"Gb_25472"
8	2932	112357738	198	112356448	112359028	"Gb_32351"
8	2933	106263145.5	198	106241027	106285264	"Gb_09060"
11	4687	287810289	199	287809539	287811039	"Gb_19132"
2	6473	339002764	199	338997302	339008226	"Gb_04569"
2	4869	339198714	199	339196358	339201070	"Gb_04568"
2	4868	349448305	199	349368870	349527740	"Gb_13624"
2	4304	356977990	199	356768954	357187026	"Gb_17171"
1	72	NA	202	1127299564	1127300732	"Gb_07785"
1	3914	NA	202	1126534182	1126678561	"Gb_20476"
4	86	744417429.5	202	744416104	744418755	"Gb_11117"
4	2084	701374265	202	701238210	701510320	"Gb_08986"
1	2105	92850181	202	92847881	92852481	"Gb_07444"
9	4582	595088436.5	203	595002471	595174402	"Gb_28125"
9	1331	264669922.5	203	264669308	264670537	"Gb_13865"
9	3591	261955618	203	261940113	261971123	"Gb_13388"
9	3318	643408790.5	203	643407918	643409663	"Gb_39420"
5	1793	518628512	204	518618117	518638907	"Gb_05845"
5	1612	476420853	204	476212168	476629538	"Gb_24146"
5	471	471443395.5	204	471434948	471451843	"Gb_22686"
5	10209	466894129	204	466893236	466895022	"Gb_12367"
1	3911	787329779	205	787267476	787392082	"Gb_02313"
11	6170	634776724	205	634704314	634849134	"Gb_04997"
11	8838	634524871	205	634523350	634526392	"Gb_04994"
1	1889	NA	206	1083756834	1083760061	"Gb_19167"
1	4824	NA	206	1085223596	1085382985	"Gb_04225"
1	1890	NA	206	1079079419	1079080865	"Gb_40258"
1	1890	NA	206	1079079294	1079081350	"Gb_40264"
1	1841	1060986573.5	206	1060961124	1061012023	"Gb_23374"
5	10176	17068466.5	206	17066134	17070799	"Gb_40426"
9	2053	48587186.5	207	48570811	48603562	"Gb_12290"
9	2053	40762189	207	40761798	40762580	"Gb_26712"
9	6964	43550813.5	207	43549269	43552358	"Gb_34627"
9	10191	44760845.5	207	44760134	44761557	"Gb_34630"
9	9224	47673613	207	47529008	47818218	"Gb_13408"
12	6713	628137168.5	211	628136443	628137894	"Gb_36093"
12	792	85218172	211	85216836	85219508	"Gb_39683"
7	2367	120578835.5	212	120507643	120650028	"Gb_26182"
2	9522	617703325.5	213	617662092	617744559	"Gb_23447"
2	2445	622310574	213	622263831	622357317	"Gb_18841"
2	5559	628219246.5	213	628218723	628219770	"Gb_11396"
4	673	243891120.5	215	243740991	244041250	"Gb_36286"
4	253	231210056.5	215	231205965	231214148	"Gb_22699"
4	1027	231867265.5	215	231864741	231869790	"Gb_39834"
4	277	229408430.5	215	229407066	229409795	"Gb_18943"
4	10862	228480984.5	215	228480046	228481923	"Gb_11901"
1	224	852051198	216	852049815	852052581	"Gb_17190"
2	224	382334852	216	382332874	382336830	"Gb_28585"
1	1173	851808936	216	851808202	851809670	"Gb_17189"
8	232	385473384.5	217	385410875	385535894	"Gb_21359"
8	2022	382480411.5	217	382416502	382544321	"Gb_05096"
8	1988	381618328.5	217	381618074	381618583	"Gb_37616"
8	992	380536698	217	380536294	380537102	"Gb_37623"
10	1762	674639020	220	674633912	674644128	"Gb_31273"
10	910	216086743.5	220	216046060	216127427	"Gb_28814"
9	506	195977081.5	220	195968276	195985887	"Gb_35063"
9	3714	187035916.5	220	187033912	187037921	"Gb_04102"
1	1396	1014805653.5	221	1014767507	1014843800	"Gb_06758"
1	284	1013480828	221	1013479065	1013482591	"Gb_34064"
1	1395	1015568617.5	221	1015567904	1015569331	"Gb_17008"
10	2891	597532005.5	221	597530713	597533298	"Gb_13644"
9	2891	178634149	221	178633002	178635296	"Gb_13966"
10	2891	173521568.5	221	173520495	173522642	"Gb_32252"
2	1397	98338873.5	222	98323038	98354709	"Gb_29957"
2	1364	101989160.5	222	101985502	101992819	"Gb_11589"
2	1389	102465947.5	222	102444010	102487885	"Gb_34800"
2	2452	109421008.5	222	109419730	109422287	"Gb_14801"
11	1060	45560547	224	45559672	45561422	"Gb_00233"
10	1033	459793541	224	459766919	459820163	"Gb_00177"
11	1033	9592235	224	9590543	9593927	"Gb_21846"
6	3998	422785166.5	226	422783409	422786924	"Gb_02888"
11	1772	5729358	227	5605147	5853569	"Gb_30378"
9	1773	61306784.5	227	61294590	61318979	"Gb_14317"
9	1816	62352371	227	62334755	62369987	"Gb_14318"
12	1826	557800671.5	232	557745497	557855846	"Gb_41012"
12	269	556270355.5	232	556269212	556271499	"Gb_36988"
10	1110	646306746	234	646229302	646384190	"Gb_37974"
10	1110	674375957.5	234	674333510	674418405	"Gb_31274"
4	219	199314802	235	199313177	199316427	"Gb_38352"
12	5585	106317777	237	106231604	106403950	"Gb_29637"
12	886	87519034	237	87438094	87599974	"Gb_12056"
3	1333	698444442	238	698442467	698446417	"Gb_18225"
3	1334	702024742	238	702023226	702026258	"Gb_06063"
3	153	707570210.5	238	707569075	707571346	"Gb_09499"
4	1692	740911621	239	740884716	740938526	"Gb_10526"
4	1693	736557071	239	736360922	736753220	"Gb_27551"
4	199	704776273.5	239	704775202	704777345	"Gb_36815"
4	914	703085062.5	239	703083874	703086251	"Gb_36830"
4	10393	698805681	239	698804944	698806418	"Gb_39757"
8	950	13422827.5	240	13406148	13439507	"Gb_06010"
10	2731	146508161	241	146506369	146509953	"Gb_26728"
1	2731	105747865	241	105746389	105749341	"Gb_21027"
1	1087	1008720830	241	1008690591	1008751069	"Gb_41055"
4	1073	183096194.5	243	183095491	183096898	"Gb_23518"
4	1072	202368845.5	243	202289059	202448632	"Gb_08354"
10	1072	211414773.5	243	211370417	211459130	"Gb_36316"
4	3426	352477933.5	244	352476705	352479162	"Gb_05441"
4	2942	623310844.5	247	623189028	623432661	"Gb_32562"
4	4664	618940870.5	247	618922109	618959632	"Gb_35816"
