2	2949	69622622.5	0	69620032	69625213	"CKAN_00621700:mRNA"
2	2898	69752610	0	69751114	69754106	"CKAN_00551100:mRNA"
11	8227	32943243.5	0	32938584	32947903	"CKAN_02497000:mRNA"
4	2274	12211752.5	2	12205973	12217532	"CKAN_00980200:mRNA"
6	2761	37159730.5	2	37157587	37161874	"CKAN_01462300:mRNA"
7	2761	33186885.5	2	33184636	33189135	"CKAN_01577300:mRNA"
2	2119	63461472.5	3	63454615	63468330	"CKAN_00520100:mRNA"
2	2851	64197601	3	64190359	64204843	"CKAN_00523900:mRNA"
5	1041	47424768.5	3	47421336	47428201	"CKAN_01443600:mRNA"
6	1041	33312384	3	33300571	33324197	"CKAN_01638800:mRNA"
4	497	12052445	5	12050468	12054422	"CKAN_00978800:mRNA"
4	1648	39924465.5	5	39914691	39934240	"CKAN_01086900:mRNA"
4	1741	42644716.5	5	42643508	42645925	"CKAN_01090900:mRNA"
12	1082	25578075.5	5	25574504	25581647	"CKAN_02652700:mRNA"
6	1082	17392550	5	17391702	17393398	"CKAN_01362100:mRNA"
6	1082	38700665.5	5	38699682	38701649	"CKAN_01467900:mRNA"
6	1082	17405474.5	5	17399600	17411349	"CKAN_01362200:mRNA"
7	1082	43431188	5	43430617	43431759	"CKAN_01630600:mRNA"
12	2981	25627660	5	25621457	25633863	"CKAN_02357100:mRNA"
3	1084	66062065	5	66054632	66069498	"CKAN_00840600:mRNA"
6	1084	17388986	5	17387431	17390541	"CKAN_01362000:mRNA"
6	1084	17386906	5	17385351	17388461	"CKAN_01544200:mRNA"
7	1084	43475628.5	5	43474468	43476789	"CKAN_01630800:mRNA"
13	2092	3910832	5	3905507	3916157	"CKAN_02693600:mRNA"
6	2092	38501040.5	5	38492808	38509273	"CKAN_01467400:mRNA"
7	1083	43443166.5	5	43438197	43448136	"CKAN_01630700:mRNA"
6	1083	38641260.5	5	38635854	38646667	"CKAN_01467600:mRNA"
6	1083	38607957	5	38606390	38609524	"CKAN_01467500:mRNA"
3	2728	66137640	5	66132660	66142620	"CKAN_00952400:mRNA"
3	2728	66147074	5	66142576	66151572	"CKAN_00840700:mRNA"
6	2728	38684877.5	5	38684270	38685485	"CKAN_01467700:mRNA"
5	1223	10725070	6	10720210	10729930	"CKAN_01185200:mRNA"
9	1223	33000716	6	32990192	33011240	"CKAN_02160800:mRNA"
9	1246	33044352.5	6	33033611	33055094	"CKAN_01903400:mRNA"
9	1246	33029262	6	33018518	33040006	"CKAN_02160900:mRNA"
10	150	20951784	7	20949839	20953729	"CKAN_02007600:mRNA"
7	150	7660232	7	7656093	7664371	"CKAN_01517300:mRNA"
10	150	20621987.5	7	20617784	20626191	"CKAN_02006900:mRNA"
7	150	7717011	7	7711636	7722386	"CKAN_01517400:mRNA"
3	2243	77053556	8	77049436	77057676	"CKAN_00897100:mRNA"
5	2243	51876571	8	51871694	51881448	"CKAN_01296900:mRNA"
7	2243	28605911	8	28597706	28614116	"CKAN_01562800:mRNA"
5	3329	51777200	8	51772733	51781667	"CKAN_01296200:mRNA"
8	3329	4872501	8	4863690	4881312	"CKAN_01922500:mRNA"
5	3329	3859593.5	8	3851024	3868163	"CKAN_01147300:mRNA"
5	3329	51781997	8	51776590	51787404	"CKAN_01468300:mRNA"
1	1563	8496706.5	9	8494717	8498696	"CKAN_00050200:mRNA"
9	3204	9716470	10	9707792	9725148	"CKAN_02113800:mRNA"
10	3203	30314115	10	30311196	30317034	"CKAN_02040600:mRNA"
10	1872	30083212.5	10	30051313	30115112	"CKAN_02040000:mRNA"
5	1984	46332128.5	12	46319588	46344669	"CKAN_01272100:mRNA"
7	3574	38955158	15	38954717	38955599	"CKAN_01607400:mRNA"
11	1931	36063912	18	36061110	36066714	"CKAN_02518500:mRNA"
11	1931	36061071	18	36058683	36063459	"CKAN_02230800:mRNA"
1	5366	30970860	20	30963165	30978555	"CKAN_00128500:mRNA"
2	5716	59786580.5	20	59783771	59789390	"CKAN_00502000:mRNA"
1	5716	31422759	20	31421428	31424090	"CKAN_00129300:mRNA"
4	5716	28899034.5	20	28897341	28900728	"CKAN_01061400:mRNA"
6	636	24079522	20	24076369	24082675	"CKAN_01394700:mRNA"
1	636	31472741	20	31471237	31474245	"CKAN_00129400:mRNA"
8	636	23496952	20	23492822	23501082	"CKAN_02003500:mRNA"
1	4330	32085531.5	20	32074703	32096360	"CKAN_00129500:mRNA"
1	997	74843831	20	74840252	74847410	"CKAN_00253000:mRNA"
1	2264	7775504.5	21	7772930	7778079	"CKAN_00046300:mRNA"
10	3058	41522366	22	41521006	41523726	"CKAN_02096500:mRNA"
11	266	570531.5	22	569833	571230	"CKAN_02101300:mRNA"
3	641	5579588	23	5574707	5584469	"CKAN_00647400:mRNA"
7	5112	31641052	24	31636351	31645753	"CKAN_01571200:mRNA"
4	5112	9334445.5	24	9333479	9335412	"CKAN_00963800:mRNA"
4	1673	9317482	24	9315520	9319444	"CKAN_00963700:mRNA"
5	1673	45088570.5	24	45084186	45092955	"CKAN_01265900:mRNA"
4	1673	9314875	24	9312913	9316837	"CKAN_01084600:mRNA"
5	1869	45104817	24	45103258	45106376	"CKAN_01266000:mRNA"
4	1869	9298520.5	24	9297081	9299960	"CKAN_00963600:mRNA"
5	4279	18630528.5	26	18624494	18636563	"CKAN_01215900:mRNA"
5	3644	18188317	26	18176964	18199670	"CKAN_01215100:mRNA"
12	2392	19732850.5	26	19729183	19736518	"CKAN_02347700:mRNA"
12	2392	19801421	26	19796582	19806260	"CKAN_02347800:mRNA"
1	2391	70903556.5	26	70899037	70908076	"CKAN_00262800:mRNA"
13	2960	3926480.5	27	3926321	3926640	"CKAN_02393300:mRNA"
6	2960	16359888	27	16351003	16368773	"CKAN_01540200:mRNA"
11	2390	3198608.5	27	3196907	3200310	"CKAN_02117000:mRNA"
11	2390	3198276.5	27	3196575	3199978	"CKAN_02393900:mRNA"
11	2390	26841581.5	27	26835767	26847396	"CKAN_02460900:mRNA"
2	2390	45655628.5	27	45646969	45664288	"CKAN_00441900:mRNA"
10	2390	36436985.5	27	36429937	36444034	"CKAN_02072700:mRNA"
2	1567	45614182	27	45613955	45614409	"CKAN_00441700:mRNA"
3	725	61573649	28	61571301	61575997	"CKAN_00819300:mRNA"
2	725	78248859	28	78243441	78254277	"CKAN_00595700:mRNA"
6	725	32981586.5	28	32978767	32984406	"CKAN_01441800:mRNA"
3	1053	61548207.5	28	61539248	61557167	"CKAN_00819100:mRNA"
6	1036	21059586.5	28	21054455	21064718	"CKAN_01377100:mRNA"
6	1036	21070783.5	28	21066685	21074882	"CKAN_01377200:mRNA"
3	1036	61645913	28	61642702	61649124	"CKAN_00819700:mRNA"
3	1036	61633698	28	61627491	61639905	"CKAN_00927500:mRNA"
1	752	58644159	29	58639066	58649252	"CKAN_00197400:mRNA"
1	2589	72957731.5	33	72953516	72961947	"CKAN_00244200:mRNA"
1	2589	67410609.5	33	67405018	67416201	"CKAN_00218100:mRNA"
4	2146	17548236	34	17543249	17553223	"CKAN_01004600:mRNA"
4	3454	17768436.5	34	17763719	17773154	"CKAN_01005400:mRNA"
2	3454	2237466	34	2232865	2242067	"CKAN_00324200:mRNA"
5	1301	19603200.5	35	19596117	19610284	"CKAN_01218600:mRNA"
2	1301	56024026.5	35	56014535	56033518	"CKAN_00486700:mRNA"
1	1301	18189603	35	18183267	18195939	"CKAN_00099000:mRNA"
1	4183	18455037	35	18449203	18460871	"CKAN_00099900:mRNA"
1	4243	18509255	35	18507774	18510736	"CKAN_00100100:mRNA"
1	4243	18495136	35	18492640	18497632	"CKAN_00100000:mRNA"
1	4243	18497467	35	18488415	18506519	"CKAN_00108400:mRNA"
1	2709	18416243	35	18416206	18416280	"CKAN_00099800:mRNA"
2	2709	59717128.5	35	59710595	59723662	"CKAN_00501700:mRNA"
10	3637	5026811	35	5023913	5029709	"CKAN_02247800:mRNA"
2	3637	40743722.5	35	40741846	40745599	"CKAN_00427100:mRNA"
11	5631	38987711.5	35	38983930	38991493	"CKAN_02247700:mRNA"
1	6263	17957983	35	17956196	17959770	"CKAN_00098000:mRNA"
10	1066	28450568	38	28447139	28453997	"CKAN_02032500:mRNA"
12	1066	8443044.5	38	8440236	8445853	"CKAN_02587800:mRNA"
12	1066	8444113.5	38	8441305	8446922	"CKAN_02301000:mRNA"
10	2305	28442879	38	28440460	28445298	"CKAN_02032400:mRNA"
2	2305	49516374.5	38	49508751	49523998	"CKAN_00456700:mRNA"
4	2838	14133198.5	40	14128025	14138372	"CKAN_00987300:mRNA"
11	8950	23379588	40	23376944	23382232	"CKAN_02166600:mRNA"
11	5713	186201.5	40	182329	190074	"CKAN_02099200:mRNA"
10	5713	41870146	40	41866906	41873386	"CKAN_02098100:mRNA"
9	1169	45578769.5	43	45577057	45580482	"CKAN_01968700:mRNA"
3	1169	281858.5	43	270738	292979	"CKAN_00611100:mRNA"
3	3473	22785637.5	43	22778839	22792436	"CKAN_00732000:mRNA"
2	3473	12122971.5	43	12119942	12126001	"CKAN_00373500:mRNA"
2	3473	12177081	43	12174161	12180001	"CKAN_00418200:mRNA"
7	1078	42476537	44	42475907	42477167	"CKAN_01625400:mRNA"
4	1078	10187126	44	10185846	10188406	"CKAN_00969800:mRNA"
3	1362	69147199.5	44	69141606	69152793	"CKAN_00855900:mRNA"
4	1980	6696315.5	45	6693252	6699379	"CKAN_00948900:mRNA"
10	1980	33363346	45	33360555	33366137	"CKAN_02055200:mRNA"
10	2535	33339656	45	33338340	33340972	"CKAN_02055100:mRNA"
10	1164	33236601.5	45	33233907	33239296	"CKAN_02054400:mRNA"
6	2473	35549775.5	47	35547549	35552002	"CKAN_01455200:mRNA"
6	1382	35568415	47	35564206	35572624	"CKAN_01455300:mRNA"
6	7314	35697179.5	47	35692254	35702105	"CKAN_01455900:mRNA"
10	1105	4920268.5	47	4914247	4926290	"CKAN_02247500:mRNA"
10	332	4029416.5	47	4017684	4041149	"CKAN_02245500:mRNA"
3	1926	12111295.5	47	12106924	12115667	"CKAN_00680000:mRNA"
3	1696	12192950	47	12186793	12199107	"CKAN_00680300:mRNA"
5	4875	8239887.5	49	8239330	8240445	"CKAN_01172700:mRNA"
8	1334	27657059.5	49	27655844	27658275	"CKAN_01770200:mRNA"
5	154	8532626.5	49	8525606	8539647	"CKAN_01174300:mRNA"
8	5589	43713798.5	50	43709876	43717721	"CKAN_01808400:mRNA"
4	6623	9472419.5	53	9466714	9478125	"CKAN_00964600:mRNA"
2	6405	80738140	54	80733476	80742804	"CKAN_00608300:mRNA"
2	2576	80530737.5	54	80527249	80534226	"CKAN_00607600:mRNA"
11	1237	33855240	54	33853082	33857398	"CKAN_02217600:mRNA"
2	1237	80543287.5	54	80538640	80547935	"CKAN_00607700:mRNA"
8	1483	34787372.5	55	34776837	34797908	"CKAN_01778800:mRNA"
11	1826	4853597.5	55	4842956	4864239	"CKAN_02124900:mRNA"
10	1826	26305971	55	26300897	26311045	"CKAN_02023100:mRNA"
10	1826	26286538.5	55	26286159	26286918	"CKAN_02023000:mRNA"
2	771	6298382	55	6289152	6307612	"CKAN_00346500:mRNA"
2	771	5760620	55	5744947	5776293	"CKAN_00343200:mRNA"
8	719	34962079	55	34959810	34964348	"CKAN_01779100:mRNA"
6	464	24026095.5	56	24020142	24032049	"CKAN_01394400:mRNA"
7	464	34053101	56	34051366	34054836	"CKAN_01581500:mRNA"
7	960	33773373	56	33768821	33777925	"CKAN_01579900:mRNA"
7	960	33748398	56	33744255	33752541	"CKAN_01579800:mRNA"
4	467	10366284.5	56	10362327	10370242	"CKAN_00970900:mRNA"
4	467	10363081	56	10359123	10367039	"CKAN_01092500:mRNA"
7	467	33784966.5	56	33780759	33789174	"CKAN_01580000:mRNA"
11	505	30767970.5	56	30765109	30770832	"CKAN_02200200:mRNA"
2	505	53498809	56	53498067	53499551	"CKAN_00474100:mRNA"
5	505	55852470.5	56	55850247	55854694	"CKAN_01315400:mRNA"
3	1733	72637329	58	72631140	72643518	"CKAN_00875000:mRNA"
3	858	72626011.5	58	72620741	72631282	"CKAN_00874900:mRNA"
3	2232	10955963.5	58	10949696	10962231	"CKAN_00674700:mRNA"
3	2232	10943092.5	58	10938981	10947204	"CKAN_00674600:mRNA"
2	3453	79994976.5	59	79989161	80000792	"CKAN_00605100:mRNA"
2	3453	79982134	59	79976856	79987412	"CKAN_00605000:mRNA"
1	1280	16378275	59	16369828	16386722	"CKAN_00092500:mRNA"
2	1280	80114143.5	59	80109590	80118697	"CKAN_00605600:mRNA"
9	194	12716313.5	63	12709430	12723197	"CKAN_02123000:mRNA"
5	1887	57998745.5	63	57990778	58006713	"CKAN_01327900:mRNA"
5	3000	58025437.5	63	58025055	58025820	"CKAN_01328100:mRNA"
3	870	3299818.5	63	3296486	3303151	"CKAN_00711900:mRNA"
4	870	471440.5	63	469440	473441	"CKAN_01026400:mRNA"
3	870	3300624.5	63	3297294	3303955	"CKAN_00631600:mRNA"
9	1749	12881356.5	63	12881146	12881567	"CKAN_01871100:mRNA"
9	1363	4659832.5	63	4649020	4670645	"CKAN_01840200:mRNA"
12	228	15528543	65	15525423	15531663	"CKAN_02336400:mRNA"
1	228	4140271.5	65	4136189	4144354	"CKAN_00022700:mRNA"
2	7172	71047805	65	71045883	71049727	"CKAN_00558100:mRNA"
2	1709	71116995	65	71107431	71126559	"CKAN_00558300:mRNA"
12	2527	21692947	66	21691458	21694436	"CKAN_02352000:mRNA"
1	801	70876158	66	70873830	70878486	"CKAN_00234000:mRNA"
12	892	24328074.5	70	24327222	24328927	"CKAN_02355100:mRNA"
10	3408	25291675.5	73	25290443	25292908	"CKAN_02019200:mRNA"
6	2452	23122613.5	74	23121178	23124049	"CKAN_01389500:mRNA"
7	1389	45685280.5	74	45682141	45688420	"CKAN_01643900:mRNA"
6	1364	23148999.5	74	23144360	23153639	"CKAN_01389700:mRNA"
6	1397	23189774	74	23182938	23196610	"CKAN_01389900:mRNA"
11	5124	22058219	76	22056324	22060114	"CKAN_02439800:mRNA"
11	5124	22061573	76	22059678	22063468	"CKAN_02162200:mRNA"
11	5522	34707946.5	76	34704581	34711312	"CKAN_02509400:mRNA"
5	4293	50288041	76	50277011	50299071	"CKAN_01289700:mRNA"
11	1312	22429441	76	22424944	22433938	"CKAN_02163500:mRNA"
2	2115	30995071	79	30983499	31006643	"CKAN_00416700:mRNA"
10	234	33536187.5	79	33530157	33542218	"CKAN_02056100:mRNA"
10	4335	33586676	79	33583300	33590052	"CKAN_02056400:mRNA"
10	460	28060527.5	80	28054532	28066523	"CKAN_02029700:mRNA"
10	459	27936465	80	27928202	27944728	"CKAN_02029000:mRNA"
11	459	5538192	80	5522304	5554080	"CKAN_02404700:mRNA"
11	459	5541949	80	5529549	5554349	"CKAN_02127800:mRNA"
2	459	49324052	80	49318626	49329478	"CKAN_00455800:mRNA"
1	1419	16289286	81	16257669	16320903	"CKAN_00092100:mRNA"
1	1419	17261324	81	17255570	17267078	"CKAN_00095500:mRNA"
1	1419	61388399.5	81	61382264	61394535	"CKAN_00191300:mRNA"
1	1419	16285131	81	16253510	16316752	"CKAN_00098700:mRNA"
2	2846	80092807.5	81	80087390	80098225	"CKAN_00605400:mRNA"
2	1282	79959699	81	79956583	79962815	"CKAN_00604700:mRNA"
2	2316	46830153.5	84	46822880	46837427	"CKAN_00445800:mRNA"
10	1183	35817843	84	35813734	35821952	"CKAN_02342700:mRNA"
3	1842	12403378	87	12398152	12408604	"CKAN_00681200:mRNA"
3	1661	59804907	87	59786609	59823205	"CKAN_00810100:mRNA"
3	851	12351441	87	12345004	12357878	"CKAN_00680900:mRNA"
4	1919	35449504	88	35448354	35450654	"CKAN_01078700:mRNA"
6	144	15298675.5	89	15282121	15315230	"CKAN_01355500:mRNA"
7	144	38722733	89	38720643	38724823	"CKAN_01606200:mRNA"
12	3914	5673599	89	5670135	5677063	"CKAN_02283500:mRNA"
3	2606	67214501.5	93	67210404	67218599	"CKAN_00846500:mRNA"
8	2606	4046631.5	93	4043198	4050065	"CKAN_01683600:mRNA"
5	893	39812986	97	39800984	39824988	"CKAN_01410600:mRNA"
5	893	39827968	97	39815966	39839970	"CKAN_01248000:mRNA"
2	2642	62433942.5	99	62429225	62438660	"CKAN_00514400:mRNA"
1	3976	67222132	99	67219697	67224567	"CKAN_00216700:mRNA"
8	1463	6153844.5	101	6149194	6158495	"CKAN_01698300:mRNA"
5	1463	14551152	101	14548006	14554298	"CKAN_01203700:mRNA"
3	183	77188153.5	102	77185918	77190389	"CKAN_00897600:mRNA"
4	183	57937292.5	102	57935203	57939382	"CKAN_01124400:mRNA"
12	183	11446903	102	11444899	11448907	"CKAN_02605500:mRNA"
12	183	11448026	102	11446022	11450030	"CKAN_02317000:mRNA"
10	2313	41675622.5	103	41666253	41684992	"CKAN_02097200:mRNA"
11	1795	23870224.5	103	23867949	23872500	"CKAN_02168200:mRNA"
11	155	23858868	103	23855198	23862538	"CKAN_02168100:mRNA"
3	1515	19681329	111	19676209	19686449	"CKAN_00717600:mRNA"
3	1515	19668104.5	111	19655569	19680640	"CKAN_00806900:mRNA"
11	1517	37064051.5	111	37059532	37068571	"CKAN_02525200:mRNA"
6	4242	30090855	111	30082458	30099252	"CKAN_01424000:mRNA"
1	176	61230259.5	112	61228099	61232420	"CKAN_00190400:mRNA"
4	176	21641135.5	112	21636927	21645344	"CKAN_01027600:mRNA"
1	176	15998109.5	112	15995349	16000870	"CKAN_00090800:mRNA"
2	504	71527505	112	71524519	71530491	"CKAN_00560300:mRNA"
1	504	15898557.5	112	15897282	15899833	"CKAN_00090500:mRNA"
2	7587	34325889	113	34321351	34330427	"CKAN_00420200:mRNA"
12	1743	11307938.5	117	11305594	11310283	"CKAN_02605100:mRNA"
3	1743	77269593	117	77267531	77271655	"CKAN_00897800:mRNA"
12	185	11218713	117	11215127	11222299	"CKAN_02316000:mRNA"
4	185	58152872	117	58149756	58155988	"CKAN_01125500:mRNA"
3	211	77376340.5	117	77373973	77378708	"CKAN_00898300:mRNA"
12	211	11186933.5	117	11180947	11192920	"CKAN_02604400:mRNA"
12	847	11536714.5	117	11527908	11545521	"CKAN_02317600:mRNA"
12	847	11535598	117	11526791	11544405	"CKAN_02606100:mRNA"
10	1346	20735204	122	20720029	20750379	"CKAN_02007200:mRNA"
5	5452	8125537.5	122	8121067	8130008	"CKAN_01320200:mRNA"
6	3370	21003473.5	129	20999737	21007210	"CKAN_01376600:mRNA"
6	1035	32950444	129	32945543	32955345	"CKAN_01441700:mRNA"
2	535	40029641	130	40028975	40030307	"CKAN_00476800:mRNA"
8	3639	17360265	131	17349173	17371357	"CKAN_01749900:mRNA"
7	3288	1058011.5	131	1046964	1069059	"CKAN_01493000:mRNA"
6	254	45791673.5	131	45789568	45793779	"CKAN_01484100:mRNA"
1	254	77141114.5	131	77134220	77148009	"CKAN_00265000:mRNA"
3	254	68044458.5	131	68042241	68046676	"CKAN_00850100:mRNA"
8	3784	5620954	133	5620620	5621288	"CKAN_01694600:mRNA"
6	3784	39133939	133	39133802	39134076	"CKAN_01469900:mRNA"
3	2732	66413579	133	66408104	66419054	"CKAN_00842400:mRNA"
6	2732	39349153	133	39338234	39360072	"CKAN_01470500:mRNA"
2	743	7368764.5	136	7366001	7371528	"CKAN_00353100:mRNA"
2	716	7410337.5	136	7407342	7413333	"CKAN_00398100:mRNA"
2	716	7411036.5	136	7408041	7414032	"CKAN_00353300:mRNA"
8	1537	40697559.5	136	40690206	40704913	"CKAN_01795500:mRNA"
2	1537	4177206.5	136	4174685	4179728	"CKAN_00379700:mRNA"
2	4269	4116180	136	4113938	4118422	"CKAN_00335000:mRNA"
2	1538	4082683.5	136	4082534	4082833	"CKAN_00334700:mRNA"
4	2870	17199891	136	17197325	17202457	"CKAN_01002900:mRNA"
4	2870	17137875.5	136	17134880	17140871	"CKAN_01002700:mRNA"
10	3943	17601933	139	17597181	17606685	"CKAN_02004300:mRNA"
10	675	17729556.5	139	17725950	17733163	"CKAN_02267200:mRNA"
5	675	33947354	139	33943074	33951634	"CKAN_01236400:mRNA"
11	667	12402528	139	12395454	12409602	"CKAN_02145400:mRNA"
10	665	19271379	139	19268550	19274208	"CKAN_02005400:mRNA"
5	4236	13350821.5	142	13345566	13356077	"CKAN_01198100:mRNA"
8	4811	8017931	142	8009213	8026649	"CKAN_01710900:mRNA"
9	6270	38067210	142	38055391	38079029	"CKAN_01927200:mRNA"
8	1474	5625317	142	5623414	5627220	"CKAN_01694700:mRNA"
8	1474	5625492.5	142	5622354	5628631	"CKAN_01927500:mRNA"
5	5753	13244460.5	142	13240627	13248294	"CKAN_01197800:mRNA"
3	572	75109085	143	75107657	75110513	"CKAN_00887100:mRNA"
1	2439	6925796.5	146	6917289	6934304	"CKAN_00041000:mRNA"
9	2439	4459050.5	146	4453764	4464337	"CKAN_01839200:mRNA"
9	2439	3646969	146	3641387	3652551	"CKAN_01836500:mRNA"
9	2439	3646370	146	3639447	3653293	"CKAN_02089600:mRNA"
11	5521	34671686.5	149	34668253	34675120	"CKAN_02222900:mRNA"
11	6013	34654414	149	34649539	34659289	"CKAN_02509100:mRNA"
11	6013	34660805	149	34655930	34665680	"CKAN_02222800:mRNA"
11	5792	34610065.5	149	34601768	34618363	"CKAN_02222500:mRNA"
10	232	31170319	151	31155066	31185572	"CKAN_02044300:mRNA"
12	2022	10963406	151	10961471	10965341	"CKAN_02315100:mRNA"
12	2022	10962431	151	10960496	10964366	"CKAN_02603500:mRNA"
10	2022	31023681	151	31020881	31026481	"CKAN_02043600:mRNA"
10	1988	31013494	151	31009287	31017701	"CKAN_02043500:mRNA"
10	992	31001511.5	151	30996166	31006857	"CKAN_02043400:mRNA"
3	853	59679765	153	59675729	59683801	"CKAN_00809600:mRNA"
3	1695	12074524.5	153	12070362	12078687	"CKAN_00679700:mRNA"
12	1927	8766556	153	8760760	8772352	"CKAN_02302900:mRNA"
10	1927	4113420.5	153	4109241	4117600	"CKAN_01978800:mRNA"
4	4577	5529346	155	5527878	5530814	"CKAN_01062200:mRNA"
7	4577	21901966	155	21900470	21903462	"CKAN_01549600:mRNA"
3	859	11021847.5	163	11017018	11026677	"CKAN_00675100:mRNA"
3	875	11012081	163	11008761	11015401	"CKAN_00675000:mRNA"
3	160	11095916	163	11083512	11108320	"CKAN_00759000:mRNA"
3	160	11096993.5	163	11087880	11106107	"CKAN_00675300:mRNA"
9	5629	43582017.5	166	43577400	43586635	"CKAN_01958000:mRNA"
9	2648	29230281	167	29226503	29234059	"CKAN_01891200:mRNA"
4	2648	32472512.5	167	32466964	32478061	"CKAN_01073700:mRNA"
4	2648	2861454	167	2860367	2862541	"CKAN_00923300:mRNA"
2	2035	10815194	167	10812272	10818116	"CKAN_00413200:mRNA"
3	2035	14136365.5	167	14132213	14140518	"CKAN_00774700:mRNA"
3	2035	14140715.5	167	14136563	14144868	"CKAN_00689600:mRNA"
5	3443	53944299	167	53941399	53947199	"CKAN_01306600:mRNA"
11	877	31744162	169	31741900	31746424	"CKAN_02205200:mRNA"
2	3179	54481728.5	169	54469843	54493614	"CKAN_00478600:mRNA"
5	5656	15309772	171	15305193	15314351	"CKAN_01207000:mRNA"
5	1308	15357613.5	171	15351325	15363902	"CKAN_01361200:mRNA"
11	1308	22159824	171	22151691	22167957	"CKAN_02440400:mRNA"
1	4869	76814347	174	76811297	76817397	"CKAN_00263700:mRNA"
3	4869	29296196.5	174	29291845	29300548	"CKAN_00754800:mRNA"
1	6170	333063	175	332520	333606	"CKAN_00001500:mRNA"
1	6170	348512.5	175	336393	360632	"CKAN_00001600:mRNA"
2	1951	21915754	176	21915454	21916054	"CKAN_00404100:mRNA"
2	1951	764076.5	176	763435	764718	"CKAN_00360700:mRNA"
1	3714	78920092.5	176	78919429	78920756	"CKAN_00274600:mRNA"
8	1958	621671	178	621349	621993	"CKAN_01662300:mRNA"
9	4206	43604012.5	178	43600338	43607687	"CKAN_01958100:mRNA"
9	1658	2569266.5	179	2563739	2574794	"CKAN_01831200:mRNA"
9	1658	2461854	179	2430444	2493264	"CKAN_02084300:mRNA"
9	1658	2473102.5	179	2465390	2480815	"CKAN_01831100:mRNA"
9	1658	18800905	179	18796827	18804983	"CKAN_01876800:mRNA"
1	6964	85892430	181	85888476	85896384	"CKAN_00308300:mRNA"
11	3108	28055310.5	183	28051989	28058632	"CKAN_02185900:mRNA"
10	2912	35554288	183	35548244	35560332	"CKAN_02067600:mRNA"
2	1634	47158165.5	183	47156845	47159486	"CKAN_00447000:mRNA"
10	1794	35635178	183	35629092	35641264	"CKAN_02068000:mRNA"
10	2038	31941954.5	186	31934114	31949795	"CKAN_02319900:mRNA"
4	2038	6498776.5	186	6497320	6500233	"CKAN_00947500:mRNA"
10	2038	31939477	186	31938410	31940544	"CKAN_02047900:mRNA"
11	455	5268859.5	186	5260520	5277199	"CKAN_02126900:mRNA"
11	455	5268580.5	186	5260240	5276921	"CKAN_02403800:mRNA"
10	455	27526528	186	27522261	27530795	"CKAN_02026600:mRNA"
10	45	31981128.5	186	31968216	31994041	"CKAN_02048100:mRNA"
4	45	6519614.5	186	6504777	6534452	"CKAN_01068600:mRNA"
5	45	48595623.5	186	48590267	48600980	"CKAN_01281800:mRNA"
10	45	31949036.5	186	31940196	31957877	"CKAN_02048000:mRNA"
10	2090	15386096	189	15382876	15389316	"CKAN_02001300:mRNA"
2	3352	70372380.5	190	70358705	70386056	"CKAN_00626300:mRNA"
2	3352	70368944	190	70367387	70370501	"CKAN_00554600:mRNA"
4	186	20856672.5	190	20855074	20858271	"CKAN_01023500:mRNA"
1	186	60116679	190	60115068	60118290	"CKAN_00184400:mRNA"
1	3355	60157351.5	190	60147824	60166879	"CKAN_00184700:mRNA"
1	3698	60268239	190	60262270	60274208	"CKAN_00185400:mRNA"
6	3369	20060205.5	191	20055171	20065240	"CKAN_01371700:mRNA"
3	3369	63003431.5	191	63002014	63004849	"CKAN_00825300:mRNA"
6	2740	35122957.5	191	35121043	35124872	"CKAN_01452800:mRNA"
7	2740	39825676	191	39824424	39826928	"CKAN_01611800:mRNA"
3	2740	63048649.5	191	63047643	63049656	"CKAN_00825700:mRNA"
6	2740	19975525	191	19973735	19977315	"CKAN_01371500:mRNA"
6	2740	19972801	191	19971011	19974591	"CKAN_01555900:mRNA"
6	6071	29068162.5	191	29067384	29068941	"CKAN_01419200:mRNA"
6	4304	29101227	191	29098578	29103876	"CKAN_01419300:mRNA"
6	4304	29129374	191	29122604	29136144	"CKAN_01419500:mRNA"
1	1264	70255268	192	70248153	70262383	"CKAN_00230800:mRNA"
2	5437	80559467.5	192	80557208	80561727	"CKAN_00607800:mRNA"
2	5437	80541546	192	80523351	80559741	"CKAN_00687000:mRNA"
3	398	1213971	192	1211829	1216113	"CKAN_00618800:mRNA"
9	398	44416202	192	44414435	44417969	"CKAN_01963400:mRNA"
4	3472	9242797.5	193	9240616	9244979	"CKAN_01084200:mRNA"
3	3472	55323001	193	55314332	55331670	"CKAN_00792000:mRNA"
7	3434	45622098	195	45621608	45622588	"CKAN_01643500:mRNA"
3	3434	70606210	195	70605582	70606838	"CKAN_00864400:mRNA"
3	2753	70580794.5	195	70569732	70591857	"CKAN_00864200:mRNA"
6	2753	30221756	195	30216713	30226799	"CKAN_01424400:mRNA"
8	153	27117639	199	27116593	27118685	"CKAN_01769900:mRNA"
5	153	8211419.5	199	8210919	8211920	"CKAN_01172400:mRNA"
10	1333	24000194.5	199	23997505	24002884	"CKAN_02014000:mRNA"
11	3055	398263.5	203	391702	404825	"CKAN_02100500:mRNA"
11	3055	23837235.5	203	23832276	23842195	"CKAN_02168000:mRNA"
10	3055	41719350.5	203	41714043	41724658	"CKAN_02374600:mRNA"
11	7867	385913	203	383254	388572	"CKAN_02377500:mRNA"
2	3509	9757349	204	9743488	9771210	"CKAN_00406900:mRNA"
2	427	9618179.5	204	9601234	9635125	"CKAN_00406300:mRNA"
2	427	9606204.5	204	9601745	9610664	"CKAN_00362800:mRNA"
6	1621	18951039.5	205	18940967	18961112	"CKAN_01549800:mRNA"
6	1621	18971209	205	18966394	18976024	"CKAN_01366600:mRNA"
6	1621	18953619.5	205	18943558	18963681	"CKAN_01366500:mRNA"
7	1621	41751064.5	205	41746782	41755347	"CKAN_01621200:mRNA"
11	543	38304406.5	207	38296291	38312522	"CKAN_02243600:mRNA"
1	5539	84882570.5	207	84880312	84884829	"CKAN_00345700:mRNA"
3	3388	69264445.5	207	69260136	69268755	"CKAN_00856300:mRNA"
3	1378	69254764.5	207	69250161	69259368	"CKAN_00856200:mRNA"
11	1378	38380778	207	38373007	38388549	"CKAN_02533400:mRNA"
11	1378	38387291	207	38379520	38395062	"CKAN_02243900:mRNA"
13	2191	3846762.5	208	3843126	3850399	"CKAN_02693100:mRNA"
12	71	6724190.5	208	6717231	6731150	"CKAN_02291000:mRNA"
7	71	45113317.5	208	45110398	45116237	"CKAN_01640300:mRNA"
12	311	8930501	212	8920864	8940138	"CKAN_02303800:mRNA"
3	3206	59388288.5	212	59383810	59392767	"CKAN_00808600:mRNA"
2	792	1370998.5	213	1370769	1371228	"CKAN_00319500:mRNA"
2	792	13965999.5	213	13963442	13968557	"CKAN_00380300:mRNA"
2	792	14881866.5	213	14877190	14886543	"CKAN_00384000:mRNA"
5	792	7113613	213	7111598	7115628	"CKAN_01164100:mRNA"
1	792	80423647.5	213	80409788	80437507	"CKAN_00281700:mRNA"
1	3817	70594149.5	217	70589375	70598924	"CKAN_00232500:mRNA"
6	3817	29326624	217	29323914	29329334	"CKAN_01420900:mRNA"
5	1311	15221248	217	15212857	15229639	"CKAN_01206600:mRNA"
11	1311	34824986.5	217	34819454	34830519	"CKAN_02510100:mRNA"
10	1767	37664224.5	221	37662619	37665830	"CKAN_02079700:mRNA"
10	1791	37633828.5	221	37626693	37640964	"CKAN_02355200:mRNA"
12	4028	14056572.5	226	14056185	14056960	"CKAN_02330100:mRNA"
12	3469	14090720.5	226	14074175	14107266	"CKAN_02330300:mRNA"
10	372	25739315.5	230	25737015	25741616	"CKAN_02020700:mRNA"
10	373	25825279.5	230	25816350	25834209	"CKAN_02021100:mRNA"
11	373	344610	230	342587	346633	"CKAN_02100100:mRNA"
10	373	35052944.5	230	35050476	35055413	"CKAN_02064600:mRNA"
10	373	25819388.5	230	25810459	25828318	"CKAN_02289000:mRNA"
11	4398	23641103	230	23638863	23643343	"CKAN_02167200:mRNA"
10	1254	25703447.5	230	25698361	25708534	"CKAN_02020500:mRNA"
2	940	3330822.5	236	3329062	3332583	"CKAN_00374800:mRNA"
8	940	41984582	236	41982895	41986269	"CKAN_01801200:mRNA"
4	4	6618474.5	238	6617009	6619940	"CKAN_00948000:mRNA"
5	4	48465916	238	48463145	48468687	"CKAN_01449500:mRNA"
4	4	30967690.5	238	30951483	30983898	"CKAN_01069000:mRNA"
5	2328	36904296.5	238	36903660	36904933	"CKAN_01241500:mRNA"
5	2002	36560035.5	238	36558989	36561082	"CKAN_01241100:mRNA"
5	5	36519131	238	36507646	36530616	"CKAN_01241000:mRNA"
6	5	2779747	238	2764921	2794573	"CKAN_01511100:mRNA"
4	5	30589089	238	30584575	30593603	"CKAN_01066900:mRNA"
11	5	13284149	238	13279679	13288619	"CKAN_02423600:mRNA"
9	168	12142338.5	244	12138091	12146586	"CKAN_01869400:mRNA"
4	168	613458.5	244	607816	619101	"CKAN_00905000:mRNA"
5	168	57646250.5	244	57640895	57651606	"CKAN_01325400:mRNA"
8	4830	9324314	245	9322922	9325706	"CKAN_01720300:mRNA"
8	4854	9239297.5	245	9235849	9242746	"CKAN_01951700:mRNA"
5	550	558466	249	554212	562720	"CKAN_01131800:mRNA"
5	969	43707901.5	249	43703289	43712514	"CKAN_01260800:mRNA"
3	969	57480980	249	57480158	57481802	"CKAN_00801000:mRNA"
3	969	23579261	249	23572328	23586194	"CKAN_00735000:mRNA"
4	969	10061046	249	10056724	10065368	"CKAN_00968800:mRNA"
