3	2949	9436480.5	0	9435476	9437485	"AMTR_V6_005001-RA"
3	2898	9297849.5	0	9296770	9298929	"AMTR_V6_004990-RA"
5	2119	348373	3	341791	354955	"AMTR_V6_034915-RA"
5	2851	259936.5	3	255502	264371	"AMTR_V6_034909-RA"
5	2852	213925.5	3	212025	215826	"AMTR_V6_034903-RA"
13	3778	3571171	3	3563152	3579190	"AMTR_V6_029176-RA"
13	1041	3513020.5	3	3501792	3524249	"AMTR_V6_029172-RA"
11	497	12481376	5	12480664	12482088	"AMTR_V6_026856-RA"
11	1648	12520087	5	12513141	12527033	"AMTR_V6_026861-RA"
11	1741	11834553.5	5	11831462	11837645	"AMTR_V6_026830-RA"
9	1741	20199395.5	5	20197141	20201650	"AMTR_V6_017640-RA"
9	10137	19726752	5	19725650	19727854	"AMTR_V6_017597-RA"
9	1082	19808568	5	19806786	19810350	"AMTR_V6_017603-RA"
9	1082	20048895.5	5	20045524	20052267	"AMTR_V6_017626-RA"
11	1082	11622210	5	11618993	11625427	"AMTR_V6_026812-RA"
11	2981	11683434	5	11680611	11686257	"AMTR_V6_026820-RA"
11	303	12106175	5	12105811	12106539	"AMTR_V6_026838-RA"
9	303	19422198.5	5	19421863	19422534	"AMTR_V6_017571-RA"
9	1084	19268636.5	5	19266561	19270712	"AMTR_V6_017557-RA"
9	1084	19351165.5	5	19348240	19354091	"AMTR_V6_017561-RA"
2	1084	14184241	5	14176723	14191759	"AMTR_V6_001202-RA"
9	2092	19123581.5	5	19114370	19132793	"AMTR_V6_017545-RA"
1	2092	47029188	5	47025199	47033177	"AMTR_V6_010975-RA"
9	1083	19448518	5	19445637	19451399	"AMTR_V6_017573-RA"
9	2728	19623190.5	5	19621786	19624595	"AMTR_V6_017589-RA"
9	1223	10073264.5	6	10067568	10078961	"AMTR_V6_016942-RA"
10	975	4517024	7	4516450	4517598	"AMTR_V6_032344-RA"
10	964	3904536.5	7	3902972	3906101	"AMTR_V6_032304-RA"
2	2243	3804401	8	3799294	3809508	"AMTR_V6_000353-RA"
2	2243	3759299	8	3758457	3760141	"AMTR_V6_000349-RA"
2	3329	1446672	8	1444408	1448936	"AMTR_V6_000150-RA"
4	3329	28637030	8	28636705	28637355	"AMTR_V6_013824-RA"
7	1563	37723962.5	9	37720502	37727423	"AMTR_V6_042754-RA"
7	2986	33149823	10	33149637	33150009	"AMTR_V6_042500-RA"
7	2254	33271065.5	10	33268241	33273890	"AMTR_V6_042518-RA"
12	1984	5926371.5	12	5925178	5927565	"AMTR_V6_023379-RA"
4	10218	747196.5	16	745516	748877	"AMTR_V6_012230-RA"
12	9262	2082150.5	18	2077321	2086980	"AMTR_V6_023137-RA"
12	2111	2486234.5	18	2474650	2497819	"AMTR_V6_023164-RA"
12	1931	2544432	18	2539477	2549387	"AMTR_V6_023168-RA"
12	1931	2790342.5	18	2786258	2794427	"AMTR_V6_023191-RA"
6	9461	407840.5	20	407406	408275	"AMTR_V6_019824-RA"
6	10136	527389	20	514533	540245	"AMTR_V6_019832-RA"
6	5366	599810	20	598909	600711	"AMTR_V6_019839-RA"
6	5716	303259	20	299982	306536	"AmTr_v6.0_c6.330.1"
6	636	1774176	20	1772398	1775954	"AMTR_V6_019949-RA"
6	636	284689	20	281783	287595	"AMTR_V6_019815-RA"
6	636	269014.5	20	268619	269410	"AMTR_V6_019814-RA"
6	10193	269014.5	20	268619	269410	"AmTr_v6.0_c6.300.1"
6	4330	200559.5	20	192648	208471	"AMTR_V6_019806-RA"
6	997	10446463	20	10442640	10450286	"AMTR_V6_020463-RA"
6	997	3883020	20	3881199	3884841	"AMTR_V6_020095-RA"
2	3058	69536564.5	22	69533180	69539949	"AMTR_V6_004067-RA"
2	266	69432902	22	69432199	69433605	"AMTR_V6_004060-RA"
3	5112	62968147.5	24	62967908	62968387	"AMTR_V6_008298-RA"
3	1673	62989509.5	24	62988198	62990821	"AMTR_V6_008299-RA"
3	1869	63004146.5	24	63002674	63005619	"AMTR_V6_008302-RA"
6	10223	45227344	26	45227032	45227656	"AMTR_V6_022226-RA"
6	613	45219163	26	45218943	45219383	"AMTR_V6_022224-RA"
10	613	43729001	26	43728787	43729215	"AMTR_V6_034573-RA"
10	4279	43797637.5	26	43790744	43804531	"AMTR_V6_034577-RA"
10	3644	45292019.5	26	45277971	45306068	"AMTR_V6_034742-RA"
10	3644	44011886.5	26	44004953	44018820	"AMTR_V6_034601-RA"
6	3644	44681819	26	44674419	44689219	"AMTR_V6_022191-RA"
6	2392	42846580	26	42844231	42848929	"AMTR_V6_022038-RA"
2	2323	65740330	27	65738917	65741743	"AMTR_V6_003715-RA"
1	2960	54698140.5	27	54697563	54698718	"AMTR_V6_011532-RA"
2	2390	65785159	27	65783568	65786750	"AMTR_V6_003719-RA"
2	2390	67541166	27	67534646	67547686	"AMTR_V6_003854-RA"
13	725	2415745.5	28	2411814	2419677	"AMTR_V6_029103-RA"
5	725	5622244	28	5615972	5628516	"AMTR_V6_035327-RA"
4	1053	40104551.5	28	40104213	40104890	"AMTR_V6_014434-RA"
13	1053	2361812	28	2354777	2368847	"AMTR_V6_029096-RA"
13	1036	2580140.5	28	2577326	2582955	"AMTR_V6_029113-RA"
13	1036	1931666.5	28	1926617	1936716	"AMTR_V6_029064-RA"
13	1036	2492904	28	2478369	2507439	"AMTR_V6_029108-RA"
5	752	13912786	29	13912065	13913507	"AMTR_V6_035855-RA"
13	2588	40104385	33	40102395	40106375	"AMTR_V6_031424-RA"
13	2589	40040000	33	40031355	40048645	"AMTR_V6_031416-RA"
12	2146	45909087.5	34	45905783	45912392	"AMTR_V6_025627-RA"
12	2147	45922491	34	45921850	45923132	"AMTR_V6_025628-RA"
12	3454	45991498	34	45984152	45998844	"AmTr_v6.0_c12.19130.1"
12	3454	45991498	34	45984152	45998844	"AMTR_V6_025632-RA"
10	3295	12991031.5	35	12990762	12991301	"AMTR_V6_032859-RA"
10	6648	11176922	35	11175486	11178358	"AMTR_V6_032800-RA"
10	1301	11323436.5	35	11320285	11326588	"AMTR_V6_032804-RA"
10	1301	43192511	35	43188025	43196997	"AMTR_V6_034531-RA"
10	4183	11039962.5	35	11036100	11043825	"AMTR_V6_032786-RA"
10	4243	10973375.5	35	10973032	10973719	"AMTR_V6_032779-RA"
10	2709	11113748.5	35	11109346	11118151	"AMTR_V6_032797-RA"
10	2709	12142026.5	35	12141563	12142490	"AMTR_V6_032827-RA"
10	3637	12893183	35	12892324	12894042	"AMTR_V6_032855-RA"
10	3637	12857115.5	35	12851084	12863147	"AMTR_V6_032854-RA"
10	1350	12783106	35	12782565	12783647	"AMTR_V6_032848-RA"
1	1066	60988214.5	38	60987155	60989274	"AMTR_V6_012092-RA"
1	1066	31788287.5	38	31783792	31792783	"AMTR_V6_009976-RA"
1	2305	61058369.5	38	61057099	61059640	"AMTR_V6_012094-RA"
1	2305	60972492.5	38	60970156	60974829	"AMTR_V6_012090-RA"
3	2838	40746086	40	40743060	40749112	"AMTR_V6_006544-RA"
2	1490	70678945	40	70667769	70690121	"AMTR_V6_004207-RA"
3	1506	40793002.5	40	40789756	40796249	"AMTR_V6_006547-RA"
3	4976	40987305.5	40	40986145	40988466	"AmTr_v6.0_c3.17050.1"
3	4976	40987305.5	40	40986145	40988466	"AMTR_V6_006555-RA"
3	3974	41109315	40	41109197	41109433	"AMTR_V6_006562-RA"
2	8950	70620581.5	40	70618406	70622757	"AmTr02g02479.1-OS00045.20.mRNA1"
2	9172	70616766.5	40	70615465	70618068	"AMTR_V6_004201-RA"
2	5713	70561823	40	70559893	70563753	"AMTR_V6_004191-RA"
2	10206	70523563.5	40	70517799	70529328	"AMTR_V6_004187-RA"
4	1169	58980597	43	58977979	58983215	"AMTR_V6_015896-RA"
1	3473	981870.5	43	977065	986676	"AmTr01g00060.1-OS00119.60.mRNA1"
4	8672	59501212.5	43	59500934	59501491	"AMTR_V6_015949-RA"
4	1131	59595171.5	43	59566466	59623877	"AmTr04g02216.1-OS00010.534.mRNA1"
3	1078	49535989	44	49522913	49549065	"AMTR_V6_007121-RA"
3	1362	49639488.5	44	49628358	49650619	"AMTR_V6_007127-RA"
6	6642	17147614	44	17139141	17156087	"AMTR_V6_020883-RA"
6	4687	13725178.5	44	13714336	13736021	"AMTR_V6_020699-RA"
4	2340	396965.5	45	396310	397621	"AMTR_V6_012194-RA"
4	1980	371546.5	45	367442	375651	"AMTR_V6_012192-RA"
4	2535	350099.5	45	349652	350547	"AMTR_V6_012190-RA"
4	1164	288225	45	284607	291843	"AMTR_V6_012181-RA"
9	3786	55632561.5	47	55631255	55633868	"AMTR_V6_019439-RA"
9	2473	55733727.5	47	55730296	55737159	"AMTR_V6_019446-RA"
9	1382	55809516.5	47	55803941	55815092	"AMTR_V6_019451-RA"
8	1926	45046080.5	47	45043471	45048690	"AMTR_V6_040473-RA"
8	1696	44912000.5	47	44908677	44915324	"AMTR_V6_040467-RA"
2	4875	47196350.5	49	47195787	47196914	"AMTR_V6_002417-RA"
2	154	49523691	49	49518646	49528736	"AMTR_V6_002530-RA"
2	154	48070712.5	49	48070464	48070961	"AMTR_V6_002441-RA"
12	5589	46673347.5	50	46672933	46673762	"AMTR_V6_025684-RA"
3	6405	63550157.5	54	63540684	63559631	"AMTR_V6_008354-RA"
3	2576	1041434	54	1036096	1046772	"AMTR_V6_004351-RA"
3	8619	1014159	54	1011113	1017205	"AMTR_V6_004348-RA"
3	1237	1076278	54	1073144	1079412	"AMTR_V6_004354-RA"
12	1826	48765731.5	55	48762376	48769087	"AMTR_V6_025903-RA"
12	771	28198316	55	28193046	28203586	"AMTR_V6_024372-RA"
12	719	28346848.5	55	28345151	28348546	"AMTR_V6_024389-RA"
3	3077	60289170	56	60288653	60289687	"AmTr03g02276.1-OS00002.666.mRNA1"
3	464	60072850	56	60070315	60075385	"AMTR_V6_008009-RA"
3	960	59666232	56	59662587	59669877	"AMTR_V6_007978-RA"
3	960	59787829.5	56	59784422	59791237	"AMTR_V6_007985-RA"
3	467	59772180	56	59768334	59776026	"AmTr03g02241.1-OS00002.630.mRNA1"
8	1733	42684768.5	58	42680895	42688642	"AMTR_V6_040271-RA"
8	858	42675646	58	42671397	42679895	"AMTR_V6_040270-RA"
8	858	42675646	58	42671397	42679895	"AmTr_v6.0_c8.19330.1"
8	2232	41852368.5	58	41848506	41856231	"AMTR_V6_040218-RA"
8	2232	41861152.5	58	41858526	41863779	"AmTr08g01541.1-OS00007.207.mRNA1"
3	3453	2263153.5	59	2260258	2266049	"AMTR_V6_004486-RA"
3	5230	1984170	59	1983995	1984345	"AmTr_v6.0_c3.1290.1"
3	5230	1984170	59	1983995	1984345	"AMTR_V6_004460-RA"
3	1280	1779478.5	59	1773648	1785309	"AMTR_V6_004440-RA"
3	1222	1520058	59	1519853	1520263	"AMTR_V6_004413-RA"
8	194	4179746	63	4176717	4182775	"AMTR_V6_037955-RA"
8	1887	4016596.5	63	4015289	4017904	"AMTR_V6_037943-RA"
8	870	4056143.5	63	4052262	4060025	"AMTR_V6_037946-RA"
4	870	44891654.5	63	44884487	44898822	"AMTR_V6_014723-RA"
8	1749	4111914.5	63	4107119	4116710	"AMTR_V6_037950-RA"
8	1749	4150934.5	63	4146702	4155167	"AMTR_V6_037953-RA"
7	1363	40876824.5	63	40873102	40880547	"AmTr07g01376.1-OS00009.240.mRNA1"
3	7172	4419357.5	65	4415348	4423367	"AMTR_V6_004633-RA"
3	1739	4460198.5	65	4459266	4461131	"AMTR_V6_004635-RA"
3	1709	4301469.5	65	4291609	4311330	"AMTR_V6_004624-RA"
6	2527	45139283	66	45133013	45145553	"AMTR_V6_022220-RA"
6	612	45062348.5	66	45056979	45067718	"AMTR_V6_022216-RA"
10	801	44646037	66	44641841	44650233	"AMTR_V6_034674-RA"
11	892	9980860.5	70	9973973	9987748	"AMTR_V6_026701-RA"
2	3408	52347436	73	52346102	52348770	"AMTR_V6_002750-RA"
3	2452	46530793.5	74	46528806	46532781	"AMTR_V6_006915-RA"
3	1389	46423383.5	74	46417896	46428871	"AMTR_V6_006907-RA"
3	1364	46389735.5	74	46387238	46392233	"AMTR_V6_006904-RA"
3	5636	46251705	74	46247477	46255933	"AMTR_V6_006897-RA"
3	1397	46237229.5	74	46229542	46244917	"AMTR_V6_006895-RA"
10	1310	45821247.5	76	45819775	45822720	"AMTR_V6_034797-RA"
10	1309	45864763	76	45863895	45865631	"AMTR_V6_034804-RA"
10	2695	45983174	76	45974540	45991808	"AMTR_V6_034815-RA"
10	5124	46004054	76	46000877	46007231	"AMTR_V6_034820-RA"
10	5522	46184726	76	46183733	46185719	"AMTR_V6_034836-RA"
10	4293	46215742.5	76	46215125	46216360	"AMTR_V6_034839-RA"
2	4293	7180173.5	76	7179670	7180677	"AMTR_V6_000596-RA"
10	1312	46171969	76	46165830	46178108	"AMTR_V6_034834-RA"
10	1312	46164073.5	76	46163822	46164325	"AMTR_V6_034832-RA"
13	2115	8089368	79	8080281	8098455	"AMTR_V6_029494-RA"
13	10241	8140095	79	8139152	8141038	"AMTR_V6_029498-RA"
13	10242	8219462.5	79	8213334	8225591	"AMTR_V6_029502-RA"
13	10243	8238047	79	8229193	8246901	"AMTR_V6_029503-RA"
13	234	8434335.5	79	8433276	8435395	"AMTR_V6_029521-RA"
13	4335	8834343.5	79	8832546	8836141	"AMTR_V6_029566-RA"
1	460	60637878	80	60637524	60638232	"AmTr_v6.0_c1.26520.1"
1	460	60580981	80	60578119	60583843	"AMTR_V6_012040-RA"
1	459	60434317	80	60430672	60437962	"AmTr01g02231.1-OS00025.71.mRNA1"
1	459	60424119.5	80	60423970	60424269	"AMTR_V6_012026-RA"
3	1419	2090647	81	2073521	2107773	"AMTR_V6_004469-RA"
3	1419	568199.5	81	561256	575143	"AMTR_V6_004295-RA"
3	2846	2005632	81	1998865	2012399	"AMTR_V6_004462-RA"
3	1282	2382470	81	2378273	2386667	"AMTR_V6_004501-RA"
8	2316	45908321.5	84	45905302	45911341	"AMTR_V6_040574-RA"
6	1183	1432269.5	84	1432102	1432437	"AMTR_V6_019920-RA"
2	1183	65347737	84	65347571	65347903	"AMTR_V6_003690-RA"
8	1842	45440287	87	45434732	45445842	"AMTR_V6_040521-RA"
8	1661	45408736.5	87	45401333	45416140	"AMTR_V6_040518-RA"
8	2298	45354087.5	87	45351787	45356388	"AMTR_V6_040513-RA"
8	2298	45348440.5	87	45347306	45349575	"AMTR_V6_040512-RA"
8	851	45315852.5	87	45313255	45318450	"AMTR_V6_040503-RA"
11	1919	811820.5	88	811498	812143	"AMTR_V6_026026-RA"
3	10216	41389621	88	41381560	41397682	"AMTR_V6_006571-RA"
3	413	40776510	88	40774545	40778475	"AMTR_V6_006545-RA"
1	3914	42806531.5	89	42792958	42820105	"AMTR_V6_010703-RA"
11	893	9403208.5	97	9398309	9408108	"AMTR_V6_026641-RA"
13	2642	40441885.5	99	40434641	40449130	"AMTR_V6_031440-RA"
13	3976	40473112.5	99	40470015	40476210	"AMTR_V6_031442-RA"
2	183	3380137	102	3377495	3382779	"AMTR_V6_000316-RA"
7	183	1142513.5	102	1138961	1146066	"AMTR_V6_040738-RA"
2	3056	58664764	103	58659959	58669569	"AMTR_V6_003109-RA"
2	2313	58697903	103	58692055	58703751	"AMTR_V6_003114-RA"
2	1795	58720391.5	103	58718790	58721993	"AMTR_V6_003115-RA"
2	155	68483838	103	68481737	68485939	"AMTR_V6_003949-RA"
8	155	337978.5	103	332821	343136	"AMTR_V6_037589-RA"
7	10226	3111945.5	108	3107491	3116400	"AmTr_v6.0_c7.1900.1"
4	1515	1794747	111	1786363	1803131	"AMTR_V6_012340-RA"
8	1515	43797944	111	43797009	43798879	"AMTR_V6_040358-RA"
4	1517	1644306	111	1640188	1648424	"AMTR_V6_012322-RA"
3	503	2888580	112	2886608	2890552	"AMTR_V6_004533-RA"
3	176	3002279	112	3001641	3002917	"AMTR_V6_004540-RA"
3	176	2936007.5	112	2930328	2941687	"AMTR_V6_004535-RA"
13	176	573022	112	572628	573416	"AMTR_V6_028915-RA"
4	7587	8171359	113	8161457	8181261	"AMTR_V6_012765-RA"
4	594	8038057	113	8033997	8042117	"AMTR_V6_012755-RA"
1	10183	9976297	113	9970736	9981858	"AMTR_V6_009093-RA"
1	10186	10292133	113	10290405	10293861	"AMTR_V6_009118-RA"
7	1743	1757434	117	1754780	1760088	"AMTR_V6_040799-RA"
7	185	1457422	117	1454025	1460819	"AMTR_V6_040771-RA"
7	211	1517215	117	1515161	1519269	"AMTR_V6_040777-RA"
7	211	1409303	117	1405740	1412866	"AMTR_V6_040763-RA"
7	9298	1414507.5	117	1413698	1415317	"AMTR_V6_040764-RA"
7	847	1096308	117	1091402	1101214	"AMTR_V6_040735-RA"
13	847	15163190	117	15162952	15163428	"AMTR_V6_030000-RA"
13	3370	2131533.5	129	2124700	2138367	"AMTR_V6_029081-RA"
13	1035	2195794	129	2192843	2198745	"AMTR_V6_029086-RA"
6	535	6942683.5	130	6939866	6945501	"AMTR_V6_020268-RA"
2	3639	52208533	131	52204179	52212887	"AmTr02g01500.1-OS00003.366.mRNA1"
2	3288	52370936	131	52367504	52374368	"AMTR_V6_002752-RA"
3	254	58023560	131	58022092	58025028	"AMTR_V6_007865-RA"
10	10194	44097755	132	44091452	44104058	"AmTr10g01646.1-OS00061.152.mRNA1"
11	3784	6858420.5	133	6857692	6859149	"AMTR_V6_026482-RA"
11	3784	43190817	133	43190492	43191142	"AMTR_V6_028391-RA"
11	2655	6796437	133	6793073	6799801	"AMTR_V6_026476-RA"
9	2732	22888663.5	133	22884240	22893087	"AMTR_V6_017767-RA"
13	743	38844291.5	136	38842247	38846336	"AMTR_V6_031344-RA"
12	743	42066160	136	42062996	42069324	"AMTR_V6_025356-RA"
12	716	41987322	136	41984442	41990202	"AMTR_V6_025349-RA"
12	1537	36970561.5	136	36969206	36971917	"AMTR_V6_024930-RA"
12	1537	41897930.5	136	41894991	41900870	"AMTR_V6_025342-RA"
12	1537	41797359.5	136	41794487	41800232	"AMTR_V6_025335-RA"
12	4269	41934097.5	136	41933023	41935172	"AMTR_V6_025345-RA"
12	1538	42001979.5	136	42001806	42002153	"AMTR_V6_025350-RA"
12	2870	42012290.5	136	42009138	42015443	"AMTR_V6_025353-RA"
12	2870	42315848	136	42314394	42317302	"AmTr_v6.0_c12.17080.1"
2	667	34337920.5	139	34336002	34339839	"AMTR_V6_002034-RA"
11	4811	44614688.5	142	44611914	44617463	"AMTR_V6_028499-RA"
11	6270	44685387	142	44682783	44687991	"AMTR_V6_028504-RA"
11	6270	43848050.5	142	43830549	43865552	"AMTR_V6_028439-RA"
11	1474	44150576.5	142	44146594	44154559	"AMTR_V6_028459-RA"
11	1474	43203323.5	142	43195461	43211186	"AMTR_V6_028392-RA"
11	9341	43806785	142	43796911	43816659	"AMTR_V6_028436-RA"
11	5753	43740526.5	142	43735736	43745317	"AMTR_V6_028431-RA"
3	572	55286074	143	55284791	55287357	"AMTR_V6_007655-RA"
10	9286	10222859	144	10209737	10235981	"AMTR_V6_032744-RA"
8	905	41494433	145	41489354	41499512	"AMTR_V6_040196-RA"
7	2439	40849375	146	40845224	40853526	"AMTR_V6_042945-RA"
10	6013	46305123.5	149	46298500	46311747	"AMTR_V6_034844-RA"
10	5792	46362013	149	46355943	46368083	"AMTR_V6_034851-RA"
13	232	11458155	151	11448522	11467788	"AmTr13g00604.1-OS00079.44.mRNA1"
13	2022	11168687	151	11166688	11170686	"AMTR_V6_029781-RA"
7	2022	2380171	151	2377611	2382731	"AMTR_V6_040865-RA"
13	1988	11118015	151	11112856	11123174	"AMTR_V6_029779-RA"
13	992	11091922.5	151	11082128	11101717	"AmTr13g00593.1-OS00079.55.mRNA1"
8	853	44888896.5	153	44886883	44890910	"AMTR_V6_040465-RA"
8	1695	45065995	153	45062543	45069447	"AMTR_V6_040474-RA"
8	1695	45161147.5	153	45156859	45165436	"AMTR_V6_040482-RA"
8	1927	45088433.5	153	45084726	45092141	"AMTR_V6_040477-RA"
2	4577	6262425	155	6260514	6264336	"AMTR_V6_000526-RA"
8	852	45302393.5	160	45299664	45305123	"AMTR_V6_040501-RA"
10	548	36273451	162	36271502	36275400	"AMTR_V6_033973-RA"
10	548	36360944.5	162	36349816	36372073	"AMTR_V6_033977-RA"
10	548	36285296	162	36284899	36285693	"AMTR_V6_033974-RA"
8	859	41714080.5	163	41712575	41715586	"AMTR_V6_040208-RA"
8	875	41718820.5	163	41717504	41720137	"AmTr08g01535.1-OS00007.201.mRNA1"
8	1659	41631521.5	163	41631243	41631800	"AMTR_V6_040204-RA"
6	160	11883308	163	11879277	11887339	"AMTR_V6_020606-RA"
8	160	41469294	163	41462192	41476396	"AMTR_V6_040195-RA"
4	5439	53258543.5	166	53252108	53264979	"AMTR_V6_015341-RA"
4	5629	38128545.5	166	38124565	38132526	"AMTR_V6_014242-RA"
9	2648	45767199	167	45764990	45769408	"AMTR_V6_018683-RA"
9	2648	47376886	167	47376265	47377507	"AMTR_V6_018779-RA"
9	9283	47401947	167	47390027	47413867	"AMTR_V6_018781-RA"
4	2035	59719671.5	167	59711113	59728230	"AmTr04g02224.1-OS00010.542.mRNA1"
9	2035	45840916.5	167	45836112	45845721	"AMTR_V6_018686-RA"
9	3443	47316961.5	167	47312931	47320992	"AMTR_V6_018775-RA"
8	877	29197912	169	29187816	29208008	"AMTR_V6_039336-RA"
10	5656	45798162	171	45792093	45804231	"AMTR_V6_034795-RA"
10	5657	45598705.5	171	45595495	45601916	"AMTR_V6_034775-RA"
10	1308	45945289.5	171	45940703	45949876	"AMTR_V6_034811-RA"
10	1308	45487519.5	171	45482733	45492306	"AMTR_V6_034762-RA"
10	10179	45877852.5	171	45874485	45881220	"AmTr_v6.0_c10.21130.1"
10	6258	45852994.5	171	45852488	45853501	"AmTr_v6.0_c10.21110.1"
6	4869	13593460.5	174	13586930	13599991	"AMTR_V6_020691-RA"
10	6170	27302854	175	27300210	27305498	"AMTR_V6_033383-RA"
13	1951	31931706.5	176	31921832	31941581	"AMTR_V6_030810-RA"
1	1951	59211848.5	176	59211225	59212472	"AMTR_V6_011885-RA"
7	506	35386283	176	35382602	35389964	"AMTR_V6_042635-RA"
1	3067	60934420	176	60933855	60934985	"AMTR_V6_012087-RA"
4	1958	53541277.5	178	53540869	53541686	"AMTR_V6_015359-RA"
4	4206	53487098	178	53483363	53490833	"AMTR_V6_015353-RA"
8	1658	2324817	179	2322751	2326883	"AMTR_V6_037818-RA"
7	1658	38500994	179	38496282	38505706	"AMTR_V6_042799-RA"
7	1658	38550252.5	179	38547956	38552549	"AMTR_V6_042801-RA"
8	2296	1908968	179	1908132	1909804	"AmTr08g00119.1-OS00029.335.mRNA1"
8	901	1843556	179	1835373	1851739	"AMTR_V6_037770-RA"
9	9142	8496645	180	8485726	8507564	"AMTR_V6_016772-RA"
4	9224	5000662	181	4996525	5004799	"AMTR_V6_012570-RA"
4	10191	5052442	181	5045073	5059811	"AMTR_V6_012572-RA"
4	6964	5125077.5	181	5119352	5130803	"AMTR_V6_012573-RA"
2	3108	63798382.5	183	63796525	63800240	"AMTR_V6_003572-RA"
2	2912	64182727.5	183	64177964	64187491	"AMTR_V6_003599-RA"
2	1634	64428950	183	64427095	64430805	"AMTR_V6_003619-RA"
2	1794	64459138.5	183	64449899	64468378	"AMTR_V6_003621-RA"
7	455	6074538	186	6074317	6074759	"AmTr_v6.0_c7.3790.1"
1	455	59951867	186	59946035	59957699	"AMTR_V6_011975-RA"
13	45	19611290.5	186	19599917	19622664	"AMTR_V6_030183-RA"
13	45	19377776	186	19368921	19386631	"AMTR_V6_030164-RA"
2	2665	15490565	189	15487875	15493255	"AMTR_V6_001318-RA"
2	2663	15343479.5	189	15343141	15343818	"AMTR_V6_001309-RA"
2	2663	15396104.5	189	15384876	15407333	"AMTR_V6_001311-RA"
2	142	15178393	189	15175109	15181677	"AMTR_V6_001288-RA"
3	3352	6822006	190	6821756	6822256	"AMTR_V6_004834-RA"
3	3352	6822006	190	6821756	6822256	"AmTr_v6.0_c3.4170.1"
3	6106	7976189.5	190	7976019	7976360	"AMTR_V6_004915-RA"
3	186	7940092.5	190	7933250	7946935	"AMTR_V6_004909-RA"
3	3698	7328478	190	7325841	7331115	"AMTR_V6_004867-RA"
6	2740	30103840	191	30100041	30107639	"AMTR_V6_021313-RA"
9	2740	54500899.5	191	54499158	54502641	"AMTR_V6_019367-RA"
6	6071	30336972	191	30335890	30338054	"AMTR_V6_021319-RA"
13	1264	45242992	192	45239118	45246866	"AMTR_V6_031776-RA"
3	6705	1132413	192	1129913	1134913	"AMTR_V6_004359-RA"
3	5437	1146205	192	1143787	1148623	"AMTR_V6_004360-RA"
4	398	54932778	192	54930603	54934953	"AMTR_V6_015485-RA"
3	398	1178590.5	192	1177536	1179645	"AMTR_V6_004365-RA"
3	3472	63114268	193	63108509	63120027	"AMTR_V6_008311-RA"
3	3434	43587099.5	195	43585649	43588550	"AMTR_V6_006734-RA"
3	2753	43851908	195	43849081	43854735	"AMTR_V6_006742-RA"
3	2753	43758758.5	195	43749867	43767650	"AMTR_V6_006738-RA"
2	153	46914825	199	46912991	46916659	"AMTR_V6_002398-RA"
2	1333	47095383.5	199	47093211	47097556	"AMTR_V6_002414-RA"
2	1574	68569312	203	68567175	68571449	"AMTR_V6_003961-RA"
2	3055	68515886	203	68511509	68520263	"AMTR_V6_003954-RA"
2	3055	68491308.5	203	68489448	68493169	"AMTR_V6_003950-RA"
2	7867	68609340.5	203	68605305	68613376	"AMTR_V6_003966-RA"
2	6745	68669744	203	68667866	68671622	"AMTR_V6_003973-RA"
1	427	36277460	204	36270544	36284376	"AMTR_V6_010220-RA"
3	1621	56814817	205	56811008	56818626	"AMTR_V6_007776-RA"
3	1621	56773561	205	56767235	56779887	"AMTR_V6_007773-RA"
4	543	8311839	207	8303871	8319807	"AMTR_V6_012771-RA"
4	5539	8436169.5	207	8435555	8436784	"AMTR_V6_012774-RA"
3	3388	49257120.5	207	49252194	49262047	"AMTR_V6_007101-RA"
3	1378	49389080	207	49377818	49400342	"AMTR_V6_007112-RA"
4	1378	8494453	207	8483881	8505025	"AMTR_V6_012777-RA"
4	5434	8353459.5	207	8339737	8367182	"AMTR_V6_012772-RA"
1	2191	46267614.5	208	46259013	46276216	"AMTR_V6_010924-RA"
1	71	46478380	208	46476105	46480655	"AMTR_V6_010939-RA"
2	9258	4080066	211	4074473	4085659	"AMTR_V6_000370-RA"
8	3206	44494037	212	44488965	44499109	"AMTR_V6_040420-RA"
8	2266	44143520	212	44131143	44155897	"AMTR_V6_040395-RA"
8	876	43719610.5	212	43715086	43724135	"AMTR_V6_040353-RA"
1	792	2944544.5	213	2941025	2948064	"AMTR_V6_008640-RA"
12	792	47551650.5	213	47551206	47552095	"AMTR_V6_025794-RA"
4	1149	58191782	214	58190638	58192926	"AMTR_V6_015782-RA"
12	1946	915871.5	216	907392	924351	"AMTR_V6_023025-RA"
6	3817	38493598.5	217	38493419	38493778	"AMTR_V6_021751-RA"
6	3817	45736183	217	45731938	45740428	"AMTR_V6_022260-RA"
2	1767	61479972	221	61478900	61481044	"AMTR_V6_003364-RA"
2	1791	61567505	221	61563071	61571939	"AMTR_V6_003378-RA"
6	3469	50174502.5	226	50163625	50185380	"AMTR_V6_022568-RA"
3	372	39950948.5	230	39946462	39955435	"AMTR_V6_006486-RA"
3	372	39685092.5	230	39678752	39691433	"AMTR_V6_006471-RA"
2	373	58649652.5	230	58648485	58650820	"AMTR_V6_003108-RA"
2	373	58489650	230	58488467	58490833	"AMTR_V6_003098-RA"
3	373	39238544	230	39237083	39240005	"AMTR_V6_006445-RA"
3	373	39298282.5	230	39293067	39303498	"AMTR_V6_006446-RA"
2	4398	58550403	230	58545586	58555220	"AMTR_V6_003100-RA"
2	6731	58390083.5	230	58387517	58392650	"AMTR_V6_003092-RA"
2	1254	58314204	230	58305992	58322416	"AMTR_V6_003087-RA"
12	940	44136832.5	236	44135266	44138399	"AMTR_V6_025515-RA"
10	4	38958247	238	38946666	38969828	"AMTR_V6_034234-RA"
10	4	39038342.5	238	39037281	39039404	"AMTR_V6_034238-RA"
10	2328	38899735	238	38892831	38906639	"AMTR_V6_034230-RA"
10	5	38851389.5	238	38846454	38856325	"AMTR_V6_034225-RA"
8	168	5838047.5	244	5829941	5846154	"AMTR_V6_038049-RA"
8	168	5174193	244	5172065	5176321	"AMTR_V6_038015-RA"
9	4830	1692225.5	245	1691226	1693225	"AMTR_V6_016202-RA"
9	4854	1494373.5	245	1492203	1496544	"AMTR_V6_016179-RA"
3	1117	48147800	247	48145524	48150076	"AMTR_V6_007024-RA"
4	550	58206652.5	249	58204716	58208589	"AMTR_V6_015786-RA"
1	969	783719.5	249	778207	789232	"AMTR_V6_008449-RA"
3	969	61036480	249	61025289	61047671	"AMTR_V6_008077-RA"
