8	3644	18053192	0	18051932	18054452	"Gb_02908"
8	3644	17842958	0	17842463	17843453	"Gb_02909"
8	5779	56021168	0	56020448	56021888	"Gb_30517"
8	5757	55572722	0	55571655	55573789	"Gb_30519"
8	4279	20973649.5	0	20970825	20976474	"Gb_06391"
7	1300	266744521	0	266678498	266810544	"Gb_26778"
1	1301	837522003	0	837519443	837524563	"Gb_13916"
5	1153	429990723	0	429990295	429991151	"Gb_08422"
5	8	442375770.5	0	442374242	442377299	"Gb_06534"
11	237	49498929.5	0	49497667	49500192	"Gb_17724"
1	237	769538095.5	0	769536689	769539502	"Gb_36720"
7	568	686388309	0	686380660	686395958	"Gb_12530"
11	964	152234429.5	0	152232774	152236085	"Gb_08624"
4	964	574173948	0	574172630	574175266	"Gb_37545"
9	1951	200379949	1	200379253	200380645	"Gb_21922"
5	427	51083552.5	1	50943264	51223841	"Gb_30820"
2	716	445703660.5	1	445701134	445706187	"Gb_40858"
2	2872	551692054	1	551667813	551716295	"Gb_18297"
2	4774	562276071	1	562164221	562387921	"Gb_40028"
2	1486	535359472	1	535320079	535398865	"Gb_02704"
2	5462	532832573.5	1	532711123	532954024	"Gb_08869"
2	940	532366063.5	1	532364489	532367638	"Gb_24488"
3	940	673065927	1	673059511	673072343	"Gb_05418"
7	5768	34585375.5	2	34429011	34741740	"Gb_19876"
7	960	25188510.5	2	25185456	25191565	"Gb_26323"
7	960	30319285	2	30306990	30331580	"Gb_35164"
7	254	3962769	2	3961009	3964529	"Gb_08344"
1	1550	867174572.5	2	867172868	867176277	"Gb_31218"
3	449	497096293.5	2	497095843	497096744	"Gb_33038"
3	1621	500137918.5	2	500106004	500169833	"Gb_19268"
7	474	51592459	2	51538265	51646653	"Gb_27449"
7	467	27407141	2	27407041	27407241	"Gb_22838"
7	467	25595269	2	25591138	25599400	"Gb_14049"
7	3077	36944348	2	36943825	36944871	"Gb_02451"
7	1876	288377433	2	288370880	288383986	"Gb_30396"
7	3017	288962178.5	2	288961550	288962807	"Gb_30399"
3	1857	468711593.5	2	468705357	468717830	"Gb_39263"
3	5112	513863933.5	2	513863694	513864173	"Gb_40443"
3	3233	519957969.5	2	519845973	520069966	"Gb_36362"
3	3472	522598215	2	522597047	522599383	"Gb_11507"
7	3472	192067992.5	2	192066839	192069146	"Gb_05835"
3	78	215051339	3	215017242	215085436	"Gb_33925"
3	78	212112796.5	3	212109740	212115853	"Gb_07955"
3	2070	203935320	3	203783206	204087434	"Gb_31910"
4	3904	269335365.5	3	269316417	269354314	"Gb_31163"
3	3632	619719876	3	619714692	619725060	"Gb_22844"
3	1334	702024742	3	702023226	702026258	"Gb_06063"
7	3639	7941979.5	3	7931455	7952504	"Gb_23817"
7	3287	11935616	3	11879113	11992119	"Gb_25885"
7	819	70710358.5	3	70708811	70711906	"Gb_24319"
12	6713	628137168.5	4	628136443	628137894	"Gb_36093"
12	792	85218172	4	85216836	85219508	"Gb_39683"
8	790	329955583	4	329953024	329958142	"Gb_39526"
8	4783	349630931	4	349507153	349754709	"Gb_19912"
8	4360	336694653.5	4	336463594	336925713	"Gb_37508"
8	1531	514446735	4	514445570	514447900	"Gb_38052"
8	1469	453499696	4	453440346	453559046	"Gb_31563"
8	1932	458863487.5	4	458814894	458912081	"Gb_34077"
12	5524	625650462	4	625649936	625650988	"Gb_29220"
12	4249	625227758	4	625226095	625229421	"Gb_29224"
12	2147	615009248.5	4	615008602	615009895	"Gb_10372"
2	3597	381358089	4	381354553	381361625	"Gb_15884"
5	21	470061387.5	5	470060790	470061985	"Gb_22682"
5	623	469162915.5	5	469154247	469171584	"Gb_27784"
5	632	418418012	5	418373871	418462153	"Gb_03562"
1	3362	766576024	5	766511875	766640173	"Gb_27390"
5	3364	567459187	5	567301378	567616996	"Gb_05040"
5	22	466449471.5	5	466448575	466450368	"Gb_30742"
5	535	512908076.5	5	512859802	512956351	"Gb_06458"
5	5806	597231689.5	5	597231340	597232039	"Gb_41226"
5	1002	733830009.5	5	733823042	733836977	"Gb_21676"
5	6196	727868336	5	727867414	727869258	"Gb_38753"
5	2901	617054693	5	617051529	617057857	"Gb_05803"
5	2066	532545036	5	532526131	532563941	"Gb_23909"
5	531	540068157	5	539997173	540139141	"Gb_32070"
5	5482	557089822	5	557089134	557090510	"Gb_23258"
5	931	619296347	5	619296031	619296663	"Gb_28410"
5	5662	611183598.5	5	611133431	611233766	"Gb_02140"
5	6250	443240566	5	443166334	443314798	"Gb_26617"
5	57	517400470	5	517340576	517460364	"Gb_05860"
5	221	500592650	5	500534601	500650699	"Gb_01736"
5	3545	474800089	5	474677654	474922524	"Gb_24145"
5	1612	476420853	5	476212168	476629538	"Gb_24146"
1	3295	841005929	5	841005305	841006553	"Gb_01971"
1	4243	832466026	5	832465728	832466324	"Gb_23592"
1	4183	833738870.5	5	833736433	833741308	"Gb_17288"
11	3126	626728497	6	626688441	626768553	"Gb_09642"
2	5094	514558040	6	514557292	514558788	"Gb_15293"
11	1207	610640841.5	6	610515536	610766147	"Gb_21527"
12	1483	561266367.5	6	561202606	561330129	"Gb_03735"
5	2138	160226770.5	6	160225750	160227791	"Gb_28915"
5	2138	161422057	6	161421791	161422323	"Gb_15834"
5	2138	159894337.5	6	159894038	159894637	"Gb_29842"
5	137	157720103.5	6	157719553	157720654	"Gb_29844"
9	3714	187035916.5	6	187033912	187037921	"Gb_04102"
9	506	195977081.5	6	195968276	195985887	"Gb_35063"
6	3227	416236542.5	6	416230021	416243064	"Gb_15447"
6	1928	358731719	6	358730041	358733397	"Gb_20459"
6	1872	389452593.5	6	389215015	389690172	"Gb_30357"
10	6742	103572811	7	103536556	103609066	"Gb_30890"
10	1221	112977830.5	7	112977495	112978166	"Gb_30976"
10	1221	672445149	7	672444815	672445483	"Gb_11191"
10	1222	141078870.5	7	141078391	141079350	"Gb_18605"
10	1282	161532713	7	161402974	161662452	"Gb_22465"
3	176	5950859	7	5950225	5951493	"Gb_40693"
10	176	344927425	7	344915929	344938921	"Gb_25567"
10	1862	401974116.5	7	401973297	401974936	"Gb_09559"
10	187	250735353.5	7	250686164	250784543	"Gb_18500"
10	6106	291311689	7	291310989	291312389	"Gb_04720"
10	3355	295483193.5	7	295372041	295594346	"Gb_32692"
1	6666	979712802	8	979617404	979808200	"Gb_23256"
1	2266	1004553255.5	8	1004314504	1004792007	"Gb_37830"
1	4320	1010333880	8	1010325128	1010342632	"Gb_13915"
4	2232	732544090	8	732427190	732660990	"Gb_19378"
4	2232	728271948	8	728159668	728384228	"Gb_22177"
4	1733	734632267.5	8	734631972	734632563	"Gb_26920"
1	1923	61468348	8	61371346	61565350	"Gb_09312"
4	858	734157246.5	8	734090025	734224468	"Gb_26916"
4	199	704776273.5	8	704775202	704777345	"Gb_36815"
4	905	750736674	8	750653562	750819786	"Gb_00552"
1	3206	991133421	8	991065329	991201513	"Gb_00559"
1	1713	984125519	8	984075530	984175508	"Gb_32348"
5	1661	15203146.5	8	15202992	15203301	"Gb_41000"
5	1842	19573972	8	19514238	19633706	"Gb_24378"
5	2316	625921625	8	625918521	625924729	"Gb_21223"
5	1014	718916444.5	8	718914857	718918032	"Gb_24098"
5	1809	576280385	8	576065124	576495646	"Gb_13934"
5	1809	600316461.5	8	600314906	600318017	"Gb_15614"
5	1794	607422935	8	607208653	607637217	"Gb_39516"
5	2912	584111731	8	583986212	584237250	"Gb_06147"
4	87	750251678.5	9	750236897	750266460	"Gb_00553"
8	256	660393665	9	660393016	660394314	"Gb_32966"
8	1024	330589602.5	9	330544632	330634573	"Gb_13248"
8	2323	567458234	9	567453704	567462764	"Gb_23950"
12	2323	496959360	9	496902886	497015834	"Gb_17396"
8	2323	567461875.5	9	567460759	567462992	"Gb_23954"
5	3108	572137277	9	572132793	572141761	"Gb_39640"
9	563	416082886.5	10	416019773	416146000	"Gb_36463"
9	4311	415804211	10	415778676	415829746	"Gb_36462"
12	886	87519034	10	87438094	87599974	"Gb_12056"
11	120	546155610.5	11	546072106	546239115	"Gb_06732"
11	120	320820525	11	320758588	320882462	"Gb_09525"
11	2152	314719416.5	11	314719043	314719790	"Gb_38276"
2	773	545542542.5	11	545541284	545543801	"Gb_27949"
2	2870	445124828.5	11	445119711	445129946	"Gb_01078"
4	2874	652475526	11	652444304	652506748	"Gb_20939"
4	2166	661828402	11	661787856	661868948	"Gb_01303"
2	713	540642851.5	11	540586515	540699188	"Gb_38396"
2	713	531992750.5	11	531838948	532146553	"Gb_24495"
12	2146	615224333.5	11	615113605	615335062	"Gb_10370"
12	3454	618589155	11	618512712	618665598	"Gb_12619"
12	3454	618350591.5	11	618349941	618351242	"Gb_12627"
3	5713	22219605.5	12	22218594	22220617	"Gb_11012"
3	8950	23532178.5	12	23530250	23534107	"Gb_19764"
3	373	66794909	12	66793921	66795897	"Gb_04261"
3	373	72721308	12	72677637	72764979	"Gb_05092"
3	265	60020042	12	60017431	60022653	"Gb_11136"
3	2927	398514180	12	398512503	398515857	"Gb_39379"
8	266	31101942	12	31101170	31102714	"Gb_08805"
8	3058	30625950.5	12	30624754	30627147	"Gb_08801"
3	3107	398160265.5	12	398158530	398162001	"Gb_39365"
3	5773	396194636.5	12	396190792	396198481	"Gb_21740"
3	1571	395983496	12	395925433	396041559	"Gb_21741"
3	155	64278313	12	64231164	64325462	"Gb_11317"
3	5342	59998103	12	59997510	59998696	"Gb_11139"
3	1574	60504473.5	12	60501994	60506953	"Gb_38761"
9	7867	123194262	12	123191393	123197131	"Gb_15997"
3	7867	62401543.5	12	62377089	62425998	"Gb_16015"
3	6745	62826296	12	62675867	62976725	"Gb_16012"
3	1344	642515950.5	13	642515539	642516362	"Gb_10031"
3	1345	622093568	13	622092892	622094244	"Gb_10897"
11	150	133005559.5	13	132973366	133037753	"Gb_33416"
3	150	655424175.5	13	655423204	655425147	"Gb_30482"
3	665	311493163	13	311489626	311496700	"Gb_03688"
3	1346	656838426.5	13	656633678	657043175	"Gb_29280"
3	153	707570210.5	13	707569075	707571346	"Gb_09499"
3	4875	697870056	13	697869470	697870642	"Gb_10627"
3	4180	678245225	13	678244063	678246387	"Gb_30928"
7	4182	85985486.5	13	85881574	86089399	"Gb_00257"
7	3408	9738338.5	13	9735094	9741583	"Gb_40551"
7	3923	12803716.5	13	12803193	12804240	"Gb_25879"
3	1333	698444442	13	698442467	698446417	"Gb_18225"
3	5452	647472347.5	13	647461822	647482873	"Gb_19591"
1	3914	NA	14	1126534182	1126678561	"Gb_20476"
1	2105	92850181	14	92847881	92852481	"Gb_07444"
4	2084	701374265	14	701238210	701510320	"Gb_08986"
3	143	412924495.5	14	412787214	413061777	"Gb_33318"
3	1351	423873532	14	423873122	423873942	"Gb_28134"
3	1351	408222749.5	14	408222304	408223195	"Gb_26428"
7	5995	392043655.5	14	391850459	392236852	"Gb_05379"
7	5984	394748896	14	394745832	394751960	"Gb_10619"
4	86	744417429.5	14	744416104	744418755	"Gb_11117"
7	3414	401000573	14	400998979	401002167	"Gb_00947"
6	2966	286481475.5	14	286481144	286481807	"Gb_35902"
9	1589	500628120	14	500561223	500695017	"Gb_32245"
8	2960	587425685.5	15	587424384	587426987	"Gb_41153"
10	2731	146508161	15	146506369	146509953	"Gb_26728"
1	2731	105747865	15	105746389	105749341	"Gb_21027"
1	1396	1014805653.5	15	1014767507	1014843800	"Gb_06758"
1	1395	1015568617.5	15	1015567904	1015569331	"Gb_17008"
1	311	998093033.5	15	997985230	998200837	"Gb_35139"
1	2460	983528894	15	983526987	983530801	"Gb_29928"
1	1087	1008720830	15	1008690591	1008751069	"Gb_41055"
1	3574	180137878.5	15	180137623	180138134	"Gb_24081"
1	2191	145626053	15	145593654	145658452	"Gb_13280"
5	1828	492920958.5	16	492758776	493083141	"Gb_10855"
5	1793	518628512	16	518618117	518638907	"Gb_05845"
5	1635	504827279.5	16	504826962	504827597	"Gb_41078"
5	5655	495456735.5	16	495455597	495457874	"Gb_19321"
2	4310	303202636.5	16	303037277	303367996	"Gb_02814"
12	5585	106317777	16	106231604	106403950	"Gb_29637"
1	1142	793917255.5	16	793822150	794012361	"Gb_36147"
3	413	37087139	17	37085572	37088706	"Gb_08634"
3	1506	34342876.5	17	34341947	34343806	"Gb_21462"
3	1504	21106988	17	21105563	21108413	"Gb_38610"
3	369	17587881	17	17586118	17589644	"Gb_00664"
3	372	74014618	17	74013710	74015526	"Gb_26458"
3	2812	60957096.5	17	60774831	61139362	"Gb_24583"
3	3359	323608691.5	17	323475480	323741903	"Gb_07736"
12	771	546000732.5	18	545775319	546226146	"Gb_29521"
2	1538	445465178.5	18	445465026	445465331	"Gb_40856"
2	2873	552324635.5	18	552264762	552384509	"Gb_18285"
6	1553	54449688.5	19	54448470	54450907	"Gb_23674"
5	67	487042096.5	20	486919870	487164323	"Gb_05422"
1	224	852051198	20	852049815	852052581	"Gb_17190"
2	224	382334852	20	382332874	382336830	"Gb_28585"
1	617	661774567.5	20	661697761	661851374	"Gb_14475"
4	3981	715623331.5	20	715621309	715625354	"Gb_26371"
12	2588	623512830.5	20	623511554	623514107	"Gb_24417"
12	2589	624631103	20	624568275	624693931	"Gb_29233"
4	3976	716135458	20	716134459	716136457	"Gb_15752"
10	227	338942026.5	21	338938906	338945147	"Gb_21263"
10	1625	255026814	21	255025948	255027680	"Gb_11676"
5	1626	49159187.5	21	49158786	49159589	"Gb_39726"
10	2934	256155639	21	256119291	256191987	"Gb_24528"
6	1463	585347126.5	21	585301537	585392716	"Gb_13018"
6	1272	205856641.5	21	205776624	205936659	"Gb_07886"
6	6035	203186538	21	203163497	203209579	"Gb_13366"
6	9474	77056221.5	21	76973136	77139307	"Gb_33079"
10	2279	260397457	22	260376148	260418766	"Gb_35127"
10	2402	267649646	22	267619504	267679788	"Gb_29331"
10	2949	274385253.5	22	274384381	274386126	"Gb_20061"
6	3239	526145255.5	22	526143771	526146740	"Gb_18690"
12	1198	104433886	22	104313878	104553894	"Gb_22046"
12	6966	106959943.5	22	106958606	106961281	"Gb_29033"
12	9270	44618536.5	22	44592207	44644866	"Gb_40358"
8	1297	568000931.5	22	567996641	568005222	"Gb_23956"
8	1940	579399210.5	22	579398410	579400011	"Gb_27091"
10	1946	501350176.5	22	501349488	501350865	"Gb_14125"
8	1946	349976507	22	349974952	349978062	"Gb_34034"
8	4773	360619380.5	22	360480114	360758647	"Gb_15088"
5	545	729476273	23	729423822	729528724	"Gb_16690"
5	1568	614824258.5	23	614776501	614872016	"Gb_28897"
5	1183	630803108.5	23	630802935	630803282	"Gb_30325"
7	610	577117518	23	577059714	577175322	"Gb_34910"
2	610	550325013	23	550323750	550326276	"Gb_18293"
8	2565	64680620.5	23	64662767	64698474	"Gb_26018"
8	2392	17002833.5	23	16939508	17066159	"Gb_16628"
8	2392	15648253	23	15645844	15650662	"Gb_03809"
8	999	69964790.5	23	69769398	70160183	"Gb_22256"
8	612	18538353	23	18493133	18583573	"Gb_40603"
8	2527	19569494	23	19561429	19577559	"Gb_00630"
8	3817	50571856.5	23	50504660	50639053	"Gb_14335"
7	1093	77526528.5	24	77525606	77527451	"Gb_06747"
7	618	267029762.5	24	267029079	267030446	"Gb_26781"
3	4512	635042504	24	634942816	635142192	"Gb_25943"
3	4854	684103000	24	684011456	684194544	"Gb_02119"
12	1201	155618147.5	25	155617356	155618939	"Gb_08535"
9	1773	61306784.5	25	61294590	61318979	"Gb_14317"
9	1816	62352371	25	62334755	62369987	"Gb_14318"
2	3300	191392377	25	191358258	191426496	"Gb_34276"
8	950	13422827.5	26	13406148	13439507	"Gb_06010"
5	3469	40283136.5	26	40245717	40320556	"Gb_17521"
5	3469	40625518.5	26	40624920	40626117	"Gb_30113"
6	746	521893096.5	27	521767614	522018579	"Gb_13615"
1	1493	926268890	27	926121556	926416224	"Gb_23465"
1	3248	930475051	27	930300884	930649218	"Gb_41462"
3	128	517482747.5	27	517449484	517516011	"Gb_14388"
3	2869	516710219	27	516554916	516865522	"Gb_14386"
5	3168	657132308.5	28	657088172	657176445	"Gb_39361"
5	1714	358253561	28	358229272	358277850	"Gb_20442"
5	181	372195935.5	28	372195745	372196126	"Gb_24331"
9	181	620646540	28	620639180	620653900	"Gb_04365"
3	1026	340891834	28	340890403	340893265	"Gb_21078"
9	211	667990019.5	28	667898478	668081561	"Gb_10239"
9	183	665773040.5	28	665770277	665775804	"Gb_39786"
9	3480	613208100	28	613183922	613232278	"Gb_34755"
11	6505	49365383.5	29	49364801	49365966	"Gb_22164"
1	1035	328038881.5	29	328038736	328039027	"Gb_34841"
1	1035	327933255.5	29	327932944	327933567	"Gb_34842"
1	4761	598447714	29	598371088	598524340	"Gb_10689"
1	3370	331097924.5	29	331059912	331135937	"Gb_17809"
10	1033	459793541	29	459766919	459820163	"Gb_00177"
11	1033	9592235	29	9590543	9593927	"Gb_21846"
11	1060	45560547	29	45559672	45561422	"Gb_00233"
2	2445	622310574	29	622263831	622357317	"Gb_18841"
3	5714	79323616.5	30	79278374	79368859	"Gb_40699"
3	6731	72106480	30	72105520	72107440	"Gb_12699"
3	3055	63914616.5	30	63913963	63915270	"Gb_11319"
3	3055	63728811.5	30	63726891	63730732	"Gb_11314"
3	1795	65273368.5	30	65271524	65275213	"Gb_33642"
3	2313	65501057.5	30	65404693	65597422	"Gb_33641"
3	258	52886441	30	52837067	52935815	"Gb_15309"
3	1764	279313892	30	279284016	279343768	"Gb_00228"
3	274	274319569.5	30	274304172	274334967	"Gb_37894"
10	1569	445924683.5	30	445923313	445926054	"Gb_06928"
3	1569	250475542	30	250388702	250562382	"Gb_15226"
3	10129	27752070	30	27751877	27752263	"Gb_35973"
3	9172	23431614	30	23399103	23464125	"Gb_19769"
8	1567	594516701.5	31	594506637	594526766	"Gb_30916"
8	945	548643060.5	31	548641613	548644508	"Gb_26152"
5	1766	533860920	31	533858455	533863385	"Gb_23910"
5	6483	720706090	31	720704270	720707910	"Gb_35737"
5	1634	606169997	31	606105229	606234765	"Gb_30255"
5	1810	606493780.5	31	606352927	606634634	"Gb_30260"
5	471	471443395.5	31	471434948	471451843	"Gb_22686"
12	269	556270355.5	31	556269212	556271499	"Gb_36988"
12	1826	557800671.5	31	557745497	557855846	"Gb_41012"
8	2695	43438357	32	43399999	43476715	"Gb_18459"
8	1309	40954924.5	32	40953239	40956610	"Gb_37343"
8	1311	45443697.5	32	45301483	45585912	"Gb_01387"
8	4276	44997793	32	44997149	44998437	"Gb_01389"
8	4276	45145893	32	45145407	45146379	"Gb_01388"
8	5522	51362461	32	51360676	51364246	"Gb_17874"
8	6013	8636699.5	32	8564838	8708561	"Gb_40058"
8	4293	50919918	32	50916615	50923221	"Gb_14334"
8	1310	38753924.5	32	38751786	38756063	"Gb_07382"
8	6258	39157480	32	39156612	39158348	"Gb_07398"
8	5124	44741370	32	44709017	44773723	"Gb_10167"
8	5657	104094450.5	32	103955133	104233768	"Gb_06265"
8	1308	106788742	32	106700014	106877470	"Gb_32230"
8	1308	42790558.5	32	42790146	42790971	"Gb_18452"
8	1312	51579854.5	32	51495667	51664042	"Gb_17876"
10	1358	488082239.5	33	488066924	488097555	"Gb_37362"
10	2759	594638301	33	594486659	594789943	"Gb_27798"
10	1400	548230424	33	548217002	548243846	"Gb_33378"
10	1121	439408697.5	33	439407264	439410131	"Gb_20189"
10	1074	432489117.5	33	432381262	432596973	"Gb_18649"
10	2439	661012905	33	661012431	661013379	"Gb_14430"
10	2439	660660375.5	33	660659806	660660945	"Gb_14428"
10	1820	623269519	33	623178563	623360475	"Gb_33072"
10	1563	676045775	33	676027334	676064216	"Gb_41423"
11	1220	92113979	34	91807362	92420596	"Gb_12187"
11	1219	92804604.5	34	92803862	92805347	"Gb_17224"
11	3485	85551180	34	85547729	85554631	"Gb_07831"
2	5701	318442570.5	34	318440872	318444269	"Gb_36974"
12	4206	328362770	34	328280947	328444593	"Gb_11524"
12	1958	146397134.5	34	146394751	146399518	"Gb_01952"
12	1958	326578507	34	326578216	326578798	"Gb_10580"
8	9091	454983360	35	454982356	454984364	"Gb_12938"
8	3733	677881798.5	35	677881224	677882373	"Gb_14193"
8	2355	687700361	35	687627951	687772771	"Gb_05732"
8	7344	404928675.5	35	404927584	404929767	"Gb_37955"
8	3833	392213589	35	392183671	392243507	"Gb_11299"
9	847	666355056	35	666110371	666599741	"Gb_39788"
4	2013	495058106.5	35	495057269	495058944	"Gb_05394"
3	45	560202606	35	560128439	560276773	"Gb_17543"
3	45	559133889.5	35	559014503	559253276	"Gb_08623"
7	3878	239139543	36	239045456	239233630	"Gb_22473"
7	795	239786241.5	36	239652142	239920341	"Gb_01940"
7	840	240397640.5	36	240360025	240435256	"Gb_02960"
4	4664	618940870.5	36	618922109	618959632	"Gb_35816"
4	2942	623310844.5	36	623189028	623432661	"Gb_32562"
10	4659	326303014.5	36	326301352	326304677	"Gb_37241"
10	228	59821191	36	59748638	59893744	"Gb_33904"
11	160	634340056.5	37	634329017	634351096	"Gb_04992"
4	160	753149331.5	37	753112746	753185917	"Gb_32202"
1	876	1016787494	37	1016625799	1016949189	"Gb_36309"
1	631	766830747.5	37	766801434	766860061	"Gb_27396"
5	997	549648641.5	37	549647649	549649634	"Gb_31684"
1	997	798292090	37	798230869	798353311	"Gb_07483"
5	996	458654094	37	458650128	458658060	"Gb_12160"
10	996	575802746	37	575799612	575805880	"Gb_40897"
6	406	177412730	38	177412366	177413094	"Gb_16245"
10	4082	272375458.5	39	272374137	272376780	"Gb_20058"
10	2898	278914178.5	39	278912703	278915654	"Gb_20119"
10	2948	278326049.5	39	278324590	278327509	"Gb_20118"
10	186	291717378	39	291715983	291718773	"Gb_02161"
10	6787	260925480.5	39	260924894	260926067	"Gb_14069"
10	3104	263387945.5	39	263316102	263459789	"Gb_31542"
10	1588	268162169.5	39	268149990	268174349	"Gb_29333"
10	462	277693538	39	277693031	277694045	"Gb_20116"
10	6190	101632184	39	101631684	101632684	"Gb_15934"
1	1845	175033719.5	40	174904343	175163096	"Gb_23346"
5	1893	111550899	40	111530498	111571300	"Gb_04916"
5	203	91942257	40	91927002	91957512	"Gb_02549"
5	1745	112349703	40	112285568	112413838	"Gb_04912"
4	1085	435645632	40	435635819	435655445	"Gb_00676"
4	3774	302421024.5	41	302419898	302422151	"Gb_10050"
5	2743	711891055	41	711889593	711892517	"Gb_21242"
5	2745	715849447.5	41	715849226	715849669	"Gb_23756"
5	2473	205715510.5	41	205714249	205716772	"Gb_14858"
3	1254	74742143.5	42	74729364	74754923	"Gb_26474"
3	2838	38598807.5	42	38586817	38610798	"Gb_11068"
3	1490	37480443.5	42	37432332	37528555	"Gb_05609"
3	3974	28601715	42	28600305	28603125	"Gb_28753"
3	4976	30713649	42	30712985	30714313	"Gb_36453"
3	555	116234602	42	116139861	116329343	"Gb_01425"
10	1658	642916420.5	43	642914085	642918756	"Gb_38929"
10	1658	645052894.5	43	644816374	645289415	"Gb_37969"
10	1840	693204542.5	43	693204202	693204883	"Gb_30700"
10	1657	692500719	43	692473201	692528237	"Gb_30711"
10	3183	450208891.5	43	449975125	450442658	"Gb_29099"
10	194	666839739.5	43	666829809	666849670	"Gb_39746"
10	1838	677355391.5	43	677226765	677484018	"Gb_08675"
10	899	687019990	43	686968788	687071192	"Gb_21766"
10	899	679245996	43	679188180	679303812	"Gb_39694"
10	168	630103929.5	43	630093243	630114616	"Gb_07909"
10	1835	601893991.5	43	601777347	602010636	"Gb_06563"
10	1835	604671371.5	43	604491841	604850902	"Gb_04448"
10	1656	595622832.5	43	595318408	595927257	"Gb_21411"
1	902	182031309.5	44	182030340	182032279	"Gb_05943"
1	872	79751481	44	79749750	79753212	"Gb_09601"
4	873	734971792.5	44	734971434	734972151	"Gb_26913"
4	1692	740911621	44	740884716	740938526	"Gb_10526"
4	1882	737291532.5	44	737266950	737316115	"Gb_27557"
4	1693	736557071	44	736360922	736753220	"Gb_27551"
4	875	746980404.5	44	746979777	746981032	"Gb_22642"
4	859	746884214	44	746843154	746925274	"Gb_22633"
4	1659	747632207.5	44	747631825	747632590	"Gb_22644"
1	1054	347396925.5	45	347230761	347563090	"Gb_39825"
11	1961	78151321	45	78150813	78151829	"Gb_03362"
2	5559	628219246.5	45	628218723	628219770	"Gb_11396"
1	3653	789112758.5	46	788991229	789234288	"Gb_16686"
11	6170	634776724	46	634704314	634849134	"Gb_04997"
1	4667	786993765.5	46	786965983	787021548	"Gb_02314"
4	5473	531657065	46	531655936	531658194	"Gb_03263"
8	3	390111619.5	47	390110316	390112923	"Gb_29741"
2	1980	714300455.5	47	714289996	714310915	"Gb_30840"
8	234	649474109.5	47	649418555	649529664	"Gb_02875"
3	2038	560312698	47	560311137	560314259	"Gb_17544"
1	1041	381034409.5	48	380996320	381072499	"Gb_15023"
1	1053	346749832.5	48	346745538	346754127	"Gb_40480"
6	1052	24794705.5	48	24793082	24796329	"Gb_38130"
1	1052	345790122.5	48	345750677	345829568	"Gb_40475"
1	1036	345365153.5	48	345219951	345510356	"Gb_40471"
1	1036	348718331.5	48	348716950	348719713	"Gb_21668"
1	3778	384315322	48	384122040	384508604	"Gb_15026"
4	1898	228283699	49	228270473	228296925	"Gb_20609"
5	3160	347443463	49	347431918	347455008	"Gb_27511"
5	1742	349930141	49	349929499	349930783	"Gb_41241"
4	303	84824754	49	84823661	84825847	"Gb_38819"
10	303	606270737	49	606267761	606273713	"Gb_18035"
4	497	95550918.5	49	95541907	95559930	"Gb_11567"
4	4132	360280820	49	360279913	360281727	"Gb_37901"
4	1915	352257044.5	49	352255978	352258111	"Gb_05440"
4	3205	218568878	49	218566712	218571044	"Gb_23602"
4	398	146857901.5	50	146857336	146858467	"Gb_05672"
10	398	69041700.5	50	69040617	69042784	"Gb_10245"
12	6574	89267366	50	89242256	89292476	"Gb_12059"
12	1199	97170017	50	97128296	97211738	"Gb_27516"
12	1214	98277395.5	50	98245179	98309612	"Gb_17271"
12	985	36482314	50	36481554	36483074	"Gb_01609"
12	2331	222825259	50	222824146	222826372	"Gb_09260"
12	1169	180024230	50	179890949	180157511	"Gb_25229"
12	1169	192915233.5	50	192844227	192986240	"Gb_10012"
12	1170	67524894.5	50	67523225	67526564	"Gb_39222"
12	1170	64148834	50	64147337	64150331	"Gb_18565"
12	3760	65343083	50	65317618	65368548	"Gb_37370"
1	3450	387951635.5	51	387950322	387952949	"Gb_35793"
1	1524	377844246	51	377743051	377945441	"Gb_10258"
1	766	526561100.5	51	526317501	526804700	"Gb_29661"
1	6426	354103616.5	51	354103058	354104175	"Gb_11930"
1	4159	349375866.5	51	349293476	349458257	"Gb_07340"
1	110	504294878.5	51	504292788	504296969	"Gb_09464"
10	1280	143619648.5	52	143579985	143659312	"Gb_18614"
10	1416	158122093	52	158118950	158125236	"Gb_08295"
10	503	341985102	52	341984537	341985667	"Gb_32340"
10	3357	413751378	52	413728305	413774451	"Gb_08629"
10	1709	48770973	52	48770487	48771459	"Gb_37714"
10	1739	57600377.5	52	57599278	57601477	"Gb_36016"
2	855	301411030.5	53	301399469	301422592	"Gb_25382"
2	854	301147883	53	301037529	301258237	"Gb_25378"
9	1904	425419113.5	53	425418736	425419491	"Gb_35180"
7	2367	120578835.5	54	120507643	120650028	"Gb_26182"
7	548	129751855.5	54	129734551	129769160	"Gb_16853"
2	561	539180599	54	539147559	539213639	"Gb_05693"
2	2350	559525620.5	54	559523537	559527704	"Gb_18335"
4	3535	741314550	54	741313508	741315592	"Gb_29276"
2	4	577430918.5	54	577351626	577510211	"Gb_22434"
11	939	474349019.5	54	474335316	474362723	"Gb_30659"
7	31	563718577	54	563717412	563719742	"Gb_27566"
7	236	566861891.5	54	566857979	566865804	"Gb_12518"
7	3347	595006537	54	595006053	595007021	"Gb_10725"
10	1839	690013249	55	690011917	690014581	"Gb_37263"
10	3188	692747428	55	692624974	692869882	"Gb_30710"
10	881	694906964	55	694905110	694908818	"Gb_19850"
9	205	28323323.5	55	28321803	28324844	"Gb_41126"
6	505	477572363.5	56	477571726	477573001	"Gb_12907"
7	505	30820039.5	56	30819559	30820520	"Gb_31193"
6	3193	359203888.5	56	359201773	359206004	"Gb_20474"
6	848	600310107	56	600251601	600368613	"Gb_19472"
6	167	631491825.5	56	631490692	631492959	"Gb_29764"
10	4873	197359077	56	197358950	197359204	"Gb_00525"
10	870	661254311	56	661251743	661256879	"Gb_14412"
10	4298	79561091.5	57	79501716	79620467	"Gb_38316"
10	1237	63661233	57	63659421	63663045	"Gb_04141"
4	1237	129382230.5	57	129380051	129384410	"Gb_07245"
10	1237	140177369.5	57	140177217	140177522	"Gb_27211"
10	3438	162687270	57	162686972	162687568	"Gb_09118"
10	504	351666878.5	57	351666100	351667657	"Gb_25406"
10	1672	414224761	57	414136720	414312802	"Gb_08627"
10	7172	58352432	57	58324794	58380070	"Gb_30311"
3	2664	362305595	58	362303317	362307873	"Gb_29860"
3	3908	304153180.5	58	304082686	304223675	"Gb_25171"
3	1328	203010373	58	202960870	203059876	"Gb_31916"
3	2089	356010150.5	58	356005299	356015002	"Gb_21315"
3	3943	354678756.5	58	354677122	354680391	"Gb_09370"
3	1325	351032373.5	58	350940336	351124411	"Gb_00928"
3	667	351440596	58	351271346	351609846	"Gb_18863"
3	667	305942169	58	305939716	305944622	"Gb_14221"
7	3256	29343709.5	59	29343035	29344384	"Gb_36064"
7	762	31267699.5	59	31266876	31268523	"Gb_24788"
6	1494	539385631.5	59	539381820	539389443	"Gb_25776"
2	2328	576948100.5	60	576946955	576949246	"Gb_22435"
11	2377	472179855	60	472121440	472238270	"Gb_32360"
12	1136	566220003	60	566118283	566321723	"Gb_41703"
7	4562	299986030	60	299984405	299987655	"Gb_22399"
8	613	21984659.5	60	21984375	21984944	"Gb_30879"
7	798	298560598	60	298559538	298561658	"Gb_29428"
7	827	596108432	60	596107836	596109028	"Gb_06170"
10	1762	674639020	61	674633912	674644128	"Gb_31273"
10	1562	633264500	61	633073974	633455026	"Gb_24172"
10	5168	636117023.5	61	636115392	636118655	"Gb_12687"
10	1363	661519252	61	661452961	661585543	"Gb_14414"
10	3953	544685628.5	61	544631080	544740177	"Gb_25336"
6	752	673804216.5	62	673803494	673804939	"Gb_37354"
3	3536	470373402	62	470349694	470397110	"Gb_14095"
4	6558	2158907	63	2149616	2168198	"Gb_28188"
4	2417	3625640.5	63	3624835	3626446	"Gb_11407"
11	1078	273178163	63	273066997	273289329	"Gb_13772"
2	743	444199233	64	444183673	444214793	"Gb_00154"
2	4269	446018703.5	64	446015350	446022057	"Gb_40860"
3	4269	95645634	64	95636010	95655258	"Gb_35196"
6	527	189911336.5	64	189910665	189912008	"Gb_13584"
11	527	319576879.5	64	319574543	319579216	"Gb_09524"
11	527	546501058.5	64	546498575	546503542	"Gb_26338"
9	5588	506985721.5	65	506983756	506987687	"Gb_00487"
12	5588	625396036	65	625372486	625419586	"Gb_29230"
2	5589	594163178	65	594095841	594230515	"Gb_37860"
8	789	518002234	65	517972525	518031943	"Gb_16450"
8	1532	347206298	65	347205648	347206948	"Gb_21220"
8	2210	342947483.5	65	342920570	342974397	"Gb_28994"
9	1447	333907911	66	333897350	333918472	"Gb_29159"
2	1447	339944279.5	66	339926611	339961948	"Gb_37034"
4	2766	174540872.5	67	174519081	174562664	"Gb_16386"
10	2766	204564984	67	204545272	204584696	"Gb_00708"
10	1072	211414773.5	67	211370417	211459130	"Gb_36316"
4	1072	202368845.5	67	202289059	202448632	"Gb_08354"
5	1404	663116695.5	67	663104864	663128527	"Gb_05634"
5	3368	363216160	67	362977180	363455140	"Gb_35553"
5	2480	374266551	67	374127934	374405168	"Gb_40287"
4	297	214844621	67	214842014	214847228	"Gb_38457"
1	957	772510741	68	772412095	772609387	"Gb_38660"
1	957	770872267.5	68	770697195	771047340	"Gb_39888"
1	3519	746934875.5	68	746932515	746937236	"Gb_02594"
5	1122	427122204	68	427121234	427123174	"Gb_36556"
5	3289	432712949	68	432707324	432718574	"Gb_24881"
1	71	149014741.5	69	149013488	149015995	"Gb_01745"
8	1791	479575894.5	70	479575136	479576653	"Gb_23856"
8	1610	650125331.5	70	650027912	650222751	"Gb_02879"
5	2914	538718843.5	70	538717781	538719906	"Gb_32072"
1	615	825655838.5	70	825654695	825656982	"Gb_24708"
2	6071	352848771.5	71	352848078	352849465	"Gb_00416"
2	5927	335927572.5	71	335926847	335928298	"Gb_32987"
11	6642	280893090	71	280605516	281180664	"Gb_31209"
12	3473	178495570.5	71	178436238	178554903	"Gb_31921"
5	534	506471841	72	506459112	506484570	"Gb_06607"
5	1004	508668058	72	508548422	508787694	"Gb_00308"
5	933	441136694.5	72	441075033	441198356	"Gb_29434"
5	2063	616517205.5	72	616515881	616518530	"Gb_10893"
5	930	621306444.5	72	621303419	621309470	"Gb_32409"
5	5483	621892028	72	621788688	621995368	"Gb_32407"
1	1018	826002902.5	72	826002333	826003472	"Gb_16313"
5	5366	537316021	72	537265524	537366518	"Gb_32422"
5	636	542199369.5	72	542196153	542202586	"Gb_32037"
5	636	615084865.5	72	615082714	615087017	"Gb_10890"
5	636	542305893	72	542304893	542306893	"Gb_32058"
1	636	725660782.5	72	725659521	725662044	"Gb_13338"
5	4022	46758660	73	46758164	46759156	"Gb_39727"
5	3470	48353762	73	48294598	48412926	"Gb_39721"
5	4028	39838760.5	73	39803274	39874247	"Gb_20640"
5	1171	54659601	73	54524015	54795187	"Gb_19844"
9	11	237195	74	224371	250019	"Gb_40879"
11	1139	56032434.5	74	56030084	56034785	"Gb_38099"
11	4519	55864844	74	55863462	55866226	"Gb_38092"
9	4577	696953386.5	74	696951765	696955008	"Gb_02895"
10	3177	415590742	75	415545744	415635740	"Gb_27959"
2	1378	136571148	76	136461294	136681002	"Gb_21986"
2	1378	143875410	76	143769392	143981428	"Gb_07456"
3	1379	518191276.5	76	518189714	518192839	"Gb_04017"
2	5884	124218812	76	124165463	124272161	"Gb_21166"
2	1389	102465947.5	76	102444010	102487885	"Gb_34800"
2	5636	98797544.5	76	98782891	98812198	"Gb_05917"
2	4603	661139626	76	661138453	661140799	"Gb_17403"
2	1208	509390741.5	77	509389743	509391740	"Gb_02773"
11	352	626333512	77	626332394	626334630	"Gb_09634"
11	1754	627174945	77	627172996	627176894	"Gb_09644"
4	1266	277023030.5	77	276980299	277065762	"Gb_22523"
2	1266	502699777	77	502622943	502776611	"Gb_16350"
4	6404	276738566.5	77	276737418	276739715	"Gb_22526"
6	5451	328283451	78	328282793	328284109	"Gb_13152"
6	1369	331076731.5	78	331072381	331081082	"Gb_02180"
4	1027	231867265.5	78	231864741	231869790	"Gb_39834"
4	2737	173402368	78	173250676	173554060	"Gb_29950"
4	1073	183096194.5	78	183095491	183096898	"Gb_23518"
4	1359	178237011	78	178236713	178237309	"Gb_08754"
4	1359	175355437	78	175226594	175484280	"Gb_16383"
4	2718	162724343	78	162723676	162725010	"Gb_20132"
4	277	229408430.5	78	229407066	229409795	"Gb_18943"
6	1368	332991909.5	78	332820437	333163382	"Gb_39400"
4	1127	503906443	79	503854424	503958462	"Gb_31787"
11	975	150704123.5	79	150702854	150705393	"Gb_24697"
5	1095	377058394.5	80	377037766	377079023	"Gb_11489"
5	1382	198022662.5	80	197953716	198091609	"Gb_35656"
5	3786	210172409	80	210042835	210301983	"Gb_31695"
10	2740	620496468	80	620493451	620499485	"Gb_17099"
4	2740	15149132	80	15147814	15150450	"Gb_38847"
2	2740	351751979	80	351749792	351754166	"Gb_07512"
5	2431	217248411.5	80	217112737	217384086	"Gb_10222"
6	2577	59127199	81	59125612	59128786	"Gb_35297"
6	1285	32555143.5	81	32501047	32609240	"Gb_00666"
4	1528	248694163.5	81	248693798	248694529	"Gb_08187"
4	4392	37378109.5	81	37377714	37378505	"Gb_38558"
7	3365	433768218	82	433716987	433819449	"Gb_23600"
2	1164	711461807	82	711458602	711465012	"Gb_08284"
8	4335	659833913	82	659829361	659838465	"Gb_32183"
2	2452	109421008.5	83	109419730	109422287	"Gb_14801"
8	1089	219261449	83	219259442	219263456	"Gb_39303"
2	1089	120857633.5	83	120856014	120859253	"Gb_11104"
4	6620	161168029	84	161167627	161168431	"Gb_11366"
4	5664	161145688	84	161145489	161145887	"Gb_11359"
10	5664	140896425	84	140896187	140896663	"Gb_18611"
2	3388	143229027	85	143117619	143340435	"Gb_15365"
11	1362	277016533.5	85	277016072	277016995	"Gb_27774"
2	5618	648754566	85	648753731	648755401	"Gb_22882"
2	4492	652036605.5	85	651849676	652223535	"Gb_39080"
2	3791	700596818.5	85	700596079	700597558	"Gb_03732"
2	3791	698279983	85	698257890	698302076	"Gb_18434"
1	2852	408330528.5	86	408251174	408409883	"Gb_20375"
1	3244	514026003.5	86	514021540	514030467	"Gb_24669"
1	725	350488130.5	86	350487298	350488963	"Gb_01398"
7	794	367131927.5	87	367057379	367206476	"Gb_16302"
7	2227	385282716	87	385280781	385284651	"Gb_39488"
11	4236	358180062.5	87	358178027	358182098	"Gb_11963"
7	4236	416732409	87	416731156	416733662	"Gb_35746"
7	1474	395218746	87	395127569	395309923	"Gb_03288"
4	3809	110974622	88	110973953	110975291	"Gb_40146"
4	1084	85824674	88	85805685	85843663	"Gb_38815"
4	1083	84295917.5	88	84167112	84424723	"Gb_01625"
4	1082	77617308	88	77616590	77618026	"Gb_21289"
5	1082	71014217	88	70987059	71041375	"Gb_07092"
5	5719	356424767	88	356349632	356499902	"Gb_27628"
4	892	116968902	88	116966098	116971706	"Gb_26958"
4	1741	80953525	88	80953030	80954020	"Gb_21286"
4	1647	364917989	88	364888761	364947217	"Gb_21904"
7	1647	218508168.5	88	218479798	218536539	"Gb_13217"
4	2678	751441817	89	751348592	751535042	"Gb_00550"
1	144	NA	89	1128004617	1128028519	"Gb_17071"
3	1783	500795015	90	500630258	500959772	"Gb_19277"
1	1881	220657077.5	90	220655932	220658223	"Gb_10452"
1	5193	237710584.5	90	237709628	237711541	"Gb_25472"
9	276	21010913.5	91	21010010	21011817	"Gb_30583"
7	2177	77270213.5	91	77268966	77271461	"Gb_23149"
5	2177	452734861	91	452733478	452736244	"Gb_15789"
11	2040	550946053.5	92	550838508	551053599	"Gb_10986"
2	543	235531747	92	235388398	235675096	"Gb_20817"
2	5539	236024951.5	92	236024445	236025458	"Gb_20818"
2	5539	141060937.5	92	141060510	141061365	"Gb_23309"
9	6964	43550813.5	92	43549269	43552358	"Gb_34627"
2	4932	46624067	92	46623738	46624396	"Gb_27800"
2	701	108035770.5	92	108033918	108037623	"Gb_14813"
2	1939	605441330	92	605397635	605485025	"Gb_18524"
2	1468	672477327	93	672407462	672547192	"Gb_18677"
2	1947	2948964	93	2873271	3024657	"Gb_29796"
8	3284	548495317.5	93	548495002	548495633	"Gb_26150"
8	3250	337371235.5	93	337188394	337554077	"Gb_37507"
8	3608	354451020	93	354322105	354579935	"Gb_07642"
8	2157	359826774	93	359821355	359832193	"Gb_18405"
6	2035	324985545	94	324984317	324986773	"Gb_39451"
6	2035	324931580	94	324929313	324933847	"Gb_39452"
12	1131	171387454.5	94	171134368	171640541	"Gb_13142"
12	5945	206283320	94	206259552	206307088	"Gb_30788"
12	5590	43807848.5	94	43798878	43816819	"Gb_35087"
5	1546	249783774.5	94	249664761	249902788	"Gb_40667"
5	3516	728495831.5	95	728494101	728497562	"Gb_22696"
1	687	195416874.5	96	195345815	195487934	"Gb_08784"
5	2707	116214344.5	96	116113931	116314758	"Gb_10723"
5	145	111090976.5	96	111089896	111092057	"Gb_04915"
2	4869	339198714	97	339196358	339201070	"Gb_04568"
2	4868	349448305	97	349368870	349527740	"Gb_13624"
2	4304	356977990	97	356768954	357187026	"Gb_17171"
2	5542	489052619	97	489044402	489060836	"Gb_02525"
6	2967	293286918	98	292975453	293598383	"Gb_29405"
6	3118	290818060.5	98	290816936	290819185	"Gb_12424"
9	2903	500156531	98	500061295	500251767	"Gb_06587"
3	455	559540011.5	98	559505714	559574309	"Gb_03319"
9	1821	503452841.5	98	503452474	503453209	"Gb_39963"
4	2414	24053719.5	99	24009834	24097605	"Gb_23571"
4	2413	25588259.5	99	25587791	25588728	"Gb_17317"
4	3384	36206491	99	36128868	36284114	"Gb_05546"
4	2732	248809393.5	99	248733765	248885022	"Gb_08188"
6	1045	26156178.5	99	26070143	26242214	"Gb_06822"
2	1407	698697617	100	698661981	698733253	"Gb_18435"
2	2753	715630721.5	100	715608732	715652711	"Gb_33346"
2	1374	96405031.5	100	96402042	96408021	"Gb_04397"
7	1374	524727717.5	100	524727472	524727963	"Gb_24628"
3	1673	513953624	100	513941991	513965257	"Gb_40444"
1	6263	854725481	102	854723955	854727007	"Gb_15002"
2	6263	375558752.5	102	375557391	375560114	"Gb_41333"
1	1350	846636766	102	846636234	846637298	"Gb_32002"
5	5716	541681503	102	541678588	541684418	"Gb_32064"
1	1841	1060986573.5	103	1060961124	1061012023	"Gb_23374"
5	851	11423877.5	103	11394989	11452766	"Gb_07669"
5	852	7878481	103	7823313	7933649	"Gb_14708"
5	853	172061911.5	103	171991338	172132485	"Gb_07028"
5	1926	175616599.5	103	175528898	175704301	"Gb_09981"
5	1695	176112938	103	176081179	176144697	"Gb_11203"
4	914	703085062.5	103	703083874	703086251	"Gb_36830"
4	10393	698805681	103	698804944	698806418	"Gb_39757"
5	464	624888013	104	624855647	624920379	"Gb_21227"
7	464	31938303.5	104	31935786	31940821	"Gb_30641"
3	1782	498827996	104	498827608	498828384	"Gb_19266"
3	1919	21060869.5	105	21060106	21061633	"Gb_38604"
4	1919	282144583	105	282144198	282144968	"Gb_21938"
5	170	378534295	105	378533215	378535375	"Gb_29824"
5	1917	383424645	105	383253205	383596085	"Gb_33676"
5	2255	378186178.5	105	377930627	378441730	"Gb_29835"
5	169	373526016	105	373523366	373528666	"Gb_40282"
9	2243	630977759.5	106	630973593	630981926	"Gb_01241"
9	3591	261955618	106	261940113	261971123	"Gb_13388"
9	9258	455567885	106	455527616	455608154	"Gb_35799"
3	90	288632195.5	107	288614452	288649939	"Gb_26843"
3	1338	206699772	107	206691960	206707584	"Gb_36938"
6	1277	32877803	108	32831681	32923925	"Gb_14520"
6	1276	45058367	108	45056622	45060112	"Gb_16825"
6	2998	408378311	109	408377276	408379346	"Gb_35331"
6	192	409954317	109	409950955	409957679	"Gb_30339"
6	849	604540570.5	109	604520584	604560557	"Gb_16099"
10	1723	220762535	109	220762141	220762929	"Gb_06443"
10	1887	665013630.5	109	665012309	665014952	"Gb_39743"
9	3110	448117215	110	448016937	448217493	"Gb_03347"
5	3680	363631868.5	110	363612601	363651136	"Gb_35557"
7	2339	262061530.5	111	262058938	262064123	"Gb_02476"
7	552	577508867	111	577374764	577642970	"Gb_34913"
2	1537	446625594.5	112	446623818	446627371	"Gb_09800"
2	1537	448707427	112	448677990	448736864	"Gb_09808"
11	3340	548809245.5	112	548808476	548810015	"Gb_19102"
2	5141	495244383.5	112	495242270	495246497	"Gb_38601"
12	719	542900280.5	112	542898188	542902373	"Gb_40051"
10	917	659433890.5	113	659432940	659434841	"Gb_14423"
10	900	644339176	113	644319422	644358930	"Gb_37967"
9	900	23934213.5	113	23917307	23951120	"Gb_04106"
10	901	648616998	113	648615237	648618759	"Gb_03470"
7	621	122042390	114	122041028	122043752	"Gb_26177"
10	28	51476127.5	114	51258185	51694070	"Gb_15844"
10	1020	58891939	114	58855577	58928301	"Gb_40272"
11	3654	635931656.5	115	635776028	636087285	"Gb_23138"
9	4345	697180157.5	117	697180011	697180304	"Gb_22852"
9	1339	107600331	117	107592549	107608113	"Gb_09687"
2	2584	182207102.5	117	182074162	182340043	"Gb_12284"
8	5792	6657842	118	6601579	6714105	"Gb_12275"
8	5521	9120842	118	9117138	9124546	"Gb_32213"
8	5656	101812440	118	101809012	101815868	"Gb_30785"
8	801	16285919.5	118	16283845	16287994	"Gb_16632"
7	6182	303765152.5	118	303566453	303963852	"Gb_39410"
9	1331	264669922.5	120	264669308	264670537	"Gb_13865"
10	2296	648013697.5	121	648005687	648021708	"Gb_03465"
8	991	678512206.5	122	678511277	678513136	"Gb_17416"
8	2024	685774308	122	685547768	686000848	"Gb_00397"
8	992	380536698	122	380536294	380537102	"Gb_37623"
8	1986	408617634.5	122	408615376	408619893	"Gb_06380"
8	233	401863331	122	401862703	401863959	"Gb_06553"
8	18	396297007.5	122	396295715	396298300	"Gb_03331"
1	418	657285956.5	123	657200833	657371080	"Gb_13237"
10	2785	93700550.5	123	93698122	93702979	"Gb_41470"
7	2530	267916683	124	267788265	268045101	"Gb_34536"
4	2274	304417196.5	124	304406957	304427436	"Gb_28735"
4	1648	94621805	124	94481690	94761920	"Gb_13304"
3	1856	474730756	125	474727793	474733719	"Gb_16184"
7	4129	528251442	125	528169470	528333414	"Gb_26979"
11	1869	167690187	125	167688768	167691606	"Gb_31981"
7	1869	193525674.5	125	193524288	193527061	"Gb_37149"
3	1869	514274238.5	125	514273216	514275261	"Gb_40445"
2	1397	98338873.5	126	98323038	98354709	"Gb_29957"
2	1365	766728629.5	126	766728085	766729174	"Gb_28232"
2	1365	766650731	126	766646826	766654636	"Gb_28231"
10	3935	478160195	127	477975588	478344802	"Gb_19582"
12	37	41769171.5	127	41744872	41793471	"Gb_09752"
12	3899	51013168	127	51011274	51015062	"Gb_34864"
7	817	80062809.5	128	80061523	80064096	"Gb_37555"
7	817	79594952.5	128	79594189	79595716	"Gb_03673"
7	3288	5870866	128	5870377	5871355	"Gb_11854"
2	154	471142222.5	128	471141971	471142474	"Gb_30618"
3	154	709272545	128	709272361	709272729	"Gb_10402"
3	815	683927252	128	683926131	683928373	"Gb_02122"
8	1012	651646970.5	129	651556442	651737499	"Gb_27991"
3	1636	256841692.5	130	256750347	256933038	"Gb_35918"
3	1008	285569007	130	285529061	285608953	"Gb_40711"
3	666	309870125	131	309869384	309870866	"Gb_34406"
4	6576	699855105	132	699854279	699855931	"Gb_01642"
4	219	199314802	133	199313177	199316427	"Gb_38352"
9	3329	635720207.5	134	635718028	635722387	"Gb_23420"
9	435	535398657	135	535397885	535399429	"Gb_02796"
5	894	219163256.5	136	219159020	219167493	"Gb_10224"
1	3400	467508976	137	467474534	467543418	"Gb_06092"
1	981	752116623.5	137	752056657	752176590	"Gb_38019"
1	567	756578794	137	756577992	756579596	"Gb_04185"
12	550	218520099	138	218379596	218660602	"Gb_30141"
12	1149	214724752	138	214629325	214820179	"Gb_33239"
12	2495	216424555	138	216381734	216467376	"Gb_33235"
5	5076	66583513.5	138	66580783	66586244	"Gb_27616"
8	1767	476125081.5	139	476123461	476126702	"Gb_38343"
8	836	35577244	140	35527037	35627451	"Gb_09954"
3	690	565364086	140	565334501	565393671	"Gb_06480"
10	2827	102458230.5	141	102457686	102458775	"Gb_30901"
1	1964	651166767	141	651164226	651169308	"Gb_14741"
1	1959	651678737	141	651633839	651723635	"Gb_14739"
1	1240	305233869	141	305109995	305357743	"Gb_26129"
1	2791	307835156	141	307808157	307862155	"Gb_37388"
3	675	351979105.5	142	351976622	351981589	"Gb_18862"
3	812	308876040	142	308840262	308911818	"Gb_34888"
3	79	310585986	142	310585066	310586906	"Gb_34416"
3	638	747334483.5	143	747328711	747340256	"Gb_01152"
3	638	747390891.5	143	747390634	747391149	"Gb_01150"
3	641	742515775	143	742313601	742717949	"Gb_03750"
3	2001	686497216.5	143	686386272	686608161	"Gb_23882"
3	551	744853049	143	744840992	744865106	"Gb_26640"
5	1696	173543604	144	173542678	173544530	"Gb_07025"
5	5335	170179538.5	144	170179398	170179679	"Gb_31613"
5	2298	12863181	144	12766117	12960245	"Gb_08572"
1	1890	NA	144	1079079294	1079081350	"Gb_40264"
1	1890	NA	144	1079079419	1079080865	"Gb_40258"
1	4824	NA	144	1085223596	1085382985	"Gb_04225"
1	5862	NA	144	1083245452	1083252595	"Gb_19169"
1	1889	NA	144	1083756834	1083760061	"Gb_19167"
1	1697	NA	144	1092236182	1092238286	"Gb_23230"
8	459	386332378.5	145	386136021	386528736	"Gb_21365"
8	460	394201836	145	394201098	394202574	"Gb_01723"
2	4840	683729208.5	146	683728522	683729895	"Gb_22585"
2	4242	685737463	146	685627417	685847509	"Gb_07655"
2	3959	684644128	146	684642977	684645279	"Gb_07654"
2	2756	693292024.5	146	693287203	693296846	"Gb_19837"
2	3434	713073033	146	713072433	713073633	"Gb_27127"
2	8604	768650267	146	768632973	768667561	"Gb_28216"
2	1364	101989160.5	146	101985502	101992819	"Gb_11589"
6	341	173498129.5	148	173368076	173628183	"Gb_03680"
1	341	652664447.5	148	652663411	652665484	"Gb_14719"
4	2642	715009165.5	148	714839701	715178630	"Gb_26366"
10	6405	62586463	149	62563648	62609278	"Gb_35844"
10	2576	65276563.5	149	65264605	65288522	"Gb_04127"
10	8619	66331576.5	149	66328599	66334554	"Gb_04135"
10	6705	63553200	149	63551134	63555266	"Gb_04121"
10	6705	72350977.5	149	72349153	72352802	"Gb_28018"
8	1931	534582563.5	150	534578582	534586545	"Gb_26114"
8	1931	533033978	150	532854773	533213183	"Gb_37120"
8	2111	530268417	150	530179719	530357115	"Gb_16157"
8	1930	585390978.5	150	585327569	585454388	"Gb_41150"
2	1515	661530897	150	661501621	661560173	"Gb_00971"
1	2423	1017253650.5	151	1017147273	1017360028	"Gb_09254"
5	3509	52050693	151	51840080	52261306	"Gb_03413"
1	1061	991416019	152	991415386	991416652	"Gb_00565"
2	1393	144640907.5	152	144636386	144645429	"Gb_07455"
5	1105	180870294.5	152	180869602	180870987	"Gb_34533"
5	1392	5150239.5	152	5148154	5152325	"Gb_10773"
5	5990	11889037	152	11888571	11889503	"Gb_08577"
12	5990	27388493.5	152	27387761	27389226	"Gb_29632"
5	1107	22537103.5	152	22468391	22605816	"Gb_19077"
1	2421	131250676	153	131108504	131392848	"Gb_09656"
5	6651	23710166.5	153	23705006	23715327	"Gb_19081"
7	3666	715670472	154	715541356	715799588	"Gb_12825"
7	5541	723981867	154	723981436	723982298	"Gb_03039"
7	5541	724135253.5	154	724100151	724170356	"Gb_03040"
3	3393	418970778.5	154	418968762	418972795	"Gb_31834"
7	4811	413505822.5	154	413505727	413505918	"Gb_41701"
7	4385	393735296.5	154	393542269	393928324	"Gb_10616"
10	2293	335619080	155	335618113	335620047	"Gb_33421"
10	1912	333827246.5	155	333709202	333945291	"Gb_35635"
10	1710	49221043.5	155	49143042	49299045	"Gb_37710"
10	754	393218814.5	155	393217394	393220235	"Gb_11996"
1	754	916671138.5	155	916669894	916672383	"Gb_34637"
7	3343	428390129.5	156	428340900	428439359	"Gb_30577"
7	6637	399663087.5	156	399661683	399664492	"Gb_35032"
4	624	525359655.5	157	525358339	525360972	"Gb_29211"
1	1173	851808936	157	851808202	851809670	"Gb_17189"
2	125	5847414.5	159	5773898	5920931	"Gb_34494"
2	5144	13388537.5	159	13388319	13388756	"Gb_26884"
2	1516	15471399.5	159	15310193	15632606	"Gb_21177"
2	1517	670548427	159	670408114	670688740	"Gb_11945"
12	5228	156166585.5	160	156164850	156168321	"Gb_08547"
12	5440	147781450.5	160	147772796	147790105	"Gb_01968"
11	5439	73473265.5	160	73446823	73499708	"Gb_33600"
7	5629	487972895.5	160	487928140	488017651	"Gb_15677"
11	5629	68440863	160	68439816	68441910	"Gb_27847"
6	2580	323764273.5	161	323691005	323837542	"Gb_02925"
2	5	568806277.5	162	568781970	568830585	"Gb_31246"
12	2371	569208332.5	162	569207780	569208885	"Gb_30731"
12	2371	569277223	162	569276715	569277731	"Gb_30730"
7	2538	568282710	162	568062059	568503361	"Gb_13298"
9	3997	702502804.5	163	702443785	702561824	"Gb_16961"
3	34	478293382	164	478292178	478294586	"Gb_35495"
4	34	504576391	164	504509223	504643559	"Gb_31962"
3	34	478249998	164	478248621	478251375	"Gb_35494"
6	499	531521028	164	531518768	531523288	"Gb_31076"
10	3079	276100355.5	164	276032590	276168121	"Gb_16393"
7	2000	339717858.5	165	339691692	339744025	"Gb_28147"
3	2510	316941495.5	165	316896753	316986238	"Gb_07780"
7	2327	338840987.5	166	338654378	339027597	"Gb_19065"
7	5467	350472133.5	166	350470362	350473905	"Gb_28170"
2	556	683455655.5	166	683450822	683460489	"Gb_20888"
2	2535	714153093.5	166	714151388	714154799	"Gb_30841"
4	915	435973213.5	169	435970690	435975737	"Gb_00678"
7	484	437930317	169	437860299	438000335	"Gb_04033"
7	1212	206562271.5	170	206561489	206563054	"Gb_30433"
7	1212	428887702.5	170	428885812	428889593	"Gb_08809"
7	4289	584651337.5	170	584619780	584682895	"Gb_22708"
7	1269	219974077	170	219973148	219975006	"Gb_36979"
8	2165	323644930.5	171	323562107	323727754	"Gb_34330"
8	3264	526411919.5	171	526364897	526458942	"Gb_18269"
6	2254	386936069	172	386921813	386950325	"Gb_21994"
6	2986	384823181.5	172	384823009	384823354	"Gb_41507"
6	4063	418091433	172	417930922	418251944	"Gb_32393"
6	2264	408630601.5	172	408628926	408632277	"Gb_35321"
6	2999	409857740.5	172	409839746	409875735	"Gb_00983"
6	3204	362848635	172	362847453	362849817	"Gb_34051"
8	2022	382480411.5	173	382416502	382544321	"Gb_05096"
8	232	385473384.5	173	385410875	385535894	"Gb_21359"
8	13	454265626	173	454228259	454302993	"Gb_30667"
8	1988	381618328.5	173	381618074	381618583	"Gb_37616"
8	2516	699597913	173	699597294	699598532	"Gb_14501"
1	759	481576391	174	481574997	481577785	"Gb_36301"
1	732	411777716.5	174	411745695	411809738	"Gb_17699"
3	958	497502474.5	175	497488912	497516037	"Gb_11480"
3	450	494231421.5	175	494229751	494233092	"Gb_26660"
3	2953	492048225	175	492008877	492087573	"Gb_40802"
7	376	51397491	175	51369969	51425013	"Gb_27448"
3	4830	688980983.5	176	688979331	688982636	"Gb_23877"
6	5485	52128791.5	177	52126774	52130809	"Gb_17555"
6	4394	48570684.5	177	48536203	48605166	"Gb_14322"
6	582	56193959	177	56192951	56194967	"Gb_32897"
2	2340	715152453	177	715150352	715154554	"Gb_30839"
1	1412	435088207	178	435084580	435091834	"Gb_04306"
1	1411	411074181.5	178	411071505	411076858	"Gb_36850"
10	410	77763421	178	77669841	77857001	"Gb_28463"
10	1264	64034723.5	178	64007606	64061841	"Gb_04126"
6	3885	310061466.5	179	310057305	310065628	"Gb_25602"
6	560	316213046	179	316066540	316359552	"Gb_41794"
12	3404	55480882	179	55479951	55481813	"Gb_11245"
11	1117	35752687	180	35721102	35784272	"Gb_15747"
2	1375	86215870	180	86214212	86217528	"Gb_18552"
1	320	136054016.5	181	136050599	136057434	"Gb_21879"
5	5645	25323179	181	25322341	25324017	"Gb_29459"
5	323	171413459.5	181	171409765	171417154	"Gb_31618"
5	1927	173698826.5	181	173696825	173700828	"Gb_07029"
5	1927	176727177	181	176713041	176741313	"Gb_10139"
5	332	177027581.5	181	176943084	177112079	"Gb_10140"
5	1391	18292584.5	182	18290731	18294438	"Gb_24383"
1	3637	846380282	182	846303560	846457004	"Gb_13536"
1	6388	854982377.5	182	854947304	855017451	"Gb_15001"
1	5465	729126532	182	729125655	729127409	"Gb_13354"
5	5465	543141198	182	543139449	543142947	"Gb_32056"
3	1154	487565597.5	184	487540400	487590795	"Gb_16103"
3	572	619114442.5	184	619112952	619115933	"Gb_02066"
5	959	344437478	185	344430312	344444644	"Gb_05868"
6	3443	323999308.5	185	323957178	324041439	"Gb_10933"
6	2648	327024812.5	185	326999001	327050624	"Gb_13264"
4	1455	62157789.5	185	62077397	62238182	"Gb_38344"
6	52	68273142.5	185	68272231	68274054	"Gb_30970"
3	1798	45101932.5	187	45098555	45105310	"Gb_25795"
3	1797	52136197.5	187	52135085	52137310	"Gb_08690"
3	3056	66416410.5	187	66272803	66560018	"Gb_04260"
6	381	64402336.5	188	64400559	64404114	"Gb_31755"
6	215	452409731.5	188	452408615	452410848	"Gb_30295"
6	1704	457518378.5	188	457301345	457735412	"Gb_29192"
4	253	231210056.5	190	231205965	231214148	"Gb_22699"
6	1381	331373941.5	190	331373160	331374723	"Gb_02182"
6	1097	328609888.5	190	328573963	328645814	"Gb_39590"
5	1627	220650234	192	220618161	220682307	"Gb_02116"
5	1000	533121721.5	193	532938097	533305346	"Gb_23906"
5	10136	531585097.5	193	531583018	531587177	"Gb_07480"
5	9461	538400274	193	538399550	538400998	"Gb_32074"
5	4330	548171623.5	193	548171392	548171855	"Gb_07999"
2	1408	689121273.5	193	689119198	689123349	"Gb_26434"
2	3967	699137076	193	699010822	699263330	"Gb_19824"
1	2119	415245218	194	415223765	415266671	"Gb_20792"
6	4832	26531527	197	26528503	26534551	"Gb_06821"
4	1477	248473485	197	248472682	248474288	"Gb_08186"
4	893	128379144	197	128378814	128379474	"Gb_00687"
4	893	126966388	197	126965118	126967658	"Gb_00702"
4	893	128418209.5	197	128417758	128418661	"Gb_00686"
10	1059	649970266	198	649969356	649971176	"Gb_40949"
4	5167	7806335	198	7805313	7807357	"Gb_29537"
10	5167	628578544	198	628574840	628582248	"Gb_23038"
10	1110	646306746	198	646229302	646384190	"Gb_37974"
10	1110	674375957.5	198	674333510	674418405	"Gb_31274"
4	4530	58329199	199	58328084	58330314	"Gb_16675"
8	142	376599207	200	376539564	376658850	"Gb_02292"
3	142	370598274.5	200	370596327	370600222	"Gb_08517"
3	2663	367919143	200	367918761	367919525	"Gb_34331"
3	2663	365641921	200	365502835	365781007	"Gb_11756"
3	2665	362704020.5	200	362670469	362737572	"Gb_29856"
10	6593	160778596	202	160667529	160889663	"Gb_22027"
10	2846	148616163	202	148524544	148707782	"Gb_23733"
4	5437	146152724	202	146150113	146155335	"Gb_05670"
4	5844	653441756.5	204	653273322	653610191	"Gb_20931"
1	6648	839832036	206	839831357	839832715	"Gb_24348"
1	2709	839286279	206	839285051	839287507	"Gb_24342"
1	2709	834564112.5	206	834561644	834566581	"Gb_17897"
1	2709	831112225	206	831024048	831200402	"Gb_40232"
1	5631	851031264	206	851005080	851057448	"Gb_17179"
9	2220	616294553.5	208	616265442	616323665	"Gb_00318"
8	255	171059356	210	171018070	171100642	"Gb_33908"
9	1743	668733695.5	211	668731591	668735800	"Gb_01245"
9	185	670338559	211	670334504	670342614	"Gb_07921"
4	185	431543365.5	211	431543252	431543479	"Gb_30691"
9	436	533477091	211	533474770	533479412	"Gb_39850"
11	1772	5729358	213	5605147	5853569	"Gb_30378"
6	897	358062764	214	358039869	358085659	"Gb_20472"
1	871	NA	215	1128314885	1128439708	"Gb_17059"
1	5474	243985487	215	243984794	243986180	"Gb_13434"
4	2761	303263280	217	303261187	303265373	"Gb_10055"
8	2390	567678829.5	218	567602989	567754670	"Gb_23951"
8	2390	590776854	218	590774300	590779408	"Gb_29566"
7	2425	319262049.5	219	319260381	319263718	"Gb_24008"
1	3911	787329779	220	787267476	787392082	"Gb_02313"
11	448	165437655.5	223	165434147	165441164	"Gb_36524"
3	448	489035337.5	223	489034363	489036312	"Gb_16516"
3	2944	496327001.5	223	496279921	496374082	"Gb_11848"
1	2199	792255315.5	227	792127584	792383047	"Gb_14931"
1	2199	789900664.5	227	789826697	789974632	"Gb_35388"
6	2199	132242625.5	227	132228529	132256722	"Gb_21713"
3	2090	362037063	229	362013178	362060948	"Gb_29854"
3	77	204816857.5	229	204815845	204817870	"Gb_31913"
9	4417	688581592	231	688429704	688733480	"Gb_18894"
1	3677	565415952.5	231	565414298	565417607	"Gb_38936"
5	3677	59525541.5	231	59520099	59530984	"Gb_14191"
9	3677	690819641.5	231	690817044	690822239	"Gb_38139"
9	3677	21407329.5	231	21313127	21501532	"Gb_30584"
8	837	32826666.5	235	32788272	32865061	"Gb_32128"
9	837	467800049	235	467796840	467803258	"Gb_08617"
2	737	659930722	237	659907263	659954181	"Gb_17044"
8	2115	634270412.5	237	634127590	634413235	"Gb_28479"
9	3067	181711460.5	239	181710571	181712350	"Gb_23711"
2	3067	726459112.5	239	726458543	726459682	"Gb_22367"
6	395	45383293.5	241	45380313	45386274	"Gb_16815"
4	2655	256842197.5	241	256787387	256897008	"Gb_06578"
2	5434	135123230.5	242	135006186	135240275	"Gb_41219"
2	1150	142573393	242	142562055	142584731	"Gb_15362"
9	3318	643408790.5	243	643407918	643409663	"Gb_39420"
9	4244	273598708	243	273560191	273637225	"Gb_22666"
3	3944	370264085	244	370262281	370265889	"Gb_08519"
8	2933	106263145.5	245	106241027	106285264	"Gb_09060"
8	2932	112357738	245	112356448	112359028	"Gb_32351"
8	3758	16650729.5	245	16650277	16651182	"Gb_16625"
8	2391	13870842.5	245	13778290	13963395	"Gb_06011"
4	673	243891120.5	246	243740991	244041250	"Gb_36286"
5	2270	645873074	247	645872887	645873261	"Gb_15345"
5	1897	360379315	247	360376265	360382365	"Gb_16343"
7	5753	401329251	248	401235222	401423280	"Gb_00946"
7	5830	374891306	248	374752657	375029955	"Gb_12362"
7	6270	402997810.5	248	402906863	403088758	"Gb_27063"
