12	2949	22056861.5	0	22056004	22057719	"PAC4GC:49839119"
12	2898	22081524.5	0	22080619	22082430	"PAC4GC:49838400"
5	2274	1680588	2	1677333	1683843	"PAC4GC:49848217"
8	2761	7742382	2	7741278	7743486	"PAC4GC:49851862"
4	2761	6821667.5	2	6819690	6823645	"PAC4GC:49819704"
7	3774	25564591.5	2	25563797	25565386	"PAC4GC:49831281"
7	3774	24969203	2	24968485	24969921	"PAC4GC:49833488"
1	2119	25887220	3	25883927	25890513	"PAC4GC:49817522"
7	2851	10169038.5	3	10166537	10171540	"PAC4GC:49829681"
1	2852	26098978	3	26098021	26099935	"PAC4GC:49814395"
7	3778	22833158	3	22828240	22838076	"PAC4GC:49829415"
8	1041	3205977	3	3199267	3212687	"PAC4GC:49852892"
7	1041	22740797.5	3	22735460	22746135	"PAC4GC:49830936"
5	497	2500458.5	5	2498550	2502367	"PAC4GC:49848697"
5	497	2411858.5	5	2409621	2414096	"PAC4GC:49847718"
11	1648	6821167.5	5	6816761	6825574	"PAC4GC:49809335"
11	1741	6912582	5	6911669	6913495	"PAC4GC:49806357"
7	10137	25169723	5	25168982	25170464	"PAC4GC:49830302"
7	1082	25177261	5	25177026	25177496	"PAC4GC:49832420"
7	1082	25154470.5	5	25152480	25156461	"PAC4GC:49832921"
5	1082	2346655	5	2343534	2349776	"PAC4GC:49849166"
5	303	2398737.5	5	2397951	2399524	"PAC4GC:49847605"
7	303	25242894.5	5	25242415	25243374	"PAC4GC:49830041"
8	303	6291085.5	5	6290642	6291529	"PAC4GC:49850967"
11	303	6891317.5	5	6890589	6892046	"PAC4GC:49807124"
8	1084	20560878	5	20556408	20565348	"PAC4GC:49852084"
8	1084	6418354.5	5	6417079	6419630	"PAC4GC:49852808"
7	1084	25253060	5	25250374	25255746	"PAC4GC:49830209"
2	2092	21711084	5	21705824	21716344	"PAC4GC:49841955"
7	2092	25269008	5	25259343	25278673	"PAC4GC:49832975"
8	1083	6260908	5	6255609	6266207	"PAC4GC:49852143"
7	1083	25224262.5	5	25220251	25228274	"PAC4GC:49831616"
7	2728	25182133	5	25181048	25183218	"PAC4GC:49831405"
8	2728	6088636	5	6088104	6089168	"PAC4GC:49852030"
4	1223	3176528	6	3174397	3178659	"PAC4GC:49821409"
8	1223	25952592	6	25950143	25955041	"PAC4GC:49854496"
4	1246	3161050	6	3157555	3164545	"PAC4GC:49820178"
4	1246	3152713	6	3149841	3155585	"PAC4GC:49822113"
8	150	15495422.5	7	15493228	15497617	"PAC4GC:49849617"
10	150	16833387	7	16830937	16835837	"PAC4GC:49827893"
6	975	10362797.5	7	10360649	10364946	"PAC4GC:49858142"
4	964	21783936.5	7	21781286	21786587	"PAC4GC:49823219"
12	2243	2184195.5	8	2181868	2186523	"PAC4GC:49838746"
10	2243	25427796.5	8	25425542	25430051	"PAC4GC:49825544"
8	2243	22635933	8	22633186	22638680	"PAC4GC:49851145"
12	3329	2442565.5	8	2440772	2444359	"PAC4GC:49839216"
2	3329	32438526.5	8	32432376	32444677	"PAC4GC:49844854"
1	1563	31644217	9	31643097	31645337	"PAC4GC:49817220"
1	1928	32889797.5	10	32889288	32890307	"PAC4GC:49814605"
10	1928	22460847.5	10	22460372	22461323	"PAC4GC:49825819"
1	3204	32862513	10	32860859	32864167	"PAC4GC:49815678"
1	2986	32758347	10	32758200	32758494	"PAC4GC:49818033"
1	2254	32697889	10	32694879	32700899	"PAC4GC:49814712"
1	1872	32730744.5	10	32714145	32747344	"PAC4GC:49818407"
9	1984	24048033	12	24044368	24051698	"PAC4GC:49813879"
7	902	2449379.5	15	2448315	2450444	"PAC4GC:49829280"
7	3574	29248558	15	29248323	29248793	"PAC4GC:49831922"
2	2111	33843350	18	33841281	33845419	"PAC4GC:49844307"
2	1931	33799380	18	33797089	33801671	"PAC4GC:49843516"
2	1931	33825114	18	33823356	33826872	"PAC4GC:49842139"
3	9461	33643303.5	20	33642575	33644032	"PAC4GC:49835478"
12	9461	11344092.5	20	11343364	11344821	"PAC4GC:49840930"
3	10136	33629647.5	20	33627821	33631474	"PAC4GC:49834782"
12	5366	11374593.5	20	11372762	11376425	"PAC4GC:49840959"
4	5716	24116217.5	20	24114754	24117681	"PAC4GC:49824092"
6	5716	24875463.5	20	24874760	24876167	"PAC4GC:49858354"
6	5716	24887138.5	20	24885001	24889276	"PAC4GC:49859037"
12	5716	9448595	20	9446473	9450717	"PAC4GC:49838241"
3	636	33663899	20	33663403	33664395	"PAC4GC:49836898"
12	636	9443736	20	9441881	9445591	"PAC4GC:49840776"
12	636	9440947.5	20	9440360	9441535	"PAC4GC:49840104"
12	636	11712732	20	11711664	11713800	"PAC4GC:49838121"
12	636	9429160	20	9428469	9429851	"PAC4GC:49838934"
12	4330	9404056	20	9400830	9407282	"PAC4GC:49838970"
3	997	32154130.5	20	32151867	32156394	"PAC4GC:49835425"
3	997	31292111	20	31287049	31297173	"PAC4GC:49834880"
1	2999	33143161	21	33140895	33145427	"PAC4GC:49818197"
10	2999	22328838.5	21	22327019	22330658	"PAC4GC:49825208"
1	3228	33105385.5	21	33103927	33106844	"PAC4GC:49814488"
10	2264	22353342	21	22350487	22356197	"PAC4GC:49827272"
10	2264	22274780.5	21	22273091	22276470	"PAC4GC:49825426"
1	2264	33128859	21	33126861	33130857	"PAC4GC:49814678"
6	3058	12922352.5	22	12920297	12924408	"PAC4GC:49857850"
6	266	12902470	22	12901788	12903152	"PAC4GC:49859582"
3	266	21769508	22	21768826	21770190	"PAC4GC:49835512"
4	641	729487	23	727738	731236	"PAC4GC:49824379"
8	641	28152495	23	28150556	28154434	"PAC4GC:49852381"
4	5112	31811849	24	31811572	31812126	"PAC4GC:49824055"
4	1673	31804453.5	24	31803304	31805603	"PAC4GC:49822082"
11	1673	16865018	24	16860945	16869091	"PAC4GC:49806703"
11	1869	16875480.5	24	16874123	16876838	"PAC4GC:49805662"
4	1869	31796146.5	24	31794934	31797359	"PAC4GC:49822566"
4	613	17496832.5	26	17496602	17497063	"PAC4GC:49824515"
6	4279	5851320.5	26	5845882	5856759	"PAC4GC:49857603"
4	3644	19852664	26	19848843	19856485	"PAC4GC:49823267"
6	3644	4183394.5	26	4179040	4187749	"PAC4GC:49858194"
4	3644	20992026	26	20989808	20994244	"PAC4GC:49821211"
3	2392	5034558.5	26	5031899	5037218	"PAC4GC:49835547"
1	2392	9489544	26	9485947	9493141	"PAC4GC:49817947"
3	3758	5043524.5	26	5042351	5044698	"PAC4GC:49835551"
1	2391	7669219.5	26	7666604	7671835	"PAC4GC:49819125"
6	2323	16296788.5	27	16295417	16298160	"PAC4GC:49857869"
3	2323	24758641.5	27	24756575	24760708	"PAC4GC:49836028"
6	2960	16017382.5	27	16016363	16018402	"PAC4GC:49856429"
2	2960	21671001	27	21670669	21671333	"PAC4GC:49845021"
7	2960	28338862.5	27	28338631	28339094	"PAC4GC:49832302"
6	2390	16102713.5	27	16099625	16105802	"PAC4GC:49856160"
3	2390	24548489.5	27	24544767	24552212	"PAC4GC:49835715"
3	1567	24532205.5	27	24529622	24534789	"PAC4GC:49837873"
8	725	3063265	28	3061958	3064572	"PAC4GC:49851021"
1	725	23742880.5	28	23740845	23744916	"PAC4GC:49814903"
8	1053	3048436	28	3043788	3053084	"PAC4GC:49853795"
11	1053	18491718.5	28	18491332	18492105	"PAC4GC:49805807"
7	1036	22496528.5	28	22490922	22502135	"PAC4GC:49831626"
8	1036	2856713.5	28	2854922	2858505	"PAC4GC:49853289"
8	1036	3079112.5	28	3072429	3085796	"PAC4GC:49850390"
1	752	17664029.5	29	17663292	17664767	"PAC4GC:49817063"
1	490	33726878.5	32	33725850	33727907	"PAC4GC:49814675"
10	2249	22754897	32	22743584	22766210	"PAC4GC:49828317"
5	2588	29268531	33	29266735	29270327	"PAC4GC:49846704"
6	2588	29469496	33	29467980	29471012	"PAC4GC:49858001"
5	2589	29253050	33	29249727	29256373	"PAC4GC:49846682"
5	2589	29261124.5	33	29260253	29261996	"PAC4GC:49847583"
6	2146	1553183	34	1551264	1555102	"PAC4GC:49855100"
1	2146	2310626	34	2308253	2312999	"PAC4GC:49815788"
1	2147	2300496	34	2300161	2300831	"PAC4GC:49816505"
6	3454	1506827.5	34	1506396	1507259	"PAC4GC:49854668"
1	3454	2257149	34	2256683	2257615	"PAC4GC:49815418"
1	3454	2253559	34	2253209	2253909	"PAC4GC:49815552"
6	3454	1503224.5	34	1501798	1504651	"PAC4GC:49858444"
4	3295	24425053.5	35	24424784	24425323	"PAC4GC:49820775"
4	6648	25089800.5	35	25089144	25090457	"PAC4GC:49824166"
6	1301	25244089	35	25241176	25247002	"PAC4GC:49855909"
6	1301	5573049.5	35	5570562	5575537	"PAC4GC:49854929"
6	1301	5820103.5	35	5816800	5823407	"PAC4GC:49855315"
4	1301	17996297	35	17992282	18000312	"PAC4GC:49824101"
4	4183	25059124	35	25055635	25062613	"PAC4GC:49822034"
4	4243	25035985	35	25032557	25039413	"PAC4GC:49823917"
4	2709	25152301.5	35	25148770	25155833	"PAC4GC:49824613"
4	2709	25073172	35	25070374	25075970	"PAC4GC:49821469"
6	2709	25082447	35	25077369	25087525	"PAC4GC:49857957"
4	3637	24443628	35	24442325	24444931	"PAC4GC:49824522"
12	3637	474476.5	35	472294	476659	"PAC4GC:49840995"
6	3637	25069567.5	35	25063619	25075516	"PAC4GC:49856921"
4	1350	24461152.5	35	24460643	24461662	"PAC4GC:49820865"
6	5631	25048697	35	25047420	25049974	"PAC4GC:49856279"
7	1066	29800785	38	29799505	29802065	"PAC4GC:49831546"
3	1066	26870432.5	38	26869471	26871394	"PAC4GC:49837207"
3	2305	26918452	38	26915930	26920974	"PAC4GC:49835194"
6	2305	22972282.5	38	22966621	22977944	"PAC4GC:49859494"
9	2838	28096232.5	40	28094380	28098085	"PAC4GC:49812597"
9	1490	28100235.5	40	28099350	28101121	"PAC4GC:49809934"
9	1506	28108866.5	40	28106941	28110792	"PAC4GC:49810524"
2	4976	192125.5	40	189490	194761	"PAC4GC:49841703"
9	4976	28122089	40	28121320	28122858	"PAC4GC:49813319"
2	3974	181735	40	181253	182217	"PAC4GC:49841593"
3	8950	20744007.5	40	20742399	20745616	"PAC4GC:49835555"
6	9172	12177348.5	40	12175589	12179108	"PAC4GC:49855014"
10	5474	3562784.5	41	3562668	3562901	"PAC4GC:49824742"
1	1169	28959374.5	43	28954831	28963918	"PAC4GC:49815579"
10	1169	19137466.5	43	19136030	19138903	"PAC4GC:49827550"
10	1169	19096673	43	19091472	19101874	"PAC4GC:49827331"
6	3473	19302572.5	43	19301496	19303649	"PAC4GC:49858149"
3	3473	27628527.5	43	27626781	27630274	"PAC4GC:49835783"
10	1131	19353364.5	43	19351366	19355363	"PAC4GC:49827047"
1	1131	29357761.5	43	29350438	29365085	"PAC4GC:49816849"
8	1078	1242516.5	44	1237667	1247366	"PAC4GC:49850682"
7	1362	20001375.5	44	19998826	20003925	"PAC4GC:49830534"
12	6642	15077412.5	44	15056471	15098354	"PAC4GC:49838345"
2	2340	1877557	45	1876858	1878256	"PAC4GC:49844516"
9	2340	26330952	45	26330312	26331592	"PAC4GC:49813512"
9	1980	26343131	45	26342388	26343874	"PAC4GC:49813343"
2	1980	1883459.5	45	1882137	1884782	"PAC4GC:49844935"
2	2535	1899414.5	45	1898699	1900130	"PAC4GC:49843763"
2	1164	1944060.5	45	1941681	1946440	"PAC4GC:49843083"
8	3786	6011674.5	47	6008908	6014441	"PAC4GC:49850942"
7	2473	24911391.5	47	24910569	24912214	"PAC4GC:49830213"
8	1382	6022292	47	6019478	6025106	"PAC4GC:49852912"
12	1105	566622.5	47	564340	568905	"PAC4GC:49839137"
12	332	573368	47	570282	576454	"PAC4GC:49841351"
10	1926	530427.5	47	529052	531803	"PAC4GC:49824815"
8	4875	14776431	49	14775890	14776972	"PAC4GC:49854582"
8	1334	14802113	49	14801252	14802974	"PAC4GC:49850659"
10	1334	17171095.5	49	17170146	17172045	"PAC4GC:49828003"
8	154	14767996.5	49	14767757	14768236	"PAC4GC:49852049"
8	154	14180144.5	49	14177020	14183269	"PAC4GC:49850772"
8	154	14443895	49	14443723	14444067	"PAC4GC:49850923"
1	5589	2040482.5	50	2039345	2041620	"PAC4GC:49818955"
4	6405	31974273	54	31971653	31976893	"PAC4GC:49820564"
11	6405	17102272.5	54	17098994	17105551	"PAC4GC:49809535"
11	6405	17124133	54	17121979	17126287	"PAC4GC:49808518"
11	2576	17162917.5	54	17160684	17165151	"PAC4GC:49808759"
11	8619	17169306.5	54	17166581	17172032	"PAC4GC:49809827"
6	1237	26391425	54	26389925	26392925	"PAC4GC:49856313"
12	1237	24699924	54	24698356	24701492	"PAC4GC:49839513"
11	1237	17149813.5	54	17148068	17151559	"PAC4GC:49808788"
6	1483	3648344	55	3644122	3652566	"PAC4GC:49856824"
6	1483	3643133.5	55	3642411	3643856	"PAC4GC:49860467"
11	1483	9623546.5	55	9619236	9627857	"PAC4GC:49809687"
6	1826	18711169.5	55	18701819	18720520	"PAC4GC:49858919"
11	771	9792963	55	9788913	9797013	"PAC4GC:49808390"
6	719	3593534	55	3591577	3595491	"PAC4GC:49859672"
3	464	33409016.5	56	33406148	33411885	"PAC4GC:49833876"
1	464	26349804.5	56	26348232	26351377	"PAC4GC:49817274"
12	464	11740712	56	11740270	11741154	"PAC4GC:49840875"
4	960	28342742.5	56	28340051	28345434	"PAC4GC:49822833"
11	960	12729034.5	56	12725013	12733056	"PAC4GC:49805686"
11	467	12714266	56	12710777	12717755	"PAC4GC:49805741"
7	505	15701332	56	15700735	15701929	"PAC4GC:49829727"
9	505	3220108	56	3219612	3220604	"PAC4GC:49811625"
10	1733	1987379.5	58	1984338	1990421	"PAC4GC:49828417"
10	858	1980678.5	58	1979397	1981960	"PAC4GC:49825031"
7	858	1334182.5	58	1332697	1335668	"PAC4GC:49829082"
10	2232	1713826	58	1711180	1716472	"PAC4GC:49826234"
10	2232	1720955	58	1718368	1723542	"PAC4GC:49825216"
4	3453	25855350	59	25843319	25867381	"PAC4GC:49820767"
12	5230	24363609.5	59	24363433	24363786	"PAC4GC:49841420"
11	5230	13205681	59	13205488	13205874	"PAC4GC:49806287"
12	1280	24260517.5	59	24258438	24262597	"PAC4GC:49840050"
11	1280	13252669.5	59	13249886	13255453	"PAC4GC:49807319"
12	320	265122	61	264782	265462	"PAC4GC:49839486"
7	320	30566745.5	61	30563927	30569564	"PAC4GC:49829272"
7	320	30573836.5	61	30573362	30574311	"PAC4GC:49828550"
7	2421	30619101.5	61	30614042	30624161	"PAC4GC:49830711"
12	2421	305296.5	61	298995	311598	"PAC4GC:49841246"
9	194	19375340	63	19372400	19378280	"PAC4GC:49810904"
9	194	851507	63	849026	853988	"PAC4GC:49813646"
9	1887	19326808	63	19325997	19327619	"PAC4GC:49812482"
2	870	32144265	63	32141454	32147076	"PAC4GC:49843759"
9	870	19294664	63	19293019	19296309	"PAC4GC:49813017"
9	870	823552	63	822290	824814	"PAC4GC:49810698"
9	1749	19261095.5	63	19258732	19263459	"PAC4GC:49813558"
9	1749	796178	63	786995	805361	"PAC4GC:49811449"
9	1749	19281344.5	63	19279766	19282923	"PAC4GC:49812517"
1	1363	30976677.5	63	30973647	30979708	"PAC4GC:49816928"
1	228	5733245.5	65	5730198	5736293	"PAC4GC:49815405"
3	228	2080700.5	65	2078504	2082897	"PAC4GC:49835739"
11	7172	13944194.5	65	13941671	13946718	"PAC4GC:49807115"
12	1739	23577259.5	65	23576342	23578177	"PAC4GC:49839203"
12	1709	23597849	65	23594797	23600901	"PAC4GC:49839273"
1	2527	8693573	66	8690591	8696555	"PAC4GC:49814719"
3	2527	6686534	66	6683476	6689592	"PAC4GC:49834132"
1	612	8757014	66	8753004	8761024	"PAC4GC:49819061"
4	801	20654336.5	66	20651568	20657105	"PAC4GC:49819698"
6	801	4296849	66	4294758	4298940	"PAC4GC:49858736"
5	892	2764245	70	2762960	2765530	"PAC4GC:49848473"
10	3408	17340030.5	73	17336004	17344057	"PAC4GC:49828102"
8	2452	598250	74	597209	599291	"PAC4GC:49852678"
7	1389	19092494.5	74	19090335	19094654	"PAC4GC:49830192"
7	1364	19083318	74	19082082	19084554	"PAC4GC:49828502"
8	5636	565630	74	564266	566994	"PAC4GC:49853299"
8	1397	557426.5	74	554134	560719	"PAC4GC:49849951"
7	1397	19034723	74	19032195	19037251	"PAC4GC:49829572"
6	1310	3924939	76	3923438	3926440	"PAC4GC:49858451"
4	2695	21210805	76	21207561	21214049	"PAC4GC:49822347"
4	5124	21200105.5	76	21198611	21201600	"PAC4GC:49820877"
6	5124	3974360	76	3972817	3975903	"PAC4GC:49856132"
4	5522	21382762.5	76	21381387	21384138	"PAC4GC:49822931"
6	4293	3758465.5	76	3757753	3759178	"PAC4GC:49855393"
4	1312	21341584.5	76	21338869	21344300	"PAC4GC:49819914"
6	1312	3826897	76	3826647	3827147	"PAC4GC:49859641"
2	2115	33540564.5	79	33539157	33541972	"PAC4GC:49843530"
2	234	2087760.5	79	2084593	2090928	"PAC4GC:49842124"
2	234	1800288	79	1799592	1800984	"PAC4GC:49841621"
9	234	26215439.5	79	26211836	26219043	"PAC4GC:49810636"
9	4335	26017929.5	79	26016037	26019822	"PAC4GC:49810580"
6	460	23204042	80	23202206	23205878	"PAC4GC:49857997"
6	460	23172175.5	80	23171513	23172838	"PAC4GC:49859479"
3	459	27031317	80	27024966	27037668	"PAC4GC:49835714"
11	1419	13305167.5	81	13300021	13310314	"PAC4GC:49807488"
12	1419	24562314	81	24561866	24562762	"PAC4GC:49838324"
11	1419	12964004	81	12963086	12964922	"PAC4GC:49807457"
12	2846	24370053.5	81	24367788	24372319	"PAC4GC:49839593"
11	1282	13389317	81	13386937	13391697	"PAC4GC:49809807"
3	2316	25324895.5	84	25316157	25333634	"PAC4GC:49836260"
7	2316	190157	84	183350	196964	"PAC4GC:49829542"
10	2316	125598.5	84	124670	126527	"PAC4GC:49828247"
1	1183	7028489.5	84	7027376	7029603	"PAC4GC:49818251"
6	1183	17011834.5	84	17011676	17011993	"PAC4GC:49858710"
10	1842	257632	87	254512	260752	"PAC4GC:49828347"
7	1842	357895.5	87	355941	359850	"PAC4GC:49831578"
10	1661	272636	87	266861	278411	"PAC4GC:49826385"
10	2298	288420.5	87	287170	289671	"PAC4GC:49827567"
10	2298	285842.5	87	284959	286726	"PAC4GC:49827287"
7	851	411106	87	409848	412364	"PAC4GC:49832828"
5	1919	243615	88	243287	243943	"PAC4GC:49847424"
9	413	28105135.5	88	28104683	28105588	"PAC4GC:49811478"
9	3914	15560552	89	15554729	15566375	"PAC4GC:49810056"
11	2606	22297588.5	93	22295866	22299311	"PAC4GC:49806849"
5	893	2787961.5	97	2784570	2791353	"PAC4GC:49847563"
11	893	7249997	97	7249087	7250907	"PAC4GC:49806483"
6	2642	29550012.5	99	29546994	29553031	"PAC4GC:49859354"
5	3976	29472612.5	99	29470583	29474642	"PAC4GC:49848022"
5	1463	13534276	101	13531397	13537155	"PAC4GC:49849267"
5	183	7246153.5	102	7244528	7247779	"PAC4GC:49846580"
1	183	37383158.5	102	37381927	37384390	"PAC4GC:49817119"
10	183	25312212.5	102	25310270	25314155	"PAC4GC:49824848"
6	3056	12570998.5	103	12568934	12573063	"PAC4GC:49855947"
3	2313	21287346	103	21284068	21290624	"PAC4GC:49837427"
6	2313	12563962.5	103	12560981	12566944	"PAC4GC:49858403"
6	1795	12554861	103	12553999	12555723	"PAC4GC:49858635"
3	1795	21279999.5	103	21278938	21281061	"PAC4GC:49836257"
9	155	17444050.5	103	17442549	17445552	"PAC4GC:49811670"
3	155	21276827.5	103	21275509	21278146	"PAC4GC:49834914"
9	2812	27748790.5	103	27746857	27750724	"PAC4GC:49812901"
11	1515	23765727.5	111	23758073	23773382	"PAC4GC:49808224"
10	1515	975359.5	111	974671	976048	"PAC4GC:49828296"
11	1517	23964105	111	23960270	23967940	"PAC4GC:49806926"
7	4242	17933852	111	17930898	17936806	"PAC4GC:49830214"
11	503	13509498.5	112	13508923	13510074	"PAC4GC:49808466"
12	503	23942512.5	112	23940899	23944126	"PAC4GC:49840105"
11	176	13525264.5	112	13520674	13529855	"PAC4GC:49808152"
12	176	23916969.5	112	23914735	23919204	"PAC4GC:49838051"
11	176	13552958.5	112	13550662	13555255	"PAC4GC:49805955"
12	504	23903160.5	112	23901455	23904866	"PAC4GC:49838921"
11	504	13581100.5	112	13579269	13582932	"PAC4GC:49808197"
2	594	31303632.5	113	31301406	31305859	"PAC4GC:49845351"
10	1743	25257913.5	117	25256411	25259416	"PAC4GC:49826708"
10	185	25201854.5	117	25199817	25203892	"PAC4GC:49825437"
1	185	37238662.5	117	37236703	37240622	"PAC4GC:49817602"
10	211	25217243	117	25216090	25218396	"PAC4GC:49825715"
1	211	37217302.5	117	37212933	37221672	"PAC4GC:49816290"
1	211	37262133.5	117	37260762	37263505	"PAC4GC:49815290"
10	847	25323571.5	117	25318899	25328244	"PAC4GC:49825624"
9	847	25513461.5	117	25513246	25513677	"PAC4GC:49812932"
9	847	25517102.5	117	25516881	25517324	"PAC4GC:49812764"
7	3959	17937969	118	17937299	17938639	"PAC4GC:49832711"
10	1346	16667617.5	122	16663204	16672031	"PAC4GC:49826665"
10	5452	16974705	122	16973242	16976168	"PAC4GC:49825958"
8	3370	2991750	129	2987370	2996130	"PAC4GC:49851087"
7	1035	22398457	129	22396315	22400599	"PAC4GC:49829701"
12	535	11970748	130	11969059	11972437	"PAC4GC:49840653"
10	3639	17372528.5	131	17370827	17374230	"PAC4GC:49825427"
8	3288	13630864.5	131	13629124	13632605	"PAC4GC:49852526"
11	254	14751315.5	131	14750044	14752587	"PAC4GC:49809792"
4	254	29016393.5	131	29015021	29017766	"PAC4GC:49823684"
5	3784	24898617.5	133	24898024	24899211	"PAC4GC:49845833"
11	3784	5469800	133	5469490	5470110	"PAC4GC:49808546"
5	3784	4388130.5	133	4387495	4388766	"PAC4GC:49846118"
11	3784	5467724.5	133	5467377	5468072	"PAC4GC:49809718"
5	2655	4404735	133	4398995	4410475	"PAC4GC:49848806"
8	2732	24065799.5	133	24062950	24068649	"PAC4GC:49850414"
4	2732	10656049.5	133	10653515	10658584	"PAC4GC:49820852"
1	743	3994351	136	3991411	3997291	"PAC4GC:49819230"
5	743	28324646	136	28322735	28326557	"PAC4GC:49847325"
2	716	32952689.5	136	32952510	32952869	"PAC4GC:49841578"
1	716	3971260	136	3969817	3972703	"PAC4GC:49818649"
5	716	28307754.5	136	28305481	28310028	"PAC4GC:49847383"
1	1537	4009056.5	136	4008118	4009995	"PAC4GC:49816521"
6	1537	2601231.5	136	2599786	2602677	"PAC4GC:49856272"
1	1537	4001046.5	136	3999687	4002406	"PAC4GC:49814429"
6	1537	2594141	136	2593540	2594742	"PAC4GC:49856476"
6	1537	2551183	136	2549376	2552990	"PAC4GC:49855384"
1	4269	3935824.5	136	3935621	3936028	"PAC4GC:49816415"
1	1538	3978483	136	3978332	3978634	"PAC4GC:49819314"
1	2870	3982585.5	136	3980574	3984597	"PAC4GC:49816007"
1	2870	3804804	136	3803402	3806206	"PAC4GC:49818075"
8	3943	16396634	139	16391225	16402043	"PAC4GC:49849999"
10	675	15733389.5	139	15730078	15736701	"PAC4GC:49825563"
8	675	16383274	139	16380380	16386168	"PAC4GC:49850899"
10	667	15808599.5	139	15807482	15809717	"PAC4GC:49826445"
8	667	16182852.5	139	16181540	16184165	"PAC4GC:49851664"
8	667	16176615	139	16173283	16179947	"PAC4GC:49850625"
8	812	16096422.5	139	16094725	16098120	"PAC4GC:49852345"
8	665	15940259	139	15939006	15941512	"PAC4GC:49852509"
8	665	15943541.5	139	15943022	15944061	"PAC4GC:49851262"
10	665	16031562.5	139	16030279	16032846	"PAC4GC:49826718"
10	665	16049551.5	139	16048430	16050673	"PAC4GC:49826081"
11	4236	3834691	142	3832941	3836441	"PAC4GC:49806318"
11	4811	4940440.5	142	4935057	4945824	"PAC4GC:49808550"
5	6270	19531943	142	19527641	19536245	"PAC4GC:49846786"
11	1474	5476535.5	142	5474663	5478408	"PAC4GC:49809190"
5	1474	11775621.5	142	11773070	11778173	"PAC4GC:49845985"
11	5753	5133591.5	142	5131190	5135993	"PAC4GC:49805630"
7	905	1098687	145	1095163	1102211	"PAC4GC:49829431"
10	2439	20900286.5	146	20896630	20903943	"PAC4GC:49824728"
4	5521	21397120.5	149	21395158	21399083	"PAC4GC:49821561"
6	5521	3714334.5	149	3713462	3715207	"PAC4GC:49860468"
4	6013	21403714	149	21400225	21407203	"PAC4GC:49820573"
4	5792	21411543.5	149	21409106	21413981	"PAC4GC:49821500"
6	5792	3692226.5	149	3689168	3695285	"PAC4GC:49859223"
2	232	3064659.5	151	3059416	3069903	"PAC4GC:49844897"
1	2022	37001348.5	151	37000591	37002106	"PAC4GC:49815135"
9	2022	24848623	151	24847398	24849848	"PAC4GC:49813865"
2	2022	3224383	151	3220602	3228164	"PAC4GC:49844342"
9	1988	24842763.5	151	24841337	24844190	"PAC4GC:49811311"
9	992	24834786.5	151	24831765	24837808	"PAC4GC:49810464"
10	853	454414.5	153	452976	455853	"PAC4GC:49825106"
7	1695	595743	153	593573	597913	"PAC4GC:49829012"
10	1695	524792	153	522898	526686	"PAC4GC:49825283"
7	1927	604149.5	153	602110	606189	"PAC4GC:49829506"
12	1927	589739	153	586562	592916	"PAC4GC:49840894"
12	1927	581264.5	153	578928	583601	"PAC4GC:49840113"
10	4577	11329179.5	155	11329051	11329308	"PAC4GC:49826939"
8	4577	18911526	155	18910159	18912893	"PAC4GC:49852599"
7	852	415929	160	413671	418187	"PAC4GC:49831913"
10	852	403412	160	400485	406339	"PAC4GC:49825791"
4	548	27551704	162	27546890	27556518	"PAC4GC:49822076"
6	548	8243741.5	162	8239649	8247834	"PAC4GC:49858576"
6	548	8249495	162	8249137	8249853	"PAC4GC:49856016"
10	859	1697880.5	163	1695597	1700164	"PAC4GC:49826496"
10	875	1701580.5	163	1700859	1702302	"PAC4GC:49827061"
7	1659	1148456.5	163	1148217	1148696	"PAC4GC:49831996"
10	1659	1684741	163	1684626	1684856	"PAC4GC:49824828"
7	160	1087127	163	1083178	1091076	"PAC4GC:49830999"
10	160	1630261.5	163	1626405	1634118	"PAC4GC:49827506"
12	160	13677551	163	13675664	13679438	"PAC4GC:49841076"
2	5629	25547895	166	25541060	25554730	"PAC4GC:49843920"
4	2648	5723826	167	5722206	5725446	"PAC4GC:49820508"
4	2648	5678459	167	5677837	5679081	"PAC4GC:49820428"
6	2035	18966603.5	167	18965310	18967897	"PAC4GC:49854752"
6	2035	24417070.5	167	24414915	24419226	"PAC4GC:49856202"
1	2035	29544011.5	167	29541170	29546853	"PAC4GC:49815377"
10	2035	19409326.5	167	19406946	19411707	"PAC4GC:49824740"
4	2035	5690017.5	167	5688657	5691378	"PAC4GC:49822541"
4	3443	5637353	167	5635785	5638921	"PAC4GC:49820006"
10	3179	6970145	169	6954679	6985611	"PAC4GC:49827229"
4	5656	21243178.5	171	21241100	21245257	"PAC4GC:49821149"
6	5656	3920530	171	3918923	3922137	"PAC4GC:49858809"
4	5657	21157815	171	21155248	21160382	"PAC4GC:49824287"
4	1308	21226985.5	171	21224607	21229364	"PAC4GC:49824312"
4	1308	21102571	171	21098879	21106263	"PAC4GC:49821505"
3	1308	9933929.5	171	9926836	9941023	"PAC4GC:49833746"
6	1308	3955366	171	3952790	3957942	"PAC4GC:49856790"
6	6258	3934213	171	3933855	3934571	"PAC4GC:49860277"
3	5927	9957711.5	174	9957028	9958395	"PAC4GC:49837827"
1	4869	12272925.5	174	12268866	12276985	"PAC4GC:49814422"
3	4869	10280115	174	10266169	10294061	"PAC4GC:49837296"
3	4868	10815880.5	174	10804224	10827537	"PAC4GC:49836886"
6	6170	24195395	175	24192781	24198009	"PAC4GC:49857800"
4	6170	23358665.5	175	23356861	23360470	"PAC4GC:49824526"
3	1951	29277281	176	29276231	29278331	"PAC4GC:49837568"
1	1951	1358958	176	1358336	1359580	"PAC4GC:49818991"
1	506	32048423.5	176	32044208	32052639	"PAC4GC:49817633"
10	506	21891914	176	21889230	21894598	"PAC4GC:49826298"
3	506	29260629	176	29257583	29263675	"PAC4GC:49837621"
3	3714	29123112.5	176	29121563	29124662	"PAC4GC:49835595"
6	3067	23047397.5	176	23046804	23047991	"PAC4GC:49856671"
11	1958	18096921.5	178	18096591	18097252	"PAC4GC:49808536"
11	4206	18119266	178	18115714	18122818	"PAC4GC:49806162"
9	1658	18659955	179	18658103	18661807	"PAC4GC:49812675"
10	1658	21388071	179	21385036	21391106	"PAC4GC:49825537"
10	1658	21400423	179	21394850	21405996	"PAC4GC:49824895"
9	2296	349292	179	348057	350527	"PAC4GC:49810909"
9	901	18279220.5	179	18277010	18281431	"PAC4GC:49811085"
2	6964	30813077.5	181	30810997	30815158	"PAC4GC:49843044"
3	3108	26562487	183	26559968	26565006	"PAC4GC:49836855"
6	2912	17506936	183	17500385	17513487	"PAC4GC:49856424"
6	1634	17847313.5	183	17846222	17848405	"PAC4GC:49859467"
6	1794	17750587	183	17743081	17758093	"PAC4GC:49859416"
2	2038	2332476.5	186	2330999	2333954	"PAC4GC:49844663"
9	2038	25723305	186	25722132	25724478	"PAC4GC:49813818"
10	455	23968799	186	23967704	23969894	"PAC4GC:49827569"
3	455	27110772.5	186	27103979	27117566	"PAC4GC:49836623"
2	45	2325715	186	2321862	2329568	"PAC4GC:49845428"
9	45	25729294	186	25725812	25732776	"PAC4GC:49810983"
9	45	25751597	186	25744501	25758693	"PAC4GC:49810123"
10	2090	14732519	189	14730658	14734380	"PAC4GC:49826133"
8	2090	17443979.5	189	17442570	17445389	"PAC4GC:49851604"
8	2663	22252529	189	22247117	22257941	"PAC4GC:49849671"
12	2663	2593570.5	189	2584179	2602962	"PAC4GC:49838268"
12	142	2664225	189	2661181	2667269	"PAC4GC:49838487"
12	6106	22509147.5	190	22508980	22509315	"PAC4GC:49839422"
12	186	22515677	190	22513894	22517460	"PAC4GC:49840437"
11	186	11335711.5	190	11333923	11337500	"PAC4GC:49806406"
12	3355	22585802.5	190	22579874	22591731	"PAC4GC:49841276"
11	3698	14503680.5	190	14501585	14505776	"PAC4GC:49807416"
7	2740	24541595	191	24540764	24542426	"PAC4GC:49828767"
3	2740	11103628.5	191	11102449	11104808	"PAC4GC:49833800"
8	2740	5667445	191	5666611	5668279	"PAC4GC:49853283"
3	2740	10347769	191	10346641	10348897	"PAC4GC:49835621"
3	4304	11303960	191	11294210	11313710	"PAC4GC:49836415"
3	4304	11156770	191	11156095	11157445	"PAC4GC:49836495"
3	4304	11221570.5	191	11221175	11221966	"PAC4GC:49836954"
3	4304	11236865.5	191	11236256	11237475	"PAC4GC:49834344"
3	4734	11746079	191	11744427	11747731	"PAC4GC:49836034"
6	1264	26397364.5	192	26394671	26400058	"PAC4GC:49857288"
12	6705	24710306	192	24708814	24711798	"PAC4GC:49841421"
12	5437	24715933	192	24714078	24717788	"PAC4GC:49838189"
11	398	17130909.5	192	17129522	17132297	"PAC4GC:49808930"
12	398	24727713.5	192	24726600	24728827	"PAC4GC:49838892"
1	398	27231464.5	192	27228256	27234673	"PAC4GC:49818910"
2	398	26968245.5	192	26964655	26971836	"PAC4GC:49845292"
4	3472	31743844	193	31742136	31745552	"PAC4GC:49823400"
8	3434	166148.5	195	165762	166535	"PAC4GC:49850222"
7	3434	18198008	195	18197574	18198442	"PAC4GC:49833252"
8	2753	193550.5	195	192950	194151	"PAC4GC:49852779"
8	2753	176409.5	195	172257	180562	"PAC4GC:49850781"
8	153	14846202.5	199	14844750	14847655	"PAC4GC:49851574"
10	1333	17180661	199	17179171	17182151	"PAC4GC:49825521"
8	1333	14796077	199	14794513	14797641	"PAC4GC:49852517"
3	1574	21061860.5	203	21060687	21063034	"PAC4GC:49834215"
3	3055	21273921.5	203	21272498	21275345	"PAC4GC:49836006"
3	3055	21261106	203	21258066	21264146	"PAC4GC:49837377"
6	3055	12537745	203	12534998	12540492	"PAC4GC:49855955"
3	7867	21045540	203	21043547	21047533	"PAC4GC:49837901"
6	7867	12471518.5	203	12469739	12473298	"PAC4GC:49856458"
6	6745	12434430.5	203	12433145	12435716	"PAC4GC:49854996"
5	3509	27948921	204	27940794	27957048	"PAC4GC:49848248"
11	3509	10133178.5	204	10130296	10136061	"PAC4GC:49808751"
6	427	28432228.5	204	28427680	28436777	"PAC4GC:49858260"
5	427	27930889.5	204	27925967	27935812	"PAC4GC:49849059"
6	427	21421176	204	21418516	21423836	"PAC4GC:49854865"
4	1621	29903484.5	205	29900668	29906301	"PAC4GC:49820978"
4	1621	29918182.5	205	29915284	29921081	"PAC4GC:49822586"
11	543	19043523	207	19038999	19048047	"PAC4GC:49807549"
11	5539	18991181	207	18990703	18991659	"PAC4GC:49805895"
7	5539	19947676.5	207	19946998	19948355	"PAC4GC:49832151"
7	3388	19963715.5	207	19961172	19966259	"PAC4GC:49829242"
8	1378	1146189.5	207	1142644	1149735	"PAC4GC:49853895"
11	1378	18980444.5	207	18973036	18987853	"PAC4GC:49806816"
2	5434	28717323	207	28710499	28724147	"PAC4GC:49843940"
7	2191	28772590.5	208	28770397	28774784	"PAC4GC:49831609"
7	71	28767001	208	28765453	28768549	"PAC4GC:49833206"
8	9258	20312384.5	211	20308309	20316460	"PAC4GC:49849718"
2	311	24263515.5	212	24260187	24266844	"PAC4GC:49843797"
7	311	30072226	212	30068092	30076360	"PAC4GC:49832715"
7	3206	691371.5	212	689485	693258	"PAC4GC:49830149"
10	2266	789507	212	780468	798546	"PAC4GC:49825876"
7	876	858780	212	856314	861246	"PAC4GC:49829187"
6	792	1107032	213	1106890	1107174	"PAC4GC:49857094"
1	792	1628692	213	1628489	1628895	"PAC4GC:49814764"
6	792	19796100	213	19794952	19797248	"PAC4GC:49859635"
1	792	1619492	213	1619218	1619766	"PAC4GC:49815878"
6	792	1122231.5	213	1122028	1122435	"PAC4GC:49856494"
3	792	28098379.5	213	28097021	28099738	"PAC4GC:49837926"
10	1149	18910883.5	214	18909735	18912032	"PAC4GC:49825750"
10	2495	18894824	214	18892841	18896807	"PAC4GC:49826560"
1	3817	8225938.5	217	8222749	8229128	"PAC4GC:49815042"
3	3817	6903143.5	217	6897766	6908521	"PAC4GC:49833645"
4	1311	21288180.5	217	21284788	21291573	"PAC4GC:49821518"
6	1767	14953705.5	221	14952073	14955338	"PAC4GC:49855240"
3	1767	23637569	221	23636371	23638767	"PAC4GC:49834470"
6	1791	14983970	221	14982526	14985414	"PAC4GC:49858786"
3	4028	1164381	226	1163132	1165630	"PAC4GC:49837291"
1	3469	4560257.5	226	4553897	4566618	"PAC4GC:49818686"
3	3469	1179508	226	1174193	1184823	"PAC4GC:49834061"
2	372	314945	230	314163	315727	"PAC4GC:49842010"
9	373	27945579	230	27943295	27947863	"PAC4GC:49811042"
3	373	20961971	230	20960741	20963201	"PAC4GC:49834350"
6	373	12402529	230	12400123	12404935	"PAC4GC:49857652"
9	373	27939447.5	230	27938440	27940455	"PAC4GC:49811297"
6	4398	12321385.5	230	12319933	12322838	"PAC4GC:49859139"
3	6731	20895383	230	20894165	20896601	"PAC4GC:49837451"
9	1254	28009163.5	230	28007147	28011180	"PAC4GC:49813730"
1	940	3165603.5	236	3164282	3166925	"PAC4GC:49816489"
6	940	2135492	236	2134205	2136779	"PAC4GC:49855563"
4	940	27986109.5	236	27982363	27989856	"PAC4GC:49822149"
6	4	6652393.5	238	6634935	6669852	"PAC4GC:49856973"
4	4	16481726	238	16480387	16483065	"PAC4GC:49819736"
4	2328	16422189.5	238	16419659	16424720	"PAC4GC:49823173"
4	5	16360279.5	238	16356737	16363822	"PAC4GC:49821878"
8	5	20738927	238	20738287	20739567	"PAC4GC:49850472"
9	168	975718.5	244	973938	977499	"PAC4GC:49811721"
9	168	19963854.5	244	19961826	19965883	"PAC4GC:49813895"
9	168	19828246	244	19825674	19830818	"PAC4GC:49811447"
4	4830	689106.5	245	687614	690599	"PAC4GC:49820618"
8	4854	28240114	245	28238464	28241764	"PAC4GC:49852086"
8	1117	852063.5	247	851030	853097	"PAC4GC:49850012"
7	1117	19660116.5	247	19658960	19661273	"PAC4GC:49829754"
3	550	27681074	249	27679571	27682577	"PAC4GC:49836407"
10	550	18887819	249	18884328	18891310	"PAC4GC:49825729"
4	969	30762645	249	30760112	30765178	"PAC4GC:49820803"
3	969	27739847.5	249	27737978	27741717	"PAC4GC:49833794"
