12	5440	147781450.5	0	147772796	147790105	"Gb_01968"
12	6966	106959943.5	0	106958606	106961281	"Gb_29033"
12	3404	55480882	0	55479951	55481813	"Gb_11245"
12	1198	104433886	0	104313878	104553894	"Gb_22046"
12	1199	97170017	0	97128296	97211738	"Gb_27516"
12	6574	89267366	0	89242256	89292476	"Gb_12059"
10	398	69041700.5	0	69040617	69042784	"Gb_10245"
4	398	146857901.5	0	146857336	146858467	"Gb_05672"
12	1201	155618147.5	0	155617356	155618939	"Gb_08535"
7	5629	487972895.5	0	487928140	488017651	"Gb_15677"
11	5629	68440863	0	68439816	68441910	"Gb_27847"
2	5701	318442570.5	0	318440872	318444269	"Gb_36974"
4	1085	435645632	0	435635819	435655445	"Gb_00676"
7	1093	77526528.5	0	77525606	77527451	"Gb_06747"
7	6637	399663087.5	0	399661683	399664492	"Gb_35032"
7	4811	413505822.5	0	413505727	413505918	"Gb_41701"
7	2227	385282716	0	385280781	385284651	"Gb_39488"
7	3343	428390129.5	0	428340900	428439359	"Gb_30577"
3	3393	418970778.5	0	418968762	418972795	"Gb_31834"
2	565	133190135	1	133150666	133229604	"Gb_29004"
2	543	235531747	1	235388398	235675096	"Gb_20817"
2	1378	143875410	1	143769392	143981428	"Gb_07456"
2	1378	136571148	1	136461294	136681002	"Gb_21986"
2	4492	652036605.5	1	651849676	652223535	"Gb_39080"
7	1374	524727717.5	1	524727472	524727963	"Gb_24628"
2	1374	96405031.5	1	96402042	96408021	"Gb_04397"
2	1389	102465947.5	1	102444010	102487885	"Gb_34800"
2	3434	713073033	1	713072433	713073633	"Gb_27127"
1	71	149014741.5	1	149013488	149015995	"Gb_01745"
7	2425	319262049.5	1	319260381	319263718	"Gb_24008"
1	1396	1014805653.5	1	1014767507	1014843800	"Gb_06758"
1	284	1013480828	1	1013479065	1013482591	"Gb_34064"
1	2730	1017828345	1	1017794961	1017861729	"Gb_36626"
5	323	171413459.5	1	171409765	171417154	"Gb_31618"
5	1927	176727177	1	176713041	176741313	"Gb_10139"
5	1927	173698826.5	1	173696825	173700828	"Gb_07029"
1	311	998093033.5	1	997985230	998200837	"Gb_35139"
9	1821	503452841.5	2	503452474	503453209	"Gb_39963"
9	3110	448117215	2	448016937	448217493	"Gb_03347"
2	4840	683729208.5	2	683728522	683729895	"Gb_22585"
2	2757	688842762	2	688804627	688880897	"Gb_26435"
2	1407	698697617	2	698661981	698733253	"Gb_18435"
2	1375	86215870	2	86214212	86217528	"Gb_18552"
2	3388	143229027	2	143117619	143340435	"Gb_15365"
11	1362	277016533.5	2	277016072	277016995	"Gb_27774"
5	2467	212268831	2	212224937	212312725	"Gb_15276"
8	2391	13870842.5	3	13778290	13963395	"Gb_06011"
8	801	16285919.5	3	16283845	16287994	"Gb_16632"
2	6473	339002764	3	338997302	339008226	"Gb_04569"
2	4868	349448305	3	349368870	349527740	"Gb_13624"
2	4304	356977990	3	356768954	357187026	"Gb_17171"
5	1115	366084499	3	366063291	366105707	"Gb_34283"
5	1360	373919470.5	3	373918773	373920168	"Gb_40293"
5	2745	715849447.5	3	715849226	715849669	"Gb_23756"
1	3370	331097924.5	3	331059912	331135937	"Gb_17809"
1	1036	345365153.5	3	345219951	345510356	"Gb_40471"
1	1036	348718331.5	3	348716950	348719713	"Gb_21668"
1	4761	598447714	3	598371088	598524340	"Gb_10689"
7	3414	401000573	4	400998979	401002167	"Gb_00947"
7	5984	394748896	4	394745832	394751960	"Gb_10619"
7	5995	392043655.5	4	391850459	392236852	"Gb_05379"
4	86	744417429.5	4	744416104	744418755	"Gb_11117"
4	2678	751441817	4	751348592	751535042	"Gb_00550"
3	143	412924495.5	4	412787214	413061777	"Gb_33318"
3	1351	423873532	4	423873122	423873942	"Gb_28134"
3	1351	408222749.5	4	408222304	408223195	"Gb_26428"
3	690	565364086	4	565334501	565393671	"Gb_06480"
6	3998	422785166.5	4	422783409	422786924	"Gb_02888"
6	1277	32877803	5	32831681	32923925	"Gb_14520"
4	4392	37378109.5	5	37377714	37378505	"Gb_38558"
6	1276	45058367	5	45056622	45060112	"Gb_16825"
6	1292	81070206.5	5	81027565	81112848	"Gb_38203"
4	4530	58329199	5	58328084	58330314	"Gb_16675"
4	8322	67986669.5	5	67986049	67987290	"Gb_22108"
8	232	385473384.5	5	385410875	385535894	"Gb_21359"
8	2022	382480411.5	5	382416502	382544321	"Gb_05096"
3	5012	343165765	5	343164154	343167376	"Gb_03397"
9	1589	500628120	5	500561223	500695017	"Gb_32245"
7	254	3962769	6	3961009	3964529	"Gb_08344"
3	1783	500795015	6	500630258	500959772	"Gb_19277"
2	1266	502699777	6	502622943	502776611	"Gb_16350"
4	1266	277023030.5	6	276980299	277065762	"Gb_22523"
4	6576	699855105	6	699854279	699855931	"Gb_01642"
8	1610	650125331.5	7	650027912	650222751	"Gb_02879"
8	256	660393665	7	660393016	660394314	"Gb_32966"
8	1791	479575894.5	7	479575136	479576653	"Gb_23856"
8	1767	476125081.5	7	476123461	476126702	"Gb_38343"
8	255	171059356	7	171018070	171100642	"Gb_33908"
3	1636	256841692.5	7	256750347	256933038	"Gb_35918"
3	274	274319569.5	7	274304172	274334967	"Gb_37894"
10	1569	445924683.5	7	445923313	445926054	"Gb_06928"
3	1569	250475542	7	250388702	250562382	"Gb_15226"
8	266	31101942	7	31101170	31102714	"Gb_08805"
3	373	66794909	7	66793921	66795897	"Gb_04261"
3	373	72721308	7	72677637	72764979	"Gb_05092"
3	1254	74742143.5	7	74729364	74754923	"Gb_26474"
1	1035	328038881.5	8	328038736	328039027	"Gb_34841"
1	1035	327933255.5	8	327932944	327933567	"Gb_34842"
1	1041	381034409.5	8	380996320	381072499	"Gb_15023"
5	2431	217248411.5	8	217112737	217384086	"Gb_10222"
5	2743	711891055	8	711889593	711892517	"Gb_21242"
5	1382	198022662.5	8	197953716	198091609	"Gb_35656"
5	7314	192040355	8	192031472	192049238	"Gb_37050"
5	1095	377058394.5	8	377037766	377079023	"Gb_11489"
4	2737	173402368	8	173250676	173554060	"Gb_29950"
4	277	229408430.5	8	229407066	229409795	"Gb_18943"
5	997	549648641.5	9	549647649	549649634	"Gb_31684"
1	997	798292090	9	798230869	798353311	"Gb_07483"
2	4869	339198714	9	339196358	339201070	"Gb_04568"
9	4311	415804211	9	415778676	415829746	"Gb_36462"
9	4577	696953386.5	10	696951765	696955008	"Gb_02895"
9	4244	273598708	10	273560191	273637225	"Gb_22666"
9	3329	635720207.5	10	635718028	635722387	"Gb_23420"
8	790	329955583	10	329953024	329958142	"Gb_39526"
12	792	85218172	10	85216836	85219508	"Gb_39683"
9	2570	139087383.5	11	139086702	139088065	"Gb_27051"
7	3666	715670472	11	715541356	715799588	"Gb_12825"
7	5541	724135253.5	11	724100151	724170356	"Gb_03040"
7	5541	723981867	11	723981436	723982298	"Gb_03039"
7	795	239786241.5	11	239652142	239920341	"Gb_01940"
7	1269	219974077	11	219973148	219975006	"Gb_36979"
7	6270	402997810.5	11	402906863	403088758	"Gb_27063"
3	3536	470373402	12	470349694	470397110	"Gb_14095"
11	1078	273178163	12	273066997	273289329	"Gb_13772"
4	3384	36206491	12	36128868	36284114	"Gb_05546"
4	2413	25588259.5	12	25587791	25588728	"Gb_17317"
4	2414	24053719.5	12	24009834	24097605	"Gb_23571"
4	1084	85824674	12	85805685	85843663	"Gb_38815"
4	2728	80265102.5	12	80264679	80265526	"Gb_21296"
10	2728	610920074.5	12	610918915	610921234	"Gb_05057"
3	958	497502474.5	12	497488912	497516037	"Gb_11480"
4	253	231210056.5	12	231205965	231214148	"Gb_22699"
8	2157	359826774	13	359821355	359832193	"Gb_18405"
8	4773	360619380.5	13	360480114	360758647	"Gb_15088"
8	3250	337371235.5	13	337188394	337554077	"Gb_37507"
8	1930	585390978.5	13	585327569	585454388	"Gb_41150"
8	1940	579399210.5	13	579398410	579400011	"Gb_27091"
2	125	5847414.5	13	5773898	5920931	"Gb_34494"
2	1947	2948964	13	2873271	3024657	"Gb_29796"
2	1517	670548427	13	670408114	670688740	"Gb_11945"
2	1468	672477327	13	672407462	672547192	"Gb_18677"
2	701	108035770.5	13	108033918	108037623	"Gb_14813"
2	3477	280197263	13	280173325	280221201	"Gb_40581"
5	3160	347443463	14	347431918	347455008	"Gb_27511"
4	1082	77617308	14	77616590	77618026	"Gb_21289"
5	1082	71014217	14	70987059	71041375	"Gb_07092"
4	1083	84295917.5	14	84167112	84424723	"Gb_01625"
4	2092	88794911.5	14	88761181	88828642	"Gb_25982"
4	2417	3625640.5	14	3624835	3626446	"Gb_11407"
4	2732	248809393.5	14	248733765	248885022	"Gb_08188"
6	1045	26156178.5	14	26070143	26242214	"Gb_06822"
1	1841	1060986573.5	15	1060961124	1061012023	"Gb_23374"
1	1890	NA	15	1079079419	1079080865	"Gb_40258"
1	1890	NA	15	1079079294	1079081350	"Gb_40264"
1	1889	NA	15	1083756834	1083760061	"Gb_19167"
1	1697	NA	15	1092236182	1092238286	"Gb_23230"
6	2646	319165700	15	319050793	319280607	"Gb_16498"
6	2035	324985545	15	324984317	324986773	"Gb_39451"
6	2035	324931580	15	324929313	324933847	"Gb_39452"
3	3472	522598215	16	522597047	522599383	"Gb_11507"
7	3472	192067992.5	16	192066839	192069146	"Gb_05835"
3	1673	513953624	16	513941991	513965257	"Gb_40444"
12	969	230744077.5	16	230608521	230879634	"Gb_09913"
7	467	27407141	16	27407041	27407241	"Gb_22838"
7	467	25595269	16	25591138	25599400	"Gb_14049"
5	464	624888013	16	624855647	624920379	"Gb_21227"
7	464	31938303.5	16	31935786	31940821	"Gb_30641"
5	4028	39838760.5	17	39803274	39874247	"Gb_20640"
5	3469	40625518.5	17	40624920	40626117	"Gb_30113"
5	3469	40283136.5	17	40245717	40320556	"Gb_17521"
5	3470	48353762	17	48294598	48412926	"Gb_39721"
5	4022	46758660	17	46758164	46759156	"Gb_39727"
10	2934	256155639	17	256119291	256191987	"Gb_24528"
6	1463	585347126.5	17	585301537	585392716	"Gb_13018"
1	732	411777716.5	18	411745695	411809738	"Gb_17699"
1	4159	349375866.5	18	349293476	349458257	"Gb_07340"
1	2119	415245218	18	415223765	415266671	"Gb_20792"
1	3244	514026003.5	18	514021540	514030467	"Gb_24669"
1	766	526561100.5	18	526317501	526804700	"Gb_29661"
1	1524	377844246	18	377743051	377945441	"Gb_10258"
1	759	481576391	18	481574997	481577785	"Gb_36301"
1	1493	926268890	19	926121556	926416224	"Gb_23465"
1	3450	387951635.5	19	387950322	387952949	"Gb_35793"
6	848	600310107	20	600251601	600368613	"Gb_19472"
10	1924	604200077	20	604198446	604201708	"Gb_06451"
10	1835	604671371.5	20	604491841	604850902	"Gb_04448"
10	1835	601893991.5	20	601777347	602010636	"Gb_06563"
10	168	630103929.5	20	630093243	630114616	"Gb_07909"
10	899	687019990	20	686968788	687071192	"Gb_21766"
10	899	679245996	20	679188180	679303812	"Gb_39694"
10	3000	663960690.5	20	663960013	663961368	"Gb_06879"
10	1840	693204542.5	20	693204202	693204883	"Gb_30700"
10	881	694906964	20	694905110	694908818	"Gb_19850"
1	1412	435088207	21	435084580	435091834	"Gb_04306"
11	1207	610640841.5	21	610515536	610766147	"Gb_21527"
10	4298	79561091.5	21	79501716	79620467	"Gb_38316"
10	2827	102458230.5	21	102457686	102458775	"Gb_30901"
10	1222	141078870.5	22	141078391	141079350	"Gb_18605"
10	1862	401974116.5	22	401973297	401974936	"Gb_09559"
1	754	916671138.5	22	916669894	916672383	"Gb_34637"
10	754	393218814.5	22	393217394	393220235	"Gb_11996"
10	1710	49221043.5	22	49143042	49299045	"Gb_37710"
10	2402	267649646	22	267619504	267679788	"Gb_29331"
10	2948	278326049.5	22	278324590	278327509	"Gb_20118"
10	3079	276100355.5	22	276032590	276168121	"Gb_16393"
10	186	291717378	22	291715983	291718773	"Gb_02161"
10	3355	295483193.5	22	295372041	295594346	"Gb_32692"
8	2527	19569494	23	19561429	19577559	"Gb_00630"
8	3741	64467005.5	23	64465100	64468911	"Gb_26012"
8	553	61031530.5	23	61023678	61039383	"Gb_25760"
8	2392	15648253	23	15645844	15650662	"Gb_03809"
8	2392	17002833.5	23	16939508	17066159	"Gb_16628"
7	1989	575781618.5	23	575778465	575784772	"Gb_20289"
7	1989	636371392	23	636368913	636373871	"Gb_40156"
7	610	577117518	23	577059714	577175322	"Gb_34910"
2	610	550325013	23	550323750	550326276	"Gb_18293"
7	552	577508867	23	577374764	577642970	"Gb_34913"
5	1635	504827279.5	23	504826962	504827597	"Gb_41078"
5	1612	476420853	23	476212168	476629538	"Gb_24146"
5	471	471443395.5	23	471434948	471451843	"Gb_22686"
5	5655	495456735.5	23	495455597	495457874	"Gb_19321"
6	2648	327024812.5	24	326999001	327050624	"Gb_13264"
6	52	68273142.5	24	68272231	68274054	"Gb_30970"
6	3443	323999308.5	24	323957178	324041439	"Gb_10933"
6	2580	323764273.5	24	323691005	323837542	"Gb_02925"
9	2243	630977759.5	24	630973593	630981926	"Gb_01241"
3	3359	323608691.5	25	323475480	323741903	"Gb_07736"
8	4335	659833913	25	659829361	659838465	"Gb_32183"
8	234	649474109.5	25	649418555	649529664	"Gb_02875"
2	2535	714153093.5	25	714151388	714154799	"Gb_30841"
2	1164	711461807	25	711458602	711465012	"Gb_08284"
8	3833	392213589	26	392183671	392243507	"Gb_11299"
8	3	390111619.5	26	390110316	390112923	"Gb_29741"
3	2038	560312698	26	560311137	560314259	"Gb_17544"
2	1980	714300455.5	26	714289996	714310915	"Gb_30840"
8	7344	404928675.5	26	404927584	404929767	"Gb_37955"
6	560	316213046	26	316066540	316359552	"Gb_41794"
2	4242	685737463	28	685627417	685847509	"Gb_07655"
2	2756	693292024.5	28	693287203	693296846	"Gb_19837"
2	3791	700596818.5	28	700596079	700597558	"Gb_03732"
2	3791	698279983	28	698257890	698302076	"Gb_18434"
2	2753	715630721.5	28	715608732	715652711	"Gb_33346"
2	1365	766728629.5	28	766728085	766729174	"Gb_28232"
2	1365	766650731	28	766646826	766654636	"Gb_28231"
8	1089	219261449	28	219259442	219263456	"Gb_39303"
2	1089	120857633.5	28	120856014	120859253	"Gb_11104"
2	2452	109421008.5	28	109419730	109422287	"Gb_14801"
2	1397	98338873.5	28	98323038	98354709	"Gb_29957"
5	2473	205715510.5	29	205714249	205716772	"Gb_14858"
5	1404	663116695.5	29	663104864	663128527	"Gb_05634"
10	1072	211414773.5	29	211370417	211459130	"Gb_36316"
4	1072	202368845.5	29	202289059	202448632	"Gb_08354"
4	1027	231867265.5	29	231864741	231869790	"Gb_39834"
6	5451	328283451	29	328282793	328284109	"Gb_13152"
1	1054	347396925.5	29	347230761	347563090	"Gb_39825"
9	900	23934213.5	29	23917307	23951120	"Gb_04106"
10	900	644339176	29	644319422	644358930	"Gb_37967"
10	8921	645782933	29	645763642	645802224	"Gb_37971"
9	8921	23286656	29	23284145	23289167	"Gb_07577"
1	2105	92850181	30	92847881	92852481	"Gb_07444"
1	3914	NA	30	1126534182	1126678561	"Gb_20476"
5	2707	116214344.5	30	116113931	116314758	"Gb_10723"
4	3426	352477933.5	30	352476705	352479162	"Gb_05441"
8	3058	30625950.5	31	30624754	30627147	"Gb_08801"
3	3107	398160265.5	31	398158530	398162001	"Gb_39365"
3	1795	65273368.5	31	65271524	65275213	"Gb_33642"
3	155	64278313	31	64231164	64325462	"Gb_11317"
3	265	60020042	31	60017431	60022653	"Gb_11136"
3	1797	52136197.5	31	52135085	52137310	"Gb_08690"
1	957	772510741	32	772412095	772609387	"Gb_38660"
1	957	770872267.5	32	770697195	771047340	"Gb_39888"
11	237	49498929.5	32	49497667	49500192	"Gb_17724"
1	237	769538095.5	32	769536689	769539502	"Gb_36720"
1	4243	832466026	32	832465728	832466324	"Gb_23592"
1	4183	833738870.5	32	833736433	833741308	"Gb_17288"
1	1301	837522003	32	837519443	837524563	"Gb_13916"
7	827	596108432	32	596107836	596109028	"Gb_06170"
7	3347	595006537	32	595006053	595007021	"Gb_10725"
11	939	474349019.5	32	474335316	474362723	"Gb_30659"
1	3677	565415952.5	33	565414298	565417607	"Gb_38936"
5	3677	59525541.5	33	59520099	59530984	"Gb_14191"
9	3677	690819641.5	33	690817044	690822239	"Gb_38139"
9	3677	21407329.5	33	21313127	21501532	"Gb_30584"
9	3591	261955618	33	261940113	261971123	"Gb_13388"
5	1546	249783774.5	34	249664761	249902788	"Gb_40667"
10	3177	415590742	34	415545744	415635740	"Gb_27959"
3	4512	635042504	34	634942816	635142192	"Gb_25943"
10	870	661254311	34	661251743	661256879	"Gb_14412"
6	3671	314458149	35	314457200	314459098	"Gb_15662"
6	3670	319763628	35	319711790	319815466	"Gb_16496"
6	3672	317436710	35	317436176	317437244	"Gb_16502"
1	1411	411074181.5	35	411071505	411076858	"Gb_36850"
8	5792	6657842	35	6601579	6714105	"Gb_12275"
8	6013	8636699.5	35	8564838	8708561	"Gb_40058"
8	5521	9120842	35	9117138	9124546	"Gb_32213"
8	1312	51579854.5	35	51495667	51664042	"Gb_17876"
8	5124	44741370	35	44709017	44773723	"Gb_10167"
1	1087	1008720830	36	1008690591	1008751069	"Gb_41055"
12	1826	557800671.5	36	557745497	557855846	"Gb_41012"
8	459	386332378.5	37	386136021	386528736	"Gb_21365"
4	3981	715623331.5	37	715621309	715625354	"Gb_26371"
4	2642	715009165.5	37	714839701	715178630	"Gb_26366"
12	771	546000732.5	38	545775319	546226146	"Gb_29521"
2	5141	495244383.5	38	495242270	495246497	"Gb_38601"
11	527	319576879.5	38	319574543	319579216	"Gb_09524"
6	527	189911336.5	38	189910665	189912008	"Gb_13584"
11	527	546501058.5	38	546498575	546503542	"Gb_26338"
11	3340	548809245.5	38	548808476	548810015	"Gb_19102"
2	2870	445124828.5	38	445119711	445129946	"Gb_01078"
8	1297	568000931.5	39	567996641	568005222	"Gb_23956"
8	1931	534582563.5	39	534578582	534586545	"Gb_26114"
8	1931	533033978	39	532854773	533213183	"Gb_37120"
6	2577	59127199	40	59125612	59128786	"Gb_35297"
6	1553	54449688.5	40	54448470	54450907	"Gb_23674"
9	847	666355056	40	666110371	666599741	"Gb_39788"
9	183	665773040.5	40	665770277	665775804	"Gb_39786"
4	185	431543365.5	40	431543252	431543479	"Gb_30691"
9	185	670338559	40	670334504	670342614	"Gb_07921"
3	1026	340891834	40	340890403	340893265	"Gb_21078"
2	4310	303202636.5	41	303037277	303367996	"Gb_02814"
2	4142	295916249	41	295914390	295918108	"Gb_32866"
1	1845	175033719.5	42	174904343	175163096	"Gb_23346"
1	872	79751481	42	79749750	79753212	"Gb_09601"
10	504	351666878.5	43	351666100	351667657	"Gb_25406"
10	1672	414224761	43	414136720	414312802	"Gb_08627"
10	3357	413751378	43	413728305	413774451	"Gb_08629"
10	1709	48770973	43	48770487	48771459	"Gb_37714"
10	7172	58352432	43	58324794	58380070	"Gb_30311"
10	1912	333827246.5	43	333709202	333945291	"Gb_35635"
10	3104	263387945.5	43	263316102	263459789	"Gb_31542"
10	187	250735353.5	43	250686164	250784543	"Gb_18500"
10	2293	335619080	43	335618113	335620047	"Gb_33421"
10	1739	57600377.5	43	57599278	57601477	"Gb_36016"
10	1074	432489117.5	44	432381262	432596973	"Gb_18649"
10	2439	661012905	44	661012431	661013379	"Gb_14430"
10	2439	660660375.5	44	660659806	660660945	"Gb_14428"
1	615	825655838.5	45	825654695	825656982	"Gb_24708"
5	930	621306444.5	45	621303419	621309470	"Gb_32409"
5	5483	621892028	45	621788688	621995368	"Gb_32407"
5	636	542199369.5	45	542196153	542202586	"Gb_32037"
5	636	615084865.5	45	615082714	615087017	"Gb_10890"
1	636	725660782.5	45	725659521	725662044	"Gb_13338"
5	636	542305893	45	542304893	542306893	"Gb_32058"
5	3516	728495831.5	45	728494101	728497562	"Gb_22696"
5	57	517400470	45	517340576	517460364	"Gb_05860"
5	67	487042096.5	45	486919870	487164323	"Gb_05422"
6	2966	286481475.5	46	286481144	286481807	"Gb_35902"
6	2967	293286918	46	292975453	293598383	"Gb_29405"
6	3487	421484883.5	46	421484452	421485315	"Gb_40679"
3	4227	353895420.5	46	353893277	353897564	"Gb_09366"
7	505	30820039.5	47	30819559	30820520	"Gb_31193"
6	505	477572363.5	47	477571726	477573001	"Gb_12907"
6	192	409954317	47	409950955	409957679	"Gb_30339"
6	167	631491825.5	47	631490692	631492959	"Gb_29764"
1	3400	467508976	47	467474534	467543418	"Gb_06092"
6	849	604540570.5	47	604520584	604560557	"Gb_16099"
3	665	311493163	49	311489626	311496700	"Gb_03688"
3	1346	656838426.5	49	656633678	657043175	"Gb_29280"
3	150	655424175.5	49	655423204	655425147	"Gb_30482"
11	150	133005559.5	49	132973366	133037753	"Gb_33416"
3	1345	622093568	49	622092892	622094244	"Gb_10897"
3	1333	698444442	49	698442467	698446417	"Gb_18225"
7	4182	85985486.5	49	85881574	86089399	"Gb_00257"
7	3408	9738338.5	49	9735094	9741583	"Gb_40551"
3	372	74014618	49	74013710	74015526	"Gb_26458"
5	1766	533860920	50	533858455	533863385	"Gb_23910"
5	2914	538718843.5	50	538717781	538719906	"Gb_32072"
6	215	452409731.5	52	452408615	452410848	"Gb_30295"
1	567	756578794	53	756577992	756579596	"Gb_04185"
1	2709	831112225	53	831024048	831200402	"Gb_40232"
1	2709	834564112.5	53	834561644	834566581	"Gb_17897"
1	2709	839286279	53	839285051	839287507	"Gb_24342"
2	6263	375558752.5	53	375557391	375560114	"Gb_41333"
1	6263	854725481	53	854723955	854727007	"Gb_15002"
1	6388	854982377.5	53	854947304	855017451	"Gb_15001"
3	2510	316941495.5	54	316896753	316986238	"Gb_07780"
3	555	116234602	54	116139861	116329343	"Gb_01425"
5	2912	584111731	54	583986212	584237250	"Gb_06147"
5	1794	607422935	54	607208653	607637217	"Gb_39516"
5	1568	614824258.5	54	614776501	614872016	"Gb_28897"
2	1515	661530897	55	661501621	661560173	"Gb_00971"
2	737	659930722	55	659907263	659954181	"Gb_17044"
9	6964	43550813.5	55	43549269	43552358	"Gb_34627"
2	5539	236024951.5	55	236024445	236025458	"Gb_20818"
2	5539	141060937.5	55	141060510	141061365	"Gb_23309"
2	2049	135421020.5	55	135418967	135423074	"Gb_41222"
2	2048	144522473	55	144519822	144525124	"Gb_07458"
9	563	416082886.5	55	416019773	416146000	"Gb_36463"
3	551	744853049	56	744840992	744865106	"Gb_26640"
3	4830	688980983.5	56	688979331	688982636	"Gb_23877"
3	2001	686497216.5	56	686386272	686608161	"Gb_23882"
3	4854	684103000	56	684011456	684194544	"Gb_02119"
1	687	195416874.5	57	195345815	195487934	"Gb_08784"
1	3574	180137878.5	57	180137623	180138134	"Gb_24081"
4	2084	701374265	57	701238210	701510320	"Gb_08986"
8	2210	342947483.5	57	342920570	342974397	"Gb_28994"
8	837	32826666.5	57	32788272	32865061	"Gb_32128"
9	837	467800049	57	467796840	467803258	"Gb_08617"
9	2305	169670644	58	169657958	169683330	"Gb_08270"
9	2305	180724681.5	58	180658606	180790757	"Gb_01914"
2	2305	727003227.5	58	726902955	727103500	"Gb_16992"
8	460	394201836	58	394201098	394202574	"Gb_01723"
3	455	559540011.5	58	559505714	559574309	"Gb_03319"
5	145	111090976.5	58	111089896	111092057	"Gb_04915"
3	369	17587881	59	17586118	17589644	"Gb_00664"
3	1504	21106988	59	21105563	21108413	"Gb_38610"
3	413	37087139	59	37085572	37088706	"Gb_08634"
3	2838	38598807.5	59	38586817	38610798	"Gb_11068"
8	1531	514446735	60	514445570	514447900	"Gb_38052"
8	1932	458863487.5	60	458814894	458912081	"Gb_34077"
2	5462	532832573.5	60	532711123	532954024	"Gb_08869"
2	347	302827079.5	61	302826987	302827172	"Gb_02813"
10	4082	272375458.5	63	272374137	272376780	"Gb_20058"
6	499	531521028	63	531518768	531523288	"Gb_31076"
5	22	466449471.5	64	466448575	466450368	"Gb_30742"
5	1014	718916444.5	64	718914857	718918032	"Gb_24098"
8	945	548643060.5	64	548641613	548644508	"Gb_26152"
8	2390	567678829.5	64	567602989	567754670	"Gb_23951"
8	2390	590776854	64	590774300	590779408	"Gb_29566"
8	233	401863331	65	401862703	401863959	"Gb_06553"
9	1743	668733695.5	65	668731591	668735800	"Gb_01245"
9	211	667990019.5	65	667898478	668081561	"Gb_10239"
3	1544	476414262	66	476394589	476433935	"Gb_15393"
6	341	173498129.5	66	173368076	173628183	"Gb_03680"
1	341	652664447.5	66	652663411	652665484	"Gb_14719"
10	2785	93700550.5	66	93698122	93702979	"Gb_41470"
10	1264	64034723.5	66	64007606	64061841	"Gb_04126"
10	410	77763421	66	77669841	77857001	"Gb_28463"
8	3817	50571856.5	66	50504660	50639053	"Gb_14335"
2	5542	489052619	67	489044402	489060836	"Gb_02525"
2	5720	348869692	67	348865131	348874253	"Gb_13621"
2	6071	352848771.5	67	352848078	352849465	"Gb_00416"
5	2138	160226770.5	68	160225750	160227791	"Gb_28915"
5	2138	159894337.5	68	159894038	159894637	"Gb_29842"
5	2138	161422057	68	161421791	161422323	"Gb_15834"
2	1538	445465178.5	68	445465026	445465331	"Gb_40856"
3	4269	95645634	68	95636010	95655258	"Gb_35196"
2	4269	446018703.5	68	446015350	446022057	"Gb_40860"
1	631	766830747.5	69	766801434	766860061	"Gb_27396"
1	1713	984125519	69	984075530	984175508	"Gb_32348"
1	6666	979712802	69	979617404	979808200	"Gb_23256"
5	1695	176112938	69	176081179	176144697	"Gb_11203"
5	1926	175616599.5	69	175528898	175704301	"Gb_09981"
5	1696	173543604	69	173542678	173544530	"Gb_07025"
5	5335	170179538.5	69	170179398	170179679	"Gb_31613"
5	851	11423877.5	69	11394989	11452766	"Gb_07669"
5	1842	19573972	69	19514238	19633706	"Gb_24378"
5	1183	630803108.5	70	630802935	630803282	"Gb_30325"
8	1024	330589602.5	70	330544632	330634573	"Gb_13248"
8	1567	594516701.5	70	594506637	594526766	"Gb_30916"
5	545	729476273	70	729423822	729528724	"Gb_16690"
6	5485	52128791.5	71	52126774	52130809	"Gb_17555"
6	1285	32555143.5	71	32501047	32609240	"Gb_00666"
4	1477	248473485	71	248472682	248474288	"Gb_08186"
5	1742	349930141	71	349929499	349930783	"Gb_41241"
4	497	95550918.5	71	95541907	95559930	"Gb_11567"
4	2274	304417196.5	71	304406957	304427436	"Gb_28735"
3	34	478293382	72	478292178	478294586	"Gb_35495"
4	34	504576391	72	504509223	504643559	"Gb_31962"
3	34	478249998	72	478248621	478251375	"Gb_35494"
1	110	504294878.5	73	504292788	504296969	"Gb_09464"
1	6426	354103616.5	73	354103058	354104175	"Gb_11930"
2	2584	182207102.5	74	182074162	182340043	"Gb_12284"
9	1816	62352371	74	62334755	62369987	"Gb_14318"
7	484	437930317	75	437860299	438000335	"Gb_04033"
11	160	634340056.5	76	634329017	634351096	"Gb_04992"
4	160	753149331.5	76	753112746	753185917	"Gb_32202"
4	859	746884214	76	746843154	746925274	"Gb_22633"
4	875	746980404.5	76	746979777	746981032	"Gb_22642"
4	2232	732544090	76	732427190	732660990	"Gb_19378"
4	2232	728271948	76	728159668	728384228	"Gb_22177"
4	199	704776273.5	76	704775202	704777345	"Gb_36815"
4	873	734971792.5	76	734971434	734972151	"Gb_26913"
1	3356	246854905	77	246808003	246901807	"Gb_13422"
1	5193	237710584.5	77	237709628	237711541	"Gb_25472"
1	871	NA	77	1128314885	1128439708	"Gb_17059"
4	6404	276738566.5	78	276737418	276739715	"Gb_22526"
4	303	84824754	78	84823661	84825847	"Gb_38819"
10	303	606270737	78	606267761	606273713	"Gb_18035"
6	1097	328609888.5	78	328573963	328645814	"Gb_39590"
6	1368	332991909.5	78	332820437	333163382	"Gb_39400"
4	2718	162724343	78	162723676	162725010	"Gb_20132"
4	1359	175355437	78	175226594	175484280	"Gb_16383"
4	1359	178237011	78	178236713	178237309	"Gb_08754"
4	1073	183096194.5	78	183095491	183096898	"Gb_23518"
10	462	277693538	79	277693031	277694045	"Gb_20116"
12	5588	625396036	80	625372486	625419586	"Gb_29230"
9	5588	506985721.5	80	506983756	506987687	"Gb_00487"
12	6999	582690341	80	582662015	582718667	"Gb_39897"
5	1171	54659601	80	54524015	54795187	"Gb_19844"
12	4249	625227758	81	625226095	625229421	"Gb_29224"
2	5589	594163178	81	594095841	594230515	"Gb_37860"
12	5524	625650462	81	625649936	625650988	"Gb_29220"
1	2199	792255315.5	82	792127584	792383047	"Gb_14931"
1	2199	789900664.5	82	789826697	789974632	"Gb_35388"
6	2199	132242625.5	82	132228529	132256722	"Gb_21713"
4	1659	747632207.5	83	747631825	747632590	"Gb_22644"
4	1882	737291532.5	83	737266950	737316115	"Gb_27557"
4	914	703085062.5	83	703083874	703086251	"Gb_36830"
4	1733	734632267.5	83	734631972	734632563	"Gb_26920"
1	1923	61468348	83	61371346	61565350	"Gb_09312"
4	858	734157246.5	83	734090025	734224468	"Gb_26916"
7	1876	288377433	84	288370880	288383986	"Gb_30396"
7	3017	288962178.5	84	288961550	288962807	"Gb_30399"
7	4129	528251442	84	528169470	528333414	"Gb_26979"
2	1364	101989160.5	85	101985502	101992819	"Gb_11589"
8	2355	687700361	86	687627951	687772771	"Gb_05732"
8	2024	685774308	86	685547768	686000848	"Gb_00397"
8	991	678512206.5	86	678511277	678513136	"Gb_17416"
8	3733	677881798.5	86	677881224	677882373	"Gb_14193"
12	886	87519034	87	87438094	87599974	"Gb_12056"
12	5581	93429741.5	87	93284275	93575208	"Gb_12066"
1	4667	786993765.5	88	786965983	787021548	"Gb_02314"
1	3362	766576024	88	766511875	766640173	"Gb_27390"
5	1828	492920958.5	89	492758776	493083141	"Gb_10855"
12	269	556270355.5	89	556269212	556271499	"Gb_36988"
9	3067	181711460.5	89	181710571	181712350	"Gb_23711"
2	3067	726459112.5	89	726458543	726459682	"Gb_22367"
3	2953	492048225	90	492008877	492087573	"Gb_40802"
11	448	165437655.5	90	165434147	165441164	"Gb_36524"
3	448	489035337.5	90	489034363	489036312	"Gb_16516"
3	449	497096293.5	90	497095843	497096744	"Gb_33038"
3	450	494231421.5	90	494229751	494233092	"Gb_26660"
3	2944	496327001.5	90	496279921	496374082	"Gb_11848"
3	1621	500137918.5	90	500106004	500169833	"Gb_19268"
8	2565	64680620.5	91	64662767	64698474	"Gb_26018"
7	2339	262061530.5	91	262058938	262064123	"Gb_02476"
8	950	13422827.5	91	13406148	13439507	"Gb_06010"
10	6405	62586463	93	62563648	62609278	"Gb_35844"
10	1237	140177369.5	93	140177217	140177522	"Gb_27211"
4	1237	129382230.5	93	129380051	129384410	"Gb_07245"
10	1237	63661233	93	63659421	63663045	"Gb_04141"
10	2576	65276563.5	93	65264605	65288522	"Gb_04127"
10	1221	112977830.5	93	112977495	112978166	"Gb_30976"
10	1221	672445149	93	672444815	672445483	"Gb_11191"
10	1280	143619648.5	93	143579985	143659312	"Gb_18614"
10	2846	148616163	93	148524544	148707782	"Gb_23733"
10	3453	162869843.5	93	162868427	162871260	"Gb_09121"
10	3438	162687270	93	162686972	162687568	"Gb_09118"
10	1282	161532713	93	161402974	161662452	"Gb_22465"
3	1008	285569007	95	285529061	285608953	"Gb_40711"
6	3118	290818060.5	96	290816936	290819185	"Gb_12424"
5	3680	363631868.5	96	363612601	363651136	"Gb_35557"
4	3618	661174268.5	97	661173440	661175097	"Gb_01297"
4	2166	661828402	97	661787856	661868948	"Gb_01303"
2	1486	535359472	97	535320079	535398865	"Gb_02704"
2	713	531992750.5	97	531838948	532146553	"Gb_24495"
2	713	540642851.5	97	540586515	540699188	"Gb_38396"
3	940	673065927	97	673059511	673072343	"Gb_05418"
2	940	532366063.5	97	532364489	532367638	"Gb_24488"
4	7644	657585747.5	97	657585046	657586449	"Gb_06474"
8	2960	587425685.5	99	587424384	587426987	"Gb_41153"
1	2191	145626053	99	145593654	145658452	"Gb_13280"
1	72	NA	99	1127299564	1127300732	"Gb_07785"
4	87	750251678.5	99	750236897	750266460	"Gb_00553"
9	205	28323323.5	100	28321803	28324844	"Gb_41126"
10	1762	674639020	101	674633912	674644128	"Gb_31273"
10	1562	633264500	101	633073974	633455026	"Gb_24172"
10	1820	623269519	101	623178563	623360475	"Gb_33072"
10	1059	649970266	101	649969356	649971176	"Gb_40949"
6	4063	418091433	101	417930922	418251944	"Gb_32393"
6	2264	408630601.5	101	408628926	408632277	"Gb_35321"
5	8159	317910706.5	102	317909835	317911578	"Gb_04835"
2	2350	559525620.5	103	559523537	559527704	"Gb_18335"
2	561	539180599	103	539147559	539213639	"Gb_05693"
2	154	471142222.5	105	471141971	471142474	"Gb_30618"
3	154	709272545	105	709272361	709272729	"Gb_10402"
3	4180	678245225	105	678244063	678246387	"Gb_30928"
3	4875	697870056	105	697869470	697870642	"Gb_10627"
3	153	707570210.5	105	707569075	707571346	"Gb_09499"
3	3632	619719876	105	619714692	619725060	"Gb_22844"
3	5452	647472347.5	105	647461822	647482873	"Gb_19591"
7	4289	584651337.5	106	584619780	584682895	"Gb_22708"
3	128	517482747.5	107	517449484	517516011	"Gb_14388"
3	2869	516710219	107	516554916	516865522	"Gb_14386"
3	96	488950579.5	107	488942049	488959110	"Gb_16511"
5	170	378534295	108	378533215	378535375	"Gb_29824"
5	1917	383424645	108	383253205	383596085	"Gb_33676"
4	219	199314802	108	199313177	199316427	"Gb_38352"
7	2530	267916683	108	267788265	268045101	"Gb_34536"
5	1002	733830009.5	109	733823042	733836977	"Gb_21676"
5	5662	611183598.5	109	611133431	611233766	"Gb_02140"
5	5806	597231689.5	109	597231340	597232039	"Gb_41226"
5	427	51083552.5	110	50943264	51223841	"Gb_30820"
5	3509	52050693	110	51840080	52261306	"Gb_03413"
3	258	52886441	111	52837067	52935815	"Gb_15309"
3	2313	65501057.5	111	65404693	65597422	"Gb_33641"
3	3055	63728811.5	111	63726891	63730732	"Gb_11314"
3	3055	63914616.5	111	63913963	63915270	"Gb_11319"
3	7867	62401543.5	111	62377089	62425998	"Gb_16015"
9	7867	123194262	111	123191393	123197131	"Gb_15997"
3	5714	79323616.5	111	79278374	79368859	"Gb_40699"
3	5713	22219605.5	111	22218594	22220617	"Gb_11012"
12	2146	615224333.5	112	615113605	615335062	"Gb_10370"
12	3454	618589155	112	618512712	618665598	"Gb_12619"
12	3454	618350591.5	112	618349941	618351242	"Gb_12627"
12	6713	628137168.5	112	628136443	628137894	"Gb_36093"
3	6623	472485476	113	472476316	472494636	"Gb_24062"
3	1857	468711593.5	113	468705357	468717830	"Gb_39263"
4	4664	618940870.5	113	618922109	618959632	"Gb_35816"
4	2942	623310844.5	113	623189028	623432661	"Gb_32562"
12	2147	615009248.5	114	615008602	615009895	"Gb_10372"
11	352	626333512	116	626332394	626334630	"Gb_09634"
1	1959	651678737	117	651633839	651723635	"Gb_14739"
1	1240	305233869	117	305109995	305357743	"Gb_26129"
10	2740	620496468	118	620493451	620499485	"Gb_17099"
4	2740	15149132	118	15147814	15150450	"Gb_38847"
2	2740	351751979	118	351749792	351754166	"Gb_07512"
10	1358	488082239.5	119	488066924	488097555	"Gb_37362"
10	2759	594638301	119	594486659	594789943	"Gb_27798"
2	5559	628219246.5	120	628218723	628219770	"Gb_11396"
5	1627	220650234	121	220618161	220682307	"Gb_02116"
3	1919	21060869.5	121	21060106	21061633	"Gb_38604"
4	1919	282144583	121	282144198	282144968	"Gb_21938"
8	1469	453499696	122	453440346	453559046	"Gb_31563"
8	3264	526411919.5	122	526364897	526458942	"Gb_18269"
8	2165	323644930.5	122	323562107	323727754	"Gb_34330"
2	4932	46624067	123	46623738	46624396	"Gb_27800"
2	1939	605441330	123	605397635	605485025	"Gb_18524"
2	1516	15471399.5	123	15310193	15632606	"Gb_21177"
1	736	997055283	123	997055136	997055430	"Gb_35133"
7	798	298560598	124	298559538	298561658	"Gb_29428"
8	4238	661313095.5	124	661311313	661314878	"Gb_35631"
7	4238	304461267	124	304459064	304463470	"Gb_02099"
8	5656	101812440	124	101809012	101815868	"Gb_30785"
8	1311	45443697.5	124	45301483	45585912	"Gb_01387"
8	4276	44997793	124	44997149	44998437	"Gb_01389"
8	4276	45145893	124	45145407	45146379	"Gb_01388"
8	5522	51362461	124	51360676	51364246	"Gb_17874"
9	657	508432541	125	508431829	508433253	"Gb_00481"
4	673	243891120.5	125	243740991	244041250	"Gb_36286"
6	381	64402336.5	126	64400559	64404114	"Gb_31755"
11	1772	5729358	127	5605147	5853569	"Gb_30378"
11	1220	92113979	127	91807362	92420596	"Gb_12187"
9	1773	61306784.5	127	61294590	61318979	"Gb_14317"
11	6170	634776724	128	634704314	634849134	"Gb_04997"
5	2255	378186178.5	129	377930627	378441730	"Gb_29835"
5	181	372195935.5	129	372195745	372196126	"Gb_24331"
9	181	620646540	129	620639180	620653900	"Gb_04365"
5	1714	358253561	129	358229272	358277850	"Gb_20442"
5	2316	625921625	131	625918521	625924729	"Gb_21223"
5	6483	720706090	131	720704270	720707910	"Gb_35737"
5	1809	576280385	131	576065124	576495646	"Gb_13934"
5	1809	600316461.5	131	600314906	600318017	"Gb_15614"
5	3108	572137277	131	572132793	572141761	"Gb_39640"
7	819	70710358.5	135	70708811	70711906	"Gb_24319"
1	1550	867174572.5	136	867172868	867176277	"Gb_31218"
3	5112	513863933.5	136	513863694	513864173	"Gb_40443"
11	1869	167690187	136	167688768	167691606	"Gb_31981"
7	1869	193525674.5	136	193524288	193527061	"Gb_37149"
3	1869	514274238.5	136	514273216	514275261	"Gb_40445"
4	3976	716135458	137	716134459	716136457	"Gb_15752"
1	2791	307835156	137	307808157	307862155	"Gb_37388"
9	2606	147639009	139	147582049	147695969	"Gb_18396"
11	1060	45560547	140	45559672	45561422	"Gb_00233"
11	1033	9592235	140	9590543	9593927	"Gb_21846"
10	1033	459793541	140	459766919	459820163	"Gb_00177"
1	1053	346749832.5	140	346745538	346754127	"Gb_40480"
1	725	350488130.5	140	350487298	350488963	"Gb_01398"
7	618	267029762.5	141	267029079	267030446	"Gb_26781"
5	3364	567459187	143	567301378	567616996	"Gb_05040"
1	224	852051198	143	852049815	852052581	"Gb_17190"
2	224	382334852	143	382332874	382336830	"Gb_28585"
10	1839	690013249	144	690011917	690014581	"Gb_37263"
10	5168	636117023.5	144	636115392	636118655	"Gb_12687"
2	773	545542542.5	145	545541284	545543801	"Gb_27949"
5	1004	508668058	146	508548422	508787694	"Gb_00308"
5	6250	443240566	146	443166334	443314798	"Gb_26617"
5	933	441136694.5	146	441075033	441198356	"Gb_29434"
5	2901	617054693	146	617051529	617057857	"Gb_05803"
12	1136	566220003	147	566118283	566321723	"Gb_41703"
7	31	563718577	147	563717412	563719742	"Gb_27566"
7	621	122042390	148	122041028	122043752	"Gb_26177"
10	228	59821191	148	59748638	59893744	"Gb_33904"
7	5830	374891306	150	374752657	375029955	"Gb_12362"
3	641	742515775	150	742313601	742717949	"Gb_03750"
1	3248	930475051	151	930300884	930649218	"Gb_41462"
11	120	320820525	152	320758588	320882462	"Gb_09525"
11	120	546155610.5	152	546072106	546239115	"Gb_06732"
3	1856	474730756	153	474727793	474733719	"Gb_16184"
4	5437	146152724	156	146150113	146155335	"Gb_05670"
6	3203	373928022	157	373926694	373929350	"Gb_03851"
8	2516	699597913	157	699597294	699598532	"Gb_14501"
8	992	380536698	157	380536294	380537102	"Gb_37623"
8	1988	381618328.5	157	381618074	381618583	"Gb_37616"
8	13	454265626	157	454228259	454302993	"Gb_30667"
6	752	673804216.5	160	673803494	673804939	"Gb_37354"
1	2127	347995995	160	347995465	347996525	"Gb_09983"
11	1961	78151321	161	78150813	78151829	"Gb_03362"
11	3485	85551180	161	85547729	85554631	"Gb_07831"
1	3911	787329779	163	787267476	787392082	"Gb_02313"
5	2177	452734861	164	452733478	452736244	"Gb_15789"
7	2177	77270213.5	164	77268966	77271461	"Gb_23149"
7	5753	401329251	164	401235222	401423280	"Gb_00946"
4	915	435973213.5	165	435970690	435975737	"Gb_00678"
10	1656	595622832.5	167	595318408	595927257	"Gb_21411"
6	897	358062764	167	358039869	358085659	"Gb_20472"
7	960	30319285	170	30306990	30331580	"Gb_35164"
7	960	25188510.5	170	25185456	25191565	"Gb_26323"
7	3077	36944348	170	36943825	36944871	"Gb_02451"
9	435	535398657	171	535397885	535399429	"Gb_02796"
12	719	542900280.5	172	542898188	542902373	"Gb_40051"
7	3878	239139543	174	239045456	239233630	"Gb_22473"
7	840	240397640.5	174	240360025	240435256	"Gb_02960"
6	1272	205856641.5	174	205776624	205936659	"Gb_07886"
2	5094	514558040	177	514557292	514558788	"Gb_15293"
11	1754	627174945	177	627172996	627176894	"Gb_09644"
5	2776	321491733.5	178	321457780	321525687	"Gb_11002"
3	1571	395983496	179	395925433	396041559	"Gb_21741"
3	5773	396194636.5	179	396190792	396198481	"Gb_21740"
3	1764	279313892	179	279284016	279343768	"Gb_00228"
12	3899	51013168	181	51011274	51015062	"Gb_34864"
12	5590	43807848.5	181	43798878	43816819	"Gb_35087"
1	2731	105747865	182	105746389	105749341	"Gb_21027"
10	2731	146508161	182	146506369	146509953	"Gb_26728"
4	893	128418209.5	183	128417758	128418661	"Gb_00686"
4	893	128379144	183	128378814	128379474	"Gb_00687"
4	893	126966388	183	126965118	126967658	"Gb_00702"
5	5719	356424767	183	356349632	356499902	"Gb_27628"
5	5366	537316021	187	537265524	537366518	"Gb_32422"
5	531	540068157	187	539997173	540139141	"Gb_32070"
5	4330	548171623.5	187	548171392	548171855	"Gb_07999"
2	1408	689121273.5	187	689119198	689123349	"Gb_26434"
12	1131	171387454.5	188	171134368	171640541	"Gb_13142"
12	1169	180024230	188	179890949	180157511	"Gb_25229"
12	1169	192915233.5	188	192844227	192986240	"Gb_10012"
12	550	218520099	188	218379596	218660602	"Gb_30141"
9	1331	264669922.5	189	264669308	264670537	"Gb_13865"
9	3318	643408790.5	189	643407918	643409663	"Gb_39420"
3	3233	519957969.5	191	519845973	520069966	"Gb_36362"
12	2589	624631103	193	624568275	624693931	"Gb_29233"
10	2720	343687931.5	197	343639539	343736324	"Gb_06339"
2	716	445703660.5	199	445701134	445706187	"Gb_40858"
2	743	444199233	199	444183673	444214793	"Gb_00154"
3	667	351440596	201	351271346	351609846	"Gb_18863"
3	667	305942169	201	305939716	305944622	"Gb_14221"
3	675	351979105.5	201	351976622	351981589	"Gb_18862"
3	2089	356010150.5	201	356005299	356015002	"Gb_21315"
12	6855	103129079.5	205	103127790	103130369	"Gb_40006"
3	176	5950859	208	5950225	5951493	"Gb_40693"
10	176	344927425	208	344915929	344938921	"Gb_25567"
1	1964	651166767	210	651164226	651169308	"Gb_14741"
1	418	657285956.5	210	657200833	657371080	"Gb_13237"
1	617	661774567.5	210	661697761	661851374	"Gb_14475"
4	6414	476222716.5	210	476217283	476228150	"Gb_04922"
4	6414	482014895	210	482012295	482017495	"Gb_31983"
5	8	442375770.5	214	442374242	442377299	"Gb_06534"
5	1153	429990723	214	429990295	429991151	"Gb_08422"
5	3289	432712949	214	432707324	432718574	"Gb_24881"
10	1749	661303763	215	661280736	661326790	"Gb_14413"
10	194	666839739.5	215	666829809	666849670	"Gb_39746"
10	1838	677355391.5	215	677226765	677484018	"Gb_08675"
10	1625	255026814	216	255025948	255027680	"Gb_11676"
7	4235	425636847	217	425540019	425733675	"Gb_40341"
11	4236	358180062.5	217	358178027	358182098	"Gb_11963"
7	4236	416732409	217	416731156	416733662	"Gb_35746"
7	794	367131927.5	217	367057379	367206476	"Gb_16302"
7	8341	362978997	217	362948922	363009072	"Gb_25569"
4	297	214844621	219	214842014	214847228	"Gb_38457"
5	2480	374266551	219	374127934	374405168	"Gb_40287"
5	3368	363216160	219	362977180	363455140	"Gb_35553"
5	1403	659754805	219	659753622	659755988	"Gb_33996"
5	221	500592650	221	500534601	500650699	"Gb_01736"
5	534	506471841	221	506459112	506484570	"Gb_06607"
1	1881	220657077.5	221	220655932	220658223	"Gb_10452"
8	4293	50919918	222	50916615	50923221	"Gb_14334"
9	1447	333907911	222	333897350	333918472	"Gb_29159"
2	1447	339944279.5	222	339926611	339961948	"Gb_37034"
1	1052	345790122.5	223	345750677	345829568	"Gb_40475"
6	1052	24794705.5	223	24793082	24796329	"Gb_38130"
4	2761	303263280	224	303261187	303265373	"Gb_10055"
2	1150	142573393	225	142562055	142584731	"Gb_15362"
11	2040	550946053.5	225	550838508	551053599	"Gb_10986"
9	276	21010913.5	227	21010010	21011817	"Gb_30583"
1	2859	921820821	232	921818962	921822680	"Gb_24464"
10	28	51476127.5	234	51258185	51694070	"Gb_15844"
3	3089	159411804	235	159334830	159488778	"Gb_08881"
4	2874	652475526	236	652444304	652506748	"Gb_20939"
2	2872	551692054	236	551667813	551716295	"Gb_18297"
2	1537	446625594.5	236	446623818	446627371	"Gb_09800"
2	1537	448707427	236	448677990	448736864	"Gb_09808"
12	1214	98277395.5	237	98245179	98309612	"Gb_17271"
1	5631	851031264	238	851005080	851057448	"Gb_17179"
1	1350	846636766	238	846636234	846637298	"Gb_32002"
1	3637	846380282	238	846303560	846457004	"Gb_13536"
1	1142	793917255.5	239	793822150	794012361	"Gb_36147"
12	5585	106317777	239	106231604	106403950	"Gb_29637"
7	3639	7941979.5	240	7931455	7952504	"Gb_23817"
7	3287	11935616	240	11879113	11992119	"Gb_25885"
5	959	344437478	242	344430312	344444644	"Gb_05868"
4	892	116968902	242	116966098	116971706	"Gb_26958"
4	2981	78059736	242	77993517	78125955	"Gb_21290"
1	681	103536982	247	103347365	103726599	"Gb_03820"
1	144	NA	247	1128004617	1128028519	"Gb_17071"
12	3473	178495570.5	248	178436238	178554903	"Gb_31921"
