1	254	175866584.5	0	175865074	175868095	"gene918"
1	474	369337162.5	0	369310555	369363770	"gene2091"
2	969	270094514	0	270093972	270095056	"gene6430"
10	958	217934363.5	0	217924716	217944011	"gene35532"
10	449	219787955	0	219787514	219788396	"gene35542"
1	960	274494678.5	0	274487431	274501926	"gene1610"
3	3017	431073729	0	430964642	431182816	"gene11211"
3	1374	141036264	0	141036032	141036496	"gene9937"
11	125	115189639	0	115174515	115204763	"gene38446"
4	2112	186290777	0	186276352	186305202	"gene14483"
4	1940	252795286	0	252794062	252796510	"gene14778"
1	1946	684870562.5	0	684861493	684879632	"gene3619"
4	1946	330471883	0	330462306	330481460	"gene15155"
9	1946	263538234	0	263524720	263551748	"gene32533"
10	1946	334087881	0	334085970	334089792	"gene35965"
5	1946	390680123	0	390487190	390873056	"gene19201"
8	2243	568476828	1	568473265	568480391	"gene30580"
8	3369	213135262	1	213134888	213135636	"gene29003"
4	3377	704515178.5	1	704501431	704528926	"gene17184"
5	2431	523076660	1	523026745	523126575	"gene19740"
10	3778	554703594	1	554701098	554706090	"gene37055"
10	1036	585829884.5	1	585820723	585839046	"gene37193"
10	1036	587926208.5	1	587922253	587930164	"gene37207"
10	3370	608148663	1	608137359	608159967	"gene37311"
10	1052	587494201	1	587485894	587502508	"gene37203"
2	1961	800493149.5	1	800492640	800493659	"gene8846"
3	5629	211428845	1	211416243	211441447	"gene10295"
2	5629	832636391	1	832633018	832639764	"gene9002"
2	1200	292352603.5	1	292342332	292362875	"gene6503"
2	1215	106346755	1	106337832	106355678	"gene5642"
4	6395	258664056.5	1	258663448	258664665	"gene14809"
8	453	485202299	2	485195969	485208629	"gene30145"
11	719	440511833.5	2	440504442	440519225	"gene39978"
5	137	472917324	2	472917038	472917610	"gene19519"
3	7644	718020087.5	2	718018560	718021615	"gene12759"
5	4774	64368709	2	64365032	64372386	"gene17638"
5	1486	136438112	2	136435935	136440289	"gene18087"
5	3597	312692799	2	312689444	312696154	"gene18866"
11	2147	360403187.5	2	360402424	360403951	"gene39541"
11	3454	358251771	2	358237702	358265840	"gene39522"
11	4249	335980947.5	2	335973089	335988806	"gene39436"
4	1469	29958336.5	2	29950762	29965911	"gene13622"
4	459	313241163.5	3	313200946	313281381	"gene15066"
11	269	435107521.5	3	435105626	435109417	"gene39952"
4	1809	680074753	3	680070080	680079426	"gene17019"
4	1809	628432788	3	628425004	628440572	"gene16705"
4	1809	628554060.5	3	628550597	628557524	"gene16707"
4	1014	659963022.5	3	659953258	659972787	"gene16904"
4	2316	635935121	3	635772888	636097354	"gene16736"
1	2316	723819126.5	3	723800088	723838165	"gene3794"
1	2316	724059515.5	3	724050141	724068890	"gene3797"
4	5805	258753940	3	258753714	258754166	"gene14810"
4	1930	254967794	3	254963565	254972023	"gene14796"
4	1930	255697938	3	255691505	255704371	"gene14801"
4	2111	202040998.5	3	201989016	202092981	"gene14563"
4	1931	206766523	3	206668462	206864584	"gene14591"
4	3284	228917618.5	3	228917098	228918139	"gene14663"
4	1540	259495370	3	259489723	259501017	"gene14814"
2	9270	199173220.5	3	199108207	199238234	"gene6170"
8	398	95545605	3	95544818	95546392	"gene28392"
6	398	625319423.5	3	625315965	625322882	"gene24060"
2	5228	19738465.5	3	19735916	19741015	"gene5243"
5	4206	526817273	3	526816252	526818294	"gene19761"
2	4206	354109433.5	3	354107944	354110923	"gene6720"
4	3266	336228711.5	4	336220309	336237114	"gene15172"
4	1774	227014404	4	227012828	227015980	"gene14652"
4	1932	27229479	4	27210185	27248773	"gene13595"
5	5589	11420755.5	4	11415362	11426149	"gene17382"
4	788	195432506.5	4	195400446	195464567	"gene14527"
4	4252	193233354.5	4	193108697	193358012	"gene14513"
3	2084	702751556	4	702693004	702810108	"gene12679"
4	1107	475691660	4	475677274	475706046	"gene15801"
5	332	492244830	4	492226029	492263631	"gene19616"
5	1105	500041365	4	500035640	500047090	"gene19656"
11	1393	93236757.5	4	93235646	93237869	"gene38311"
4	6651	477095959.5	4	477092756	477099163	"gene15815"
1	320	926111020	4	926096717	926125323	"gene4776"
1	4824	729759117	4	729757429	729760805	"gene3817"
1	1697	731745283.5	4	731721863	731768704	"gene3822"
1	3639	186187579	5	186182194	186192964	"gene1007"
10	815	49225438.5	5	49224340	49226537	"gene34698"
10	1333	34404624	5	34397651	34411597	"gene34617"
10	1346	101638329	5	101601828	101674830	"gene35011"
3	426	549991643	6	549991358	549991928	"gene11756"
1	352	149794657.5	6	149793614	149795701	"gene772"
8	1266	12287883.5	6	12283737	12292030	"gene27853"
5	1266	24052073	6	24050537	24053609	"gene17458"
11	1234	26191375	6	26185354	26197396	"gene37824"
10	2789	473938958.5	7	473923506	473954411	"gene36598"
5	4842	298079817.5	7	298002892	298156743	"gene18815"
5	4734	331067205	7	331046605	331087805	"gene18951"
5	4304	340776270	7	340767164	340785376	"gene18989"
10	1053	586771900	8	586768603	586775197	"gene37201"
10	5763	557876345.5	8	557875054	557877637	"gene37064"
5	2467	525391193.5	8	525382100	525400287	"gene19753"
5	2473	531488475.5	8	531476286	531500665	"gene19777"
8	297	27193687	8	27192860	27194514	"gene27994"
4	1404	697268368	8	697259383	697277353	"gene17140"
8	1072	37176961	8	37163207	37190715	"gene28045"
8	2766	45417276	8	45415108	45419444	"gene28106"
10	1411	531539260.5	9	531521982	531556539	"gene36897"
6	410	622475956	9	622475289	622476623	"gene24042"
6	1264	623801509.5	9	623737302	623865717	"gene24051"
6	2827	601722562.5	9	601722309	601722816	"gene23923"
6	3079	439013497	9	439010859	439016135	"gene23172"
7	3817	618244822.5	10	618238972	618250673	"gene27416"
7	2527	642519185	10	642516525	642521845	"gene27653"
7	3741	608069395	10	608066634	608072156	"gene27358"
7	3758	645980686	10	645979818	645981554	"gene27693"
7	2392	645265334.5	10	645238866	645291803	"gene27684"
6	228	632582446	10	632563925	632600967	"gene24117"
1	621	612634723	10	612633556	612635890	"gene3301"
8	994	49027734	10	49008711	49046757	"gene28127"
8	3774	257813427.5	11	257813245	257813610	"gene29200"
5	1208	15959567	11	15958078	15961056	"gene17403"
1	1754	148947832.5	11	148935882	148959783	"gene764"
1	1754	148972600	11	148968939	148976261	"gene765"
1	3126	149516122	11	149511865	149520379	"gene771"
8	181	384807970	12	384807783	384808157	"gene29692"
8	219	37585009.5	12	37583936	37586083	"gene28050"
8	892	98351383	12	98330197	98372569	"gene28408"
8	1528	8088398	12	8087297	8089499	"gene27839"
8	2655	10346808.5	12	10219341	10474276	"gene27845"
8	3784	10616564.5	12	10615888	10617241	"gene27846"
5	6201	673970409	12	673879372	674061446	"gene20542"
6	555	190128568.5	14	190113878	190143259	"gene21929"
6	2336	192191795	14	192190881	192192709	"gene21938"
6	2335	195204560.5	14	195136519	195272602	"gene21956"
1	3288	192015798.5	15	192014165	192017432	"gene1038"
10	154	30089743	15	30087971	30091515	"gene34601"
1	505	274460900	16	274459053	274462747	"gene1609"
7	505	251402892.5	16	251388676	251417109	"gene25693"
6	155	35503591.5	16	35498185	35508998	"gene21017"
6	3055	35282851.5	16	35281091	35284612	"gene21016"
6	7867	32679754	16	32677101	32682407	"gene20993"
6	6731	19448595.5	16	19448036	19449155	"gene20843"
7	266	639265060.5	17	639263350	639266771	"gene27621"
6	373	20819798.5	17	20813540	20826057	"gene20852"
6	373	14888829.5	17	14887764	14889895	"gene20794"
6	373	16843581	17	16843044	16844118	"gene20824"
6	2838	48406310.5	17	48397242	48415379	"gene21135"
6	1506	49368277	17	49344615	49391939	"gene21152"
6	3974	58947660.5	17	58931355	58963966	"gene21206"
6	372	26273243.5	17	26271672	26274815	"gene20910"
3	2327	272788464	17	272780584	272796344	"gene10547"
3	5467	284214187.5	17	284148657	284279718	"gene10578"
1	548	607986629	18	607973547	607999711	"gene3273"
5	4	101406081	18	101376813	101435349	"gene17863"
3	32	799870310	18	799846041	799894579	"gene13213"
3	4562	427323496.5	18	427320531	427326462	"gene11191"
7	613	640839273.5	18	640838989	640839558	"gene27637"
3	6182	413486574.5	18	413464122	413509027	"gene11128"
8	4066	227107505.5	19	227107245	227107766	"gene29070"
6	1919	66875857	19	66875466	66876248	"gene21256"
7	612	643327439	19	643292011	643362867	"gene27658"
7	2391	649833008.5	19	649793901	649872116	"gene27719"
3	610	104474780	19	104470902	104478658	"gene9780"
3	552	105869550	19	105833664	105905436	"gene9786"
3	1989	57116950	19	57106339	57127561	"gene9551"
3	1989	96460288.5	19	96452841	96467736	"gene9747"
7	1990	607598951.5	19	607592105	607605798	"gene27357"
7	2565	607240601	19	607238875	607242327	"gene27355"
5	1627	518662754.5	20	518635231	518690278	"gene19715"
6	258	89598128	20	89590335	89605921	"gene21375"
6	265	118580966	20	118574501	118587431	"gene21609"
6	8950	62265899	20	62260541	62271257	"gene21216"
6	5713	63923402.5	20	63917524	63929281	"gene21234"
6	3056	14681705	21	14656312	14707098	"gene20792"
6	1795	36806368	21	36805328	36807408	"gene21023"
11	1516	109656772.5	22	109535986	109777559	"gene38417"
3	199	697520492	22	697518878	697522106	"gene12656"
3	1693	756636975.5	22	756558118	756715833	"gene12966"
3	2232	761363090	22	761327763	761398417	"gene12981"
3	2232	732080827.5	22	732054776	732106879	"gene12851"
1	160	143917314.5	22	143915552	143919077	"gene744"
1	160	135249456	22	135246498	135252414	"gene709"
3	160	777176733	22	777168922	777184544	"gene13084"
7	160	66732223	22	66722342	66742104	"gene24900"
1	876	686432311.5	22	686430125	686434498	"gene3626"
5	1927	498136619.5	22	498133353	498139886	"gene19648"
5	1927	492055766.5	22	492050910	492060623	"gene19612"
5	5335	463882327	22	463866481	463898173	"gene19492"
4	2298	489791987	22	489782993	489800981	"gene15880"
4	2298	489818732	22	489818292	489819172	"gene15881"
11	3791	76233375.5	22	76221216	76245535	"gene38180"
11	3791	74851462.5	22	74795794	74907131	"gene38168"
11	4242	29707218	22	29673618	29740818	"gene37848"
11	3959	30716445	22	30709192	30723698	"gene37862"
11	2756	73816217	22	73786652	73845782	"gene38159"
11	3967	75695610.5	22	75662092	75729129	"gene38175"
6	2949	379583022	23	379581769	379584275	"gene22828"
6	2402	377002888	23	377000892	377004884	"gene22802"
6	3104	374982861.5	23	374936785	375028938	"gene22791"
6	6787	373370674.5	23	373370405	373370944	"gene22785"
6	186	420151828.5	23	420150067	420153590	"gene23069"
6	2948	439193516.5	23	439186754	439200279	"gene23176"
6	2898	440498365	23	440497283	440499447	"gene23180"
2	1199	104120153.5	23	104103685	104136622	"gene5631"
2	1216	294691685.5	23	294625996	294757375	"gene6512"
2	5440	27013122	23	27005493	27020751	"gene5268"
11	2589	336687486	24	336670603	336704369	"gene39446"
6	2589	663133814	24	663132517	663135111	"gene24403"
11	2588	337711022	24	337674684	337747360	"gene39456"
9	1816	579610667.5	24	579607822	579613513	"gene33911"
3	4129	145913379.5	25	145900519	145926240	"gene9963"
10	1856	186154362.5	25	186152083	186156642	"gene35393"
10	1856	184625958	25	184622656	184629260	"gene35378"
10	1857	174280457	25	174269034	174291880	"gene35360"
10	5112	231174613	25	231173909	231175317	"gene35602"
2	1869	693763969.5	25	693762903	693765036	"gene8313"
10	3472	225495039.5	25	225481969	225508110	"gene35572"
1	3472	662197348.5	25	662196003	662198694	"gene3507"
1	902	977309079	26	977308649	977309509	"gene5078"
3	905	774340547.5	26	774336988	774344107	"gene13066"
1	3206	678563284.5	26	678474639	678651930	"gene3577"
5	1696	499357681.5	26	499351693	499363670	"gene19651"
1	2266	683653179	26	683633832	683672526	"gene3607"
1	4320	684102133.5	26	684079922	684124345	"gene3613"
3	859	642617764	26	642611743	642623785	"gene12346"
3	875	642481106	26	642476323	642485889	"gene12342"
2	35	272509522.5	27	272490425	272528620	"gene6433"
2	39	242967601.5	27	242953936	242981267	"gene6338"
6	2510	186009243.5	28	185994496	186023991	"gene21900"
6	2812	32069548	28	32067359	32071737	"gene20984"
6	1254	25666699	28	25655482	25677916	"gene20908"
6	413	49207301	28	49206838	49207764	"gene21150"
10	2869	229435430.5	29	229434411	229436450	"gene35594"
11	728	261374110	29	261276838	261471382	"gene39071"
11	4158	262425566	29	262391568	262459564	"gene39076"
7	3610	52853903.5	29	52851440	52856367	"gene24823"
7	746	53268827.5	29	53264006	53273649	"gene24827"
9	4114	518415207.5	30	518405537	518424878	"gene33609"
11	3714	3423187.5	30	3420209	3426166	"gene37572"
4	997	599913802	31	599912814	599914790	"gene16573"
5	224	312268908	31	312267072	312270744	"gene18865"
3	2678	776514166	31	776499460	776528872	"gene13078"
1	144	757057349.5	31	757051724	757062975	"gene3929"
1	3914	759787624.5	31	759736975	759838274	"gene3948"
1	71	885852507	31	885833663	885871351	"gene4492"
6	3352	423778362	32	423777600	423779124	"gene23092"
6	6106	420330274	32	420330111	420330437	"gene23071"
8	1911	210161417	32	210161155	210161679	"gene28980"
6	1911	661259573	32	661250458	661268688	"gene24388"
6	1912	452735026.5	32	452734368	452735685	"gene23214"
6	1912	452670117	32	452661445	452678789	"gene23213"
6	3355	415044198.5	32	414968609	415119788	"gene23044"
6	176	508137925	32	508132127	508143723	"gene23475"
6	1419	499692621	32	499674625	499710617	"gene23424"
6	5230	493398487	32	493398296	493398678	"gene23403"
6	1221	567599015	32	567573102	567624928	"gene23779"
9	1221	20423894	32	20423554	20424234	"gene31290"
8	2718	52350271.5	33	52349606	52350937	"gene28140"
8	1359	44334447.5	33	44334151	44334744	"gene28095"
8	1073	44140202	33	44087081	44193323	"gene28091"
8	2737	47185481.5	33	47167368	47203595	"gene28120"
8	1083	137299940	33	137283749	137316131	"gene28596"
8	1082	132460920	33	132389905	132531935	"gene28566"
8	2413	190213389	33	190047862	190378916	"gene28874"
8	2414	189585476.5	33	189575878	189595075	"gene28871"
8	6558	192398170	33	192390155	192406185	"gene28891"
8	2417	192681728	33	192681411	192682045	"gene28895"
1	2105	938535027	34	938526511	938543543	"gene4851"
1	822	817754335.5	34	817745007	817763664	"gene4178"
1	3574	979069908	34	979069655	979070161	"gene5091"
1	2191	884793246	34	884781727	884804765	"gene4483"
8	4582	431934663	35	431892837	431976489	"gene29908"
4	4783	328340280.5	35	328338991	328341570	"gene15148"
4	1531	183999034.5	35	183997863	184000206	"gene14464"
4	3264	195231136.5	35	195212289	195249984	"gene14526"
4	4876	228222780	35	228049892	228395668	"gene14654"
1	284	693635194	36	693614331	693656057	"gene3664"
1	1396	685378661	36	685375476	685381846	"gene3624"
4	2960	256637540.5	36	256636664	256638417	"gene14802"
4	145	363919138	36	363917958	363920318	"gene15277"
1	681	934710743.5	36	934698652	934722835	"gene4829"
6	1282	535459182	37	535454463	535463901	"gene23618"
6	2846	488660766.5	37	488650240	488671293	"gene23390"
6	1418	602862352	37	602827261	602897443	"gene23932"
6	1418	600839349	37	600819999	600858699	"gene23918"
6	2576	623524506	37	623518057	623530955	"gene24047"
10	3233	227532411	37	227526569	227538253	"gene35577"
10	1673	230681824.5	37	230674851	230688798	"gene35600"
9	1057	420859037.5	39	420824972	420893103	"gene33187"
2	1362	542782392.5	39	542775963	542788822	"gene7604"
11	1378	92057324.5	39	92054621	92060028	"gene38297"
11	1378	94182128.5	39	94148963	94215294	"gene38317"
7	5792	654641061.5	40	654618591	654663532	"gene27766"
7	5522	620273755.5	40	620263067	620284444	"gene27439"
7	1311	620480964	40	620438649	620523279	"gene27443"
7	6258	626522407	40	626521483	626523331	"gene27496"
7	10179	626680765	40	626673523	626688007	"gene27499"
7	5124	621954066.5	40	621941079	621967054	"gene27452"
7	1312	603968971.5	40	603946332	603991611	"gene27330"
7	4276	620395605.5	40	620388228	620402983	"gene27441"
7	3644	643912933.5	40	643877221	643948646	"gene27669"
9	2606	552005470	41	551976490	552034450	"gene33757"
3	2772	793352185.5	41	793332310	793372061	"gene13163"
11	4611	24503476.5	41	24499589	24507364	"gene37806"
2	1220	821189210	41	821165720	821212700	"gene8938"
2	1219	820597322.5	41	820593406	820601239	"gene8933"
2	3485	809115415.5	41	809113267	809117564	"gene8874"
1	3006	836500773.5	42	836500033	836501514	"gene4268"
1	872	958503354.5	42	958498791	958507918	"gene4951"
3	1882	756387627.5	42	756379820	756395435	"gene12964"
1	1923	960038791.5	42	960014877	960062706	"gene4963"
9	1839	3838392	43	3832700	3844084	"gene31218"
9	1749	69656184.5	43	69644772	69667597	"gene31618"
9	899	42818549	43	42804017	42833081	"gene31464"
9	899	33408781	43	33396931	33420631	"gene31387"
9	168	127479426	43	127478666	127480186	"gene31991"
7	167	4877331	43	4876082	4878580	"gene24564"
7	897	397528769.5	43	397512613	397544926	"gene26287"
3	87	775753437.5	44	775751000	775755875	"gene13076"
10	1379	228883679	45	228882151	228885207	"gene35591"
5	1389	379820771	45	379791555	379849987	"gene19143"
5	5636	383453757	45	383423733	383483781	"gene19166"
11	1408	28677813.5	45	28675855	28679772	"gene37844"
8	1455	161559099	46	161556695	161561503	"gene28722"
1	6170	143093105	47	143011495	143174715	"gene738"
4	2199	403853932.5	47	403845984	403861881	"gene15439"
11	2584	26896810	48	26864396	26929224	"gene37829"
2	1772	853762756	48	853760210	853765302	"gene9099"
2	3137	303627044	48	303626454	303627634	"gene6539"
2	6855	102997686.5	48	102996056	102999317	"gene5620"
2	3404	158003726.5	48	157996733	158010720	"gene5953"
9	881	57780292	49	57779173	57781411	"gene31539"
9	1840	8760888	49	8760719	8761057	"gene31246"
9	3188	8302829	49	8273835	8331823	"gene31244"
9	1887	66178941.5	49	66178129	66179754	"gene31590"
9	2053	624196560.5	50	624194140	624198981	"gene34189"
9	2053	624101928	50	624096360	624107496	"gene34188"
11	594	49823646.5	50	49821992	49825301	"gene38014"
11	5539	46664739.5	50	46658991	46670488	"gene37989"
1	6243	140530081.5	51	140528613	140531550	"gene721"
4	991	93642755.5	52	93631488	93654023	"gene14007"
4	13	29019181	52	28998113	29040249	"gene13610"
4	2503	22010253	52	22000698	22019808	"gene13585"
5	2872	44535879	53	44525811	44545947	"gene17553"
4	1183	634647932	54	634647760	634648104	"gene16734"
4	1794	676206948	54	676195841	676218055	"gene16994"
4	1766	423310608.5	54	423305694	423315523	"gene15548"
4	2323	244774579	54	244769518	244779640	"gene14744"
9	2149	532212745	55	532207361	532218129	"gene33693"
11	771	436456433.5	55	436246908	436665959	"gene39961"
2	120	522908578.5	55	522884901	522932256	"gene7522"
2	527	520299073	55	520296263	520301883	"gene7505"
11	1483	429063048	55	429054176	429071920	"gene39891"
11	3388	94416605.5	56	94381671	94451540	"gene38318"
2	1117	858216000	56	858212695	858219305	"gene9126"
11	5618	168579602	56	168579232	168579972	"gene38693"
11	1136	410290450.5	57	410247791	410333110	"gene39776"
3	939	804810832.5	57	804780120	804841545	"gene13237"
3	2377	804514537.5	57	804497272	804531803	"gene13235"
9	2377	628855045	57	628852332	628857758	"gene34235"
5	2328	102686295	57	102685165	102687425	"gene17869"
5	2002	71254431.5	57	71253341	71255522	"gene17675"
5	5	68529878.5	57	68529293	68530464	"gene17655"
5	940	127170347.5	57	127168681	127172014	"gene18041"
5	6071	336158910	58	336157800	336160020	"gene18975"
8	2740	214942901.5	58	214941433	214944370	"gene29017"
5	2740	344180687	58	344179070	344182304	"gene19003"
5	1382	531729347	58	531726151	531732543	"gene19779"
8	2480	383513045	58	383364467	383661623	"gene29690"
8	2092	143682593	59	143662412	143702774	"gene28611"
7	3058	639058858	60	639046005	639071711	"gene27617"
6	1798	88162167	60	88156923	88167411	"gene21366"
6	1797	89465865.5	60	89464942	89466789	"gene21374"
6	5342	118449888	60	118447187	118452589	"gene21608"
6	1574	31015660.5	60	31009593	31021728	"gene20976"
6	6745	33246934.5	60	33221311	33272558	"gene20997"
6	4398	16602474.5	60	16590395	16614554	"gene20815"
6	9172	62997665	60	62996477	62998853	"gene21221"
8	1648	147256771	61	147243225	147270317	"gene28635"
8	1647	303092552	61	303084946	303100158	"gene29399"
8	5654	45326413.5	61	45326081	45326746	"gene28104"
3	3666	10902098	62	10720492	11083704	"gene9282"
3	840	497246317	62	497244323	497248311	"gene11459"
3	3482	489735097	62	489734696	489735498	"gene11432"
3	4289	106451116.5	62	106446177	106456056	"gene9793"
3	795	497862486.5	62	497695202	498029771	"gene11461"
4	1567	262196641	63	262188074	262205208	"gene14837"
4	6483	660886565	63	660885473	660887657	"gene16914"
4	1634	677905560	63	677889637	677921483	"gene17012"
4	1810	677720610.5	63	677695789	677745432	"gene17011"
4	471	504614143.5	63	504605197	504623090	"gene15966"
11	1826	434443994	63	434398006	434489982	"gene39944"
8	2971	632203067	64	632173511	632232623	"gene31020"
8	183	529544089.5	64	529542103	529546076	"gene30414"
8	1743	516703948	64	516701227	516706669	"gene30349"
8	185	512666962	64	512664235	512669689	"gene30315"
8	1821	488547734.5	64	488537584	488557885	"gene30155"
3	355	554102391	65	554101990	554102792	"gene11777"
1	2423	695171722.5	65	695162683	695180762	"gene3672"
1	1395	694383537.5	65	694382947	694384128	"gene3669"
1	2731	934358945	65	934357406	934360484	"gene4824"
6	2731	487065697.5	65	487055347	487076048	"gene23373"
2	964	772452254	67	772447079	772457429	"gene8704"
1	913	816971899.5	68	816925370	817018429	"gene4173"
1	1845	979555051	68	979545397	979564705	"gene5097"
5	1745	459520729	68	459441879	459599579	"gene19470"
1	1730	818946454	68	818866074	819026834	"gene4186"
1	1730	819104235.5	68	819055658	819152813	"gene4188"
1	3356	831218659.5	68	831194689	831242630	"gene4238"
10	4854	48743165.5	69	48738762	48747569	"gene34695"
8	3904	15398442	70	15386100	15410784	"gene27873"
6	663	350878563.5	71	350876285	350880842	"gene22681"
8	663	434944123.5	71	434940698	434947549	"gene29918"
10	703	551922668	72	551914981	551930355	"gene37036"
10	766	505713890	72	505708522	505719258	"gene36760"
11	1493	244632039	72	244627117	244636961	"gene38989"
4	5482	604315139.5	73	604313143	604317136	"gene16588"
4	930	685102250	73	685097376	685107124	"gene17058"
4	1002	675278111.5	73	675263279	675292944	"gene16989"
11	534	262171108	73	262077004	262265212	"gene39075"
4	534	454494186.5	73	454474410	454513963	"gene15673"
4	3364	614759384.5	73	614756429	614762340	"gene16644"
4	3364	614684250	73	614682721	614685779	"gene16643"
9	1276	415414568	74	415408119	415421017	"gene33168"
9	4394	414083804.5	74	414083318	414084291	"gene33161"
9	4832	424844158.5	74	424832200	424856117	"gene33201"
8	4392	179749942.5	74	179749598	179750287	"gene28808"
4	2390	244976851.5	75	244909949	245043754	"gene14745"
4	2066	427180547	75	427173507	427187587	"gene15568"
4	4330	599134529.5	75	599011979	599257080	"gene16565"
4	7591	607951382.5	75	607944822	607957943	"gene16604"
10	6426	584186452.5	76	584186072	584186833	"gene37176"
10	2852	534515032	76	534505076	534524988	"gene36918"
10	1525	563045050.5	76	563042352	563047749	"gene37070"
10	153	30870786	77	30869583	30871989	"gene34604"
10	1334	33757435.5	77	33755437	33759434	"gene34616"
9	2439	71199673	78	71194275	71205071	"gene31630"
11	1980	2050539	80	2041601	2059477	"gene37551"
11	2340	2311628.5	80	2310523	2312734	"gene37557"
11	1164	899431.5	80	894563	904300	"gene37536"
9	901	91832972.5	81	91826086	91839859	"gene31773"
10	2791	627625140	82	627614297	627635983	"gene37490"
3	914	698489556.5	82	698489184	698489929	"gene12661"
7	1246	14830040	83	14821089	14838991	"gene24636"
7	1223	13217775.5	83	13210188	13225363	"gene24625"
1	2177	448175543	84	448173812	448177274	"gene2467"
10	4830	45878290.5	84	45875373	45881208	"gene34676"
7	3547	602554726	85	602552505	602556947	"gene27314"
4	992	318159744.5	85	318087945	318231544	"gene15093"
4	1988	315402488.5	85	315401749	315403228	"gene15083"
4	1988	315379421.5	85	315379174	315379669	"gene15082"
4	2022	314869082.5	85	314868881	314869284	"gene15078"
4	232	312598311	85	312597167	312599455	"gene15063"
4	606	28050456.5	85	28034481	28066432	"gene13605"
4	9091	27760405.5	85	27759839	27760972	"gene13602"
4	1986	55837238.5	85	55812842	55861635	"gene13776"
10	3535	448985293	86	448984873	448985713	"gene36496"
3	3535	643419250.5	86	643418204	643420297	"gene12354"
3	3347	86501044	86	86393380	86608708	"gene9696"
1	2367	615857224	88	615837562	615876886	"gene3317"
6	754	340905050.5	89	340903937	340906164	"gene22602"
11	754	243150100	89	243149163	243151037	"gene38977"
6	3357	343061392.5	89	343054801	343067984	"gene22617"
6	1709	637813909.5	89	637813382	637814437	"gene24148"
6	1739	636711803	89	636710857	636712749	"gene24142"
6	187	365418430	89	365364930	365471930	"gene22746"
6	2293	455182492	89	455180871	455184113	"gene23226"
6	7172	633644398.5	89	633636429	633652368	"gene24123"
1	2198	141100850.5	90	141098196	141103505	"gene724"
7	1704	237441145	92	237426930	237455360	"gene25627"
6	4659	448836324.5	93	448820528	448852121	"gene23198"
6	2934	371684452	93	371624887	371744017	"gene22769"
5	3469	615057208	93	614935345	615179071	"gene20216"
5	4028	615660695	93	615652552	615668838	"gene20224"
10	455	195867454.5	94	195860315	195874594	"gene35442"
7	1463	16785210.5	95	16784432	16785989	"gene24659"
7	6983	15364080.5	95	15363657	15364504	"gene24640"
2	6983	32285590	95	32285253	32285927	"gene5295"
10	424	238464280.5	96	238447003	238481558	"gene35636"
4	3542	503210270.5	97	503203587	503216954	"gene15957"
4	223	612228804	97	612223238	612234370	"gene16624"
4	67	522415201	97	522414231	522416171	"gene16077"
8	3997	647277422.5	98	647254524	647300321	"gene31161"
9	1835	210525431	99	210497935	210552927	"gene32332"
9	1835	203471493	99	203462039	203480947	"gene32302"
7	848	10029878	99	10016018	10043738	"gene24596"
7	849	7572919	99	7566631	7579207	"gene24585"
8	211	523524602	100	523506680	523542524	"gene30387"
8	9258	439826477	101	439819701	439833253	"gene29958"
4	931	648876225.5	102	648875911	648876540	"gene16834"
4	933	544065322.5	102	544057802	544072843	"gene16242"
4	535	443262232.5	102	443261043	443263422	"gene15597"
2	886	115796614.5	103	115700258	115892971	"gene5687"
2	792	118417460	103	118415971	118418949	"gene5706"
4	2743	702184778	104	702174651	702194905	"gene17175"
4	1791	12326730.5	105	12323905	12329556	"gene13526"
4	1767	12742896	105	12741394	12744398	"gene13532"
2	3473	36124084.5	107	36115703	36132466	"gene5318"
5	4869	357651499	107	357648698	357654300	"gene19043"
5	6473	358320643.5	107	358313289	358327998	"gene19044"
5	5927	359203312.5	107	359182554	359224071	"gene19049"
5	4868	353357503.5	107	353357067	353357940	"gene19021"
5	4868	353401557	107	353394162	353408952	"gene19022"
5	5720	353893512	107	353890447	353896577	"gene19024"
10	2851	531631069.5	108	531617162	531644977	"gene36899"
10	2119	530935449.5	108	530929203	530941696	"gene36889"
10	2119	530894107.5	108	530860454	530927761	"gene36887"
10	110	492430878	108	492428721	492433035	"gene36685"
2	550	258901484.5	109	258892039	258910930	"gene6396"
2	1149	250038986.5	109	250038192	250039781	"gene6355"
2	2495	274331863	109	274325120	274338606	"gene6442"
2	985	188274782.5	109	188267317	188282248	"gene6117"
2	37	195148944	109	195135882	195162006	"gene6143"
7	5779	615921894.5	111	615919658	615924131	"gene27395"
7	800	608414220	111	608408072	608420368	"gene27364"
7	4279	641957504	111	641938334	641976674	"gene27647"
4	4238	67584724	111	67581652	67587796	"gene13864"
3	4238	411817831	111	411815512	411820150	"gene11123"
3	798	426903526.5	111	426901862	426905191	"gene11185"
3	827	85895876.5	111	85880344	85911409	"gene9690"
3	3348	86217610	111	86201553	86233667	"gene9695"
3	1300	469047753.5	111	468915149	469180358	"gene11362"
5	1364	381340657.5	112	381334058	381347257	"gene19152"
5	1397	387221065	112	387216310	387225820	"gene19184"
5	1397	387274005.5	112	387225789	387322222	"gene19185"
11	4492	169076177.5	112	169066741	169085614	"gene38696"
11	2753	2369236	112	2354776	2383696	"gene37558"
11	1407	74991838.5	112	74983962	74999715	"gene38170"
5	894	520397365.5	113	520394792	520399939	"gene19726"
8	3205	29891255.5	113	29868336	29914175	"gene28018"
8	909	30849976.5	113	30840935	30859018	"gene28027"
3	3976	673925296.5	114	673922763	673927830	"gene12510"
6	2891	546434532.5	116	546433078	546435987	"gene23668"
9	2891	565822692.5	116	565821603	565823782	"gene33831"
9	1066	561174715.5	116	561171887	561177544	"gene33806"
11	2305	5548894	116	5462130	5635658	"gene37588"
9	2305	564985437.5	116	564981052	564989823	"gene33827"
9	2305	568512913.5	116	568499125	568526702	"gene33844"
11	3067	5235126.5	116	5234581	5235672	"gene37586"
8	2761	259176908.5	116	259170298	259183519	"gene29205"
6	1520	652647579	117	652635788	652659370	"gene24297"
11	2146	360613816	118	360613101	360614531	"gene39542"
2	1550	455287919.5	119	455273042	455302797	"gene7178"
6	8619	623980715.5	120	623922890	624038541	"gene24052"
8	1237	90090660	120	90081843	90099477	"gene28378"
6	1237	624168119	120	624152646	624183592	"gene24053"
6	1281	605611557	120	605608121	605614993	"gene23952"
6	1222	588697395	120	588697199	588697591	"gene23853"
6	1280	485379093	120	485354861	485403325	"gene23358"
6	3453	504698822	120	504682747	504714897	"gene23456"
6	3453	502388056	120	502387530	502388582	"gene23441"
8	2732	7690952	124	7687299	7694605	"gene27837"
8	3384	187276437	124	187249922	187302952	"gene28862"
8	2415	190585604.5	124	190582038	190589171	"gene28876"
8	6404	12733923	124	12732824	12735022	"gene27856"
7	837	637104869.5	125	637078430	637131309	"gene27603"
7	836	629420082	125	629404174	629435990	"gene27540"
10	1459	482966267.5	126	482964956	482967579	"gene36636"
10	1412	476895652	126	476890659	476900645	"gene36612"
3	1207	820008564	126	820005870	820011258	"gene13292"
6	6190	603462277.5	126	603462053	603462502	"gene23936"
10	1240	626119563.5	126	626090774	626148353	"gene37473"
10	10662	627709957.5	126	627707428	627712487	"gene37491"
8	3677	497174741	128	497171834	497177648	"gene30208"
9	3677	633500136.5	128	633494741	633505532	"gene34287"
5	1447	355877489.5	128	355875664	355879315	"gene19032"
11	2535	2158165	129	2154461	2161869	"gene37554"
11	556	30342128	129	30338927	30345329	"gene37857"
3	2000	273149146	129	273067717	273230575	"gene10550"
8	4417	495536499	130	495492700	495580298	"gene30199"
10	1524	563257769.5	131	563236687	563278852	"gene37075"
10	732	531457834.5	131	531453131	531462538	"gene36894"
10	4159	585497841	131	585472451	585523231	"gene37188"
3	4235	264398323	132	264348434	264448212	"gene10517"
7	2227	502410116	132	502404729	502415503	"gene26842"
3	2227	326678678	132	326675190	326682166	"gene10745"
11	3451	260174072	133	260173918	260174226	"gene39064"
10	1977	291950670	134	291911695	291989645	"gene35829"
10	3536	172433250.5	134	172397092	172469409	"gene35352"
8	4577	609403951.5	135	609397433	609410470	"gene30844"
9	1363	70061165	136	70011013	70111317	"gene31623"
4	233	56344195.5	138	56343890	56344501	"gene13778"
10	44	193890026	138	193829561	193950491	"gene35425"
4	4335	67062728.5	138	67053561	67071896	"gene13861"
9	1054	203855810.5	139	203854928	203856693	"gene32303"
10	1054	586227992.5	139	586225378	586230607	"gene37196"
10	1035	607104362.5	139	607104108	607104617	"gene37304"
10	1035	607094333.5	139	607092801	607095866	"gene37303"
3	5984	345244523.5	140	345241362	345247685	"gene10825"
2	5439	797390679.5	141	797384188	797397171	"gene8836"
11	5434	90229377	142	90209812	90248942	"gene38291"
9	6964	625505857	142	625501027	625510687	"gene34198"
5	1926	495104105	144	495063904	495144306	"gene19626"
5	853	462748550.5	144	462747214	462749887	"gene19485"
4	852	488911458.5	144	488896247	488926670	"gene15873"
4	851	489429674	144	489424789	489434559	"gene15876"
1	1841	718702978.5	144	718686748	718719209	"gene3766"
1	1890	724805882.5	144	724805345	724806420	"gene3798"
1	1889	728428876.5	144	728427839	728429914	"gene3813"
8	2981	134883518.5	146	134877530	134889507	"gene28578"
8	1741	136477705.5	146	136474158	136481253	"gene28589"
8	2274	260476978.5	146	260460011	260493946	"gene29211"
5	427	624455630	148	624429391	624481869	"gene20275"
11	2048	93549442.5	151	93542517	93556368	"gene38312"
9	1762	28914120.5	153	28897858	28930383	"gene31352"
9	1563	30738822.5	153	30718443	30759202	"gene31373"
9	1059	91201407.5	153	91194677	91208138	"gene31770"
10	4512	73529406.5	154	73524206	73534607	"gene34850"
10	2038	189042608.5	155	189035617	189049600	"gene35409"
4	579	54238193.5	155	54229021	54247366	"gene13763"
2	539	258307350.5	156	258306672	258308029	"gene6394"
7	4293	619895251.5	160	619894598	619895905	"gene27436"
7	1309	627306760	160	627298963	627314557	"gene27508"
7	5521	653991913	160	653988825	653995001	"gene27756"
7	6013	654136948.5	160	654125940	654147957	"gene27760"
1	2421	924162467.5	161	924150157	924174778	"gene4762"
4	1391	473326210	161	473313673	473338747	"gene15782"
4	1392	481508740.5	161	481505921	481511560	"gene15826"
1	1102	673186673	161	673186337	673187009	"gene3552"
1	311	675439642.5	161	675385210	675494075	"gene3558"
3	3343	378208125	163	378183949	378232301	"gene10943"
3	4385	345761410	163	345643824	345878996	"gene10829"
6	2720	505431556.5	164	505419898	505443215	"gene23459"
6	910	302442047	165	302434998	302449096	"gene22427"
9	1562	134094242	165	134081184	134107300	"gene32021"
9	5167	145039450	165	145037090	145041810	"gene32096"
8	5167	229043112.5	165	228998570	229087655	"gene29082"
9	1110	28808518	165	28803428	28813608	"gene31351"
7	2264	339769790.5	166	339767899	339771682	"gene26030"
7	4063	333803266	166	333778739	333827793	"gene26009"
7	2986	381617815	166	381613240	381622390	"gene26217"
7	2254	380218108	166	380213132	380223084	"gene26209"
7	1872	381317206	166	381172415	381461997	"gene26214"
7	1928	396051919.5	166	396051378	396052461	"gene26281"
7	3203	389967680	166	389965951	389969409	"gene26252"
4	5716	596197682.5	168	596191567	596203798	"gene16544"
4	9461	559214900	168	559211832	559217968	"gene16340"
4	10136	565191194	168	565177874	565204514	"gene16364"
4	1000	425793429.5	168	425778843	425808016	"gene15559"
1	1087	693809872.5	169	693803932	693815813	"gene3665"
5	1087	409029954.5	169	409024573	409035336	"gene19243"
4	1004	460113642	172	460102922	460124362	"gene15705"
4	2901	649574993	172	649573025	649576961	"gene16840"
2	4687	534631294.5	174	534629050	534633539	"gene7551"
2	6642	539511391.5	174	539509662	539513121	"gene7585"
1	376	369741011.5	175	369724349	369757674	"gene2093"
1	467	288311849.5	175	288309155	288314544	"gene1669"
4	464	683814988	175	683784559	683845417	"gene17049"
5	713	126972054	178	126956881	126987227	"gene18039"
5	713	145538220.5	178	145527452	145548989	"gene18122"
5	5462	131700051.5	178	131617972	131782131	"gene18061"
10	450	212270180	180	212268503	212271857	"gene35503"
1	1881	896270957	180	896269680	896272234	"gene4535"
11	1468	33158961	181	33153596	33164326	"gene37885"
11	1517	32540599	181	32517774	32563424	"gene37876"
11	1947	116231118	181	116225376	116236860	"gene38453"
1	3408	187342911.5	182	187341728	187344095	"gene1017"
8	3329	583851733.5	183	583849996	583853471	"gene30657"
3	2425	403086867	185	403079799	403093935	"gene11071"
3	1101	402706582	185	402703009	402710155	"gene11069"
3	1101	402625360.5	185	402566309	402684412	"gene11068"
11	7587	49049862.5	188	49019423	49080302	"gene38004"
1	2040	8905185.5	188	8896076	8914295	"gene69"
8	3809	101041905.5	189	101038937	101044874	"gene28432"
8	2728	135576538	189	135570686	135582390	"gene28583"
9	2728	191428338	189	191427878	191428798	"gene32266"
10	5452	93204167.5	191	93203582	93204753	"gene34952"
1	3256	284713805.5	193	284713104	284714507	"gene1647"
7	1494	48311109.5	193	48302879	48319340	"gene24803"
3	1269	491960211.5	195	491959286	491961137	"gene11442"
6	3698	412320666.5	197	412313021	412328312	"gene23034"
6	2279	373438937.5	197	373418466	373459409	"gene22786"
6	2897	376200978	197	376199854	376202102	"gene22797"
6	462	438931038	197	438930731	438931345	"gene23171"
4	221	459521946	198	459439359	459604533	"gene15701"
2	150	745720127.5	200	745711751	745728504	"gene8557"
9	303	194963597	201	194957951	194969243	"gene32283"
8	303	141526983	201	141523406	141530560	"gene28600"
6	1671	346444278	202	346429336	346459220	"gene22646"
6	504	476667858.5	202	476666886	476668831	"gene23319"
6	503	518422414.5	202	518413992	518430837	"gene23541"
4	789	185469100.5	204	185468055	185470146	"gene14476"
10	1041	558263376	207	558231598	558295154	"gene37066"
10	45	196299396.5	208	196267724	196331069	"gene35444"
10	45	195648456.5	208	195619131	195677782	"gene35437"
6	227	459916985.5	210	459908594	459925377	"gene23246"
8	4530	159691212	211	159690216	159692208	"gene28710"
3	1474	343050948.5	212	343007732	343094165	"gene10811"
3	4811	254090587	212	254061316	254119858	"gene10488"
3	4236	253431899	212	253422007	253441791	"gene10484"
4	3545	505028144	213	505020927	505035361	"gene15970"
7	3228	340342844	215	340333650	340352038	"gene26032"
7	207	342542893.5	215	342524646	342561141	"gene26042"
7	2999	341840633.5	215	341815978	341865289	"gene26040"
11	3609	106844605.5	219	106844282	106844929	"gene38397"
11	736	104025199	219	103891792	104158606	"gene38379"
11	4769	101466567.5	219	101457059	101476076	"gene38365"
10	96	212965674.5	220	212953931	212977418	"gene35507"
10	725	585387209	224	585374318	585400100	"gene37186"
7	2253	381789464	228	381762629	381816299	"gene26218"
8	847	528843843	229	528826619	528861067	"gene30410"
3	847	429238936	229	429235300	429242572	"gene11197"
2	5880	221154511	232	221145262	221163760	"gene6257"
2	887	271007976	232	271006710	271009242	"gene6431"
10	34	236688769	233	236666901	236710637	"gene35627"
1	5193	836241074	239	836239083	836243065	"gene4266"
1	5474	833236735	239	833235651	833237819	"gene4242"
10	641	16866946.5	241	16864884	16869009	"gene34516"
10	638	14739816.5	241	14731809	14747824	"gene34493"
2	1169	36345356	242	36343417	36347295	"gene5320"
2	1169	227211023.5	242	227186799	227235248	"gene6281"
2	5945	241984682	242	241980941	241988423	"gene6331"
2	953	242094069.5	242	242093386	242094753	"gene6334"
2	8672	35855442.5	242	35841368	35869517	"gene5316"
9	870	69471343.5	243	69469569	69473118	"gene31616"
9	870	519645781.5	243	519634388	519657175	"gene33614"
9	3000	66386178.5	243	66385453	66386904	"gene31593"
2	1131	34324743	244	34316355	34333131	"gene5305"
2	1170	136305866	244	136299196	136312536	"gene5826"
9	3591	459531183	245	459523691	459538675	"gene33346"
9	1331	458929764.5	245	458929066	458930463	"gene33343"
6	2313	37885753.5	246	37858224	37913283	"gene21033"
