16	2949	45921542	0	45920680	45922404	"evm.model.group16.1175"
17	2898	12454667.5	0	12453210	12456125	"evm.model.group17.664"
7	2274	48002923.5	2	47989230	48016617	"evm.model.group7.1391"
18	2274	23836851.5	2	23828151	23845552	"evm.model.group18.952"
15	2761	57081472.5	2	57080189	57082756	"evm.model.group15.1627"
0	2761	136094620	2	136093283	136095957	"evm.model.group0.3938"
12	2761	35431141	2	35430056	35432226	"evm.model.group12.1089"
12	2761	35434958.5	2	35432279	35437638	"evm.model.group12.1090"
0	3774	136259173	2	136258839	136259507	"evm.model.group0.3946"
0	3774	136240659	2	136239869	136241449	"evm.model.group0.3944"
10	2119	57220563	3	57212546	57228580	"evm.model.group10.1311"
10	2851	57153401.5	3	57142567	57164236	"evm.model.group10.1307"
3	2851	25264294.5	3	25245529	25283060	"evm.model.group3.1201"
3	2852	25287369	3	25284140	25290598	"evm.model.group3.1202"
12	1041	20723816.5	3	20704834	20742799	"evm.model.group12.454"
15	1041	39255408	3	39240735	39270081	"evm.model.group15.827"
7	497	47483796	5	47473892	47493700	"evm.model.group7.1366"
1	497	127590908.5	5	127583618	127598199	"evm.model.group1.4414"
7	497	48960882	5	48954787	48966977	"evm.model.group7.1431"
7	497	46569704	5	46564151	46575257	"evm.model.group7.1337"
2	1648	78421559.5	5	78419864	78423255	"evm.model.group2.2660"
2	1648	78383272.5	5	78371146	78395399	"evm.model.group2.2659"
2	1741	78127549.5	5	78127274	78127825	"evm.model.group2.2651"
7	1741	46492040	5	46487624	46496456	"evm.model.group7.1332"
12	10137	36158187	5	36136629	36179745	"evm.model.group12.1131"
15	1082	58271410.5	5	58268407	58274414	"evm.model.group15.1689"
12	1082	36128746	5	36128355	36129137	"evm.model.group12.1130"
18	1082	26638235	5	26635465	26641005	"evm.model.group18.1035"
2	2981	78056015.5	5	78035191	78076840	"evm.model.group2.2648"
1	303	127605336	5	127604969	127605703	"evm.model.group1.4416"
2	303	78168394.5	5	78167035	78169754	"evm.model.group2.2652"
7	303	46550448.5	5	46549537	46551360	"evm.model.group7.1333"
15	303	36905982.5	5	36905635	36906330	"evm.model.group15.740"
1	303	15635442	5	15629161	15641723	"evm.model.group1.708"
12	303	36066414	5	36065780	36067048	"evm.model.group12.1126"
15	303	58114699.5	5	58114094	58115305	"evm.model.group15.1682"
12	1084	36029157	5	36025090	36033224	"evm.model.group12.1124"
0	1084	163050525	5	163038830	163062220	"evm.model.group0.5113"
12	1084	36043373.5	5	36036984	36049763	"evm.model.group12.1125"
0	2092	137615243	5	137608081	137622405	"evm.model.group0.4004"
9	2092	50687467.5	5	50675195	50699740	"evm.model.group9.1430"
15	1083	58194311.5	5	58188922	58199701	"evm.model.group15.1685"
12	1083	36088378	5	36078532	36098224	"evm.model.group12.1128"
0	1083	137643323.5	5	137633627	137653020	"evm.model.group0.4006"
0	2728	137656847.5	5	137655976	137657719	"evm.model.group0.4007"
12	2728	36101881.5	5	36101225	36102538	"evm.model.group12.1129"
5	1223	74750946.5	6	74745264	74756629	"evm.model.group5.2422"
4	1223	81403045.5	6	81399537	81406554	"evm.model.group4.1995"
11	1246	25692218	6	25678508	25705928	"evm.model.group11.790"
4	1246	81301819.5	6	81291250	81312389	"evm.model.group4.1991"
4	1246	81332339.5	6	81322365	81342314	"evm.model.group4.1992"
0	150	146480519	7	146479289	146481749	"evm.model.group0.4419"
6	150	66221309	7	66217745	66224873	"evm.model.group6.1662"
9	150	60433972	7	60432003	60435941	"evm.model.group9.1778"
9	150	60417914.5	7	60409936	60425893	"evm.model.group9.1776"
6	150	66233720.5	7	66224911	66242530	"evm.model.group6.1663"
13	975	51431088.5	7	51422685	51439492	"evm.model.group13.1511"
18	975	2403085	7	2402450	2403720	"evm.model.group18.93"
0	975	12790796.5	7	12790287	12791306	"evm.model.group0.664"
0	975	12811621	7	12811221	12812021	"evm.model.group0.665"
13	964	51635288	7	51626008	51644568	"evm.model.group13.1523"
12	964	44508182.5	7	44503593	44512772	"evm.model.group12.1436"
6	2243	28310568	8	28304606	28316530	"evm.model.group6.419"
6	2243	28692303	8	28686167	28698439	"evm.model.group6.425"
0	2243	148232058.5	8	148227264	148236853	"evm.model.group0.4489"
0	2243	161761833.5	8	161750616	161773051	"evm.model.group0.5059"
3	3329	62086903.5	8	62085110	62088697	"evm.model.group3.2413"
637	3329	68563	8	50883	86243	"evm.model.contig637.4"
1	1563	52981705.5	9	52975139	52988272	"evm.model.group1.2066"
1	1928	123647052	10	123646788	123647316	"evm.model.group1.4252"
2	1928	85232775.5	10	85232298	85233253	"evm.model.group2.2932"
7	3204	52239317.5	10	52238463	52240172	"evm.model.group7.1568"
1	3203	123561583.5	10	123557580	123565587	"evm.model.group1.4244"
18	2986	16945575	10	16944968	16946182	"evm.model.group18.724"
18	2254	16916373	10	16897948	16934798	"evm.model.group18.722"
2	1872	85836987	10	85739365	85934609	"evm.model.group2.2954"
8	1984	35389354	12	35370820	35407888	"evm.model.group8.581"
2	902	104656973.5	15	104655875	104658072	"evm.model.group2.3797"
1	902	106211187.5	15	106207036	106215339	"evm.model.group1.3491"
6	3574	47124699	15	47117488	47131910	"evm.model.group6.917"
6	3574	47116962	15	47116616	47117308	"evm.model.group6.916"
9	2111	1549000.5	18	1544763	1553238	"evm.model.group9.78"
9	1931	1494842	18	1480103	1509581	"evm.model.group9.76"
9	1931	1524269.5	18	1511512	1537027	"evm.model.group9.77"
8	9461	70034829	20	70034102	70035556	"evm.model.group8.2063"
6	5716	72384735.5	20	72360930	72408541	"evm.model.group6.1953"
12	5716	64015621.5	20	64008123	64023120	"evm.model.group12.2410"
8	5716	70112045	20	70104570	70119520	"evm.model.group8.2066"
0	5716	141797704	20	141794736	141800672	"evm.model.group0.4207"
0	636	164718189	20	164711874	164724504	"evm.model.group0.5188"
8	636	69478286	20	69475717	69480855	"evm.model.group8.2035"
8	636	70164303.5	20	70163674	70164933	"evm.model.group8.2070"
13	636	60890264.5	20	60886779	60893750	"evm.model.group13.2014"
8	636	70227333	20	70226744	70227922	"evm.model.group8.2072"
12	636	64003143	20	63999364	64006922	"evm.model.group12.2409"
8	636	70135639.5	20	70129744	70141535	"evm.model.group8.2068"
13	4330	61332185.5	20	61296563	61367808	"evm.model.group13.2040"
8	997	67258009	20	67253282	67262736	"evm.model.group8.1923"
0	997	2586588.5	20	2582334	2590843	"evm.model.group0.147"
0	997	1227888	20	1226862	1228914	"evm.model.group0.73"
1	2999	122162831	21	122156247	122169415	"evm.model.group1.4187"
7	2999	55488470	21	55482321	55494619	"evm.model.group7.1677"
18	3228	16007023.5	21	16004955	16009092	"evm.model.group18.690"
2	3228	86747187.5	21	86743130	86751245	"evm.model.group2.2988"
7	2264	55467877	21	55464816	55470938	"evm.model.group7.1674"
2	3058	33772041.5	22	33766348	33777735	"evm.model.group2.1519"
17	3058	1767420	22	1761667	1773173	"evm.model.group17.105"
2	266	33827181	22	33826493	33827869	"evm.model.group2.1521"
1	266	38494928.5	22	38494242	38495615	"evm.model.group1.1602"
0	641	58203886	23	58184970	58222802	"evm.model.group0.1971"
18	5112	31732050.5	24	31731820	31732281	"evm.model.group18.1145"
7	5112	43192406.5	24	43192176	43192637	"evm.model.group7.1201"
18	1673	31625304.5	24	31606236	31644373	"evm.model.group18.1144"
2	1673	73693414.5	24	73689975	73696854	"evm.model.group2.2493"
1	1673	129494060	24	129487415	129500705	"evm.model.group1.4484"
18	1869	30898009	24	30897033	30898985	"evm.model.group18.1137"
18	1869	30896559	24	30896132	30896986	"evm.model.group18.1136"
2	1869	73741581	24	73739503	73743659	"evm.model.group2.2494"
7	1869	43388972.5	24	43388298	43389647	"evm.model.group7.1209"
0	613	139754989	26	139754533	139755445	"evm.model.group0.4109"
13	613	55449260.5	26	55448979	55449542	"evm.model.group13.1734"
6	613	73076848	26	73076622	73077074	"evm.model.group6.1991"
6	4279	73115976.5	26	73113362	73118591	"evm.model.group6.1995"
6	4279	73122023	26	73119753	73124293	"evm.model.group6.1996"
3	3644	1696544.5	26	1690181	1702908	"evm.model.group3.75"
6	3644	73807614	26	73798755	73816473	"evm.model.group6.2043"
8	3644	62509047	26	62496556	62521538	"evm.model.group8.1671"
0	3644	138673865.5	26	138620513	138727218	"evm.model.group0.4058.1"
6	3644	73702812.5	26	73696723	73708902	"evm.model.group6.2036"
8	2392	62866107	26	62856443	62875771	"evm.model.group8.1687"
0	2392	5382429	26	5380124	5384734	"evm.model.group0.293"
12	2392	59193834	26	59187586	59200082	"evm.model.group12.2154"
13	3758	55732588.5	26	55731596	55733581	"evm.model.group13.1759"
0	2391	5345940.5	26	5342936	5348945	"evm.model.group0.291"
1	2323	33215513.5	27	33212459	33218568	"evm.model.group1.1353"
17	2323	6186184.5	27	6182832	6189537	"evm.model.group17.371"
2	2323	28482700.5	27	28480769	28484632	"evm.model.group2.1268"
17	2960	5706382	27	5705592	5707172	"evm.model.group17.340"
1	2960	32621140	27	32620446	32621834	"evm.model.group1.1331"
16	2960	51039675.5	27	51038884	51040467	"evm.model.group16.1413"
1	2390	32912871.5	27	32905221	32920522	"evm.model.group1.1339"
17	2390	5738874	27	5732915	5744833	"evm.model.group17.343"
16	2390	51233285	27	51230287	51236283	"evm.model.group16.1429"
2	1567	28609519.5	27	28609290	28609749	"evm.model.group2.1276"
1	1567	32632273	27	32623589	32640957	"evm.model.group1.1332"
16	1567	51091400	27	51089645	51093155	"evm.model.group16.1415"
2	1567	28628440.5	27	28623128	28633753	"evm.model.group2.1278"
0	725	113830749	28	113827156	113834342	"evm.model.group0.3075"
1	725	15437300.5	28	15433663	15440938	"evm.model.group1.692"
3	725	22802320	28	22800338	22804302	"evm.model.group3.1086"
0	1053	113642109	28	113634414	113649804	"evm.model.group0.3065"
15	1053	37617814	28	37608917	37626711	"evm.model.group15.764"
0	1053	31513596.5	28	31513081	31514112	"evm.model.group0.1474"
1	1036	15222844	28	15217972	15227716	"evm.model.group1.683"
15	1036	37866737	28	37846970	37886504	"evm.model.group15.773"
12	1036	19118750	28	19104785	19132715	"evm.model.group12.408"
15	1036	36686349.5	28	36670759	36701940	"evm.model.group15.737"
9	752	5209968.5	29	5209231	5210706	"evm.model.group9.254"
3	10978	82203367.5	31	82197825	82208910	"evm.model.group3.2734"
2	490	86308004	32	86306801	86309207	"evm.model.group2.2967"
18	490	16234404	32	16231363	16237445	"evm.model.group18.700"
18	2249	16293703	32	16261569	16325837	"evm.model.group18.702"
11	2588	43639449	33	43631396	43647502	"evm.model.group11.1424"
14	2588	41176161	33	41166517	41185805	"evm.model.group14.938"
4	2588	69375004	33	69358462	69391546	"evm.model.group4.1480"
11	2589	43654305	33	43653809	43654801	"evm.model.group11.1425"
11	2589	43698242	33	43689686	43706798	"evm.model.group11.1426"
4	2589	69399317	33	69395319	69403315	"evm.model.group4.1481"
5	2589	51822629	33	51819331	51825927	"evm.model.group5.1344"
4	2146	24561474.5	34	24527879	24595070	"evm.model.group4.274"
10	2147	32721065.5	34	32720760	32721371	"evm.model.group10.536"
4	2147	23894338.5	34	23894026	23894651	"evm.model.group4.262"
10	3454	31944975.5	34	31944514	31945437	"evm.model.group10.521"
10	3454	32018139.5	34	32002427	32033852	"evm.model.group10.522"
0	3295	140937615.5	35	140937475	140937756	"evm.model.group0.4173"
0	3295	69954583.5	35	69954305	69954862	"evm.model.group0.2250"
0	6648	69663629	35	69662953	69664305	"evm.model.group0.2235"
6	1301	72867015.5	35	72860813	72873218	"evm.model.group6.1976"
9	1301	66984241.5	35	66981915	66986568	"evm.model.group9.2105"
0	1301	69603546.5	35	69601420	69605673	"evm.model.group0.2232"
0	1301	140350315.5	35	140346825	140353806	"evm.model.group0.4138"
3	4183	2693042	35	2691131	2694953	"evm.model.group3.127"
3	2709	2740149.5	35	2735070	2745229	"evm.model.group3.132"
0	2709	140926612	35	140920503	140932721	"evm.model.group0.4172"
3	2709	2637747	35	2635470	2640024	"evm.model.group3.121"
0	2709	69892876.5	35	69882138	69903615	"evm.model.group0.2248"
0	2709	140793126.5	35	140778093	140808160	"evm.model.group0.4165"
0	2709	69683338	35	69679696	69686980	"evm.model.group0.2237"
3	3637	2766348.5	35	2765185	2767512	"evm.model.group3.135"
3	3637	2778952.5	35	2772365	2785540	"evm.model.group3.136.1"
9	3637	66171250	35	66170366	66172134	"evm.model.group9.2074"
12	3637	32567342	35	32565315	32569369	"evm.model.group12.943"
0	3637	69970944.5	35	69969853	69972036	"evm.model.group0.2252"
0	1350	69983931.5	35	69983374	69984489	"evm.model.group0.2254"
3	1350	2813734.5	35	2813230	2814239	"evm.model.group3.139"
3	5631	2844260.5	35	2842497	2846024	"evm.model.group3.143"
0	6263	141158561	35	141157342	141159780	"evm.model.group0.4184"
6	6263	72698431.5	35	72697257	72699606	"evm.model.group6.1970"
0	1066	131940212.5	38	131938968	131941457	"evm.model.group0.3740.1"
17	1066	11565567.5	38	11564365	11566770	"evm.model.group17.624"
1	1066	2433678.5	38	2431468	2435889	"evm.model.group1.116"
16	2305	45972978.5	38	45961754	45984203	"evm.model.group16.1179"
2	2305	20703637.5	38	20701245	20706030	"evm.model.group2.927"
1	2305	62364434.5	38	62351171	62377698	"evm.model.group1.2363"
4	2838	85858969.5	40	85853351	85864588	"evm.model.group4.2202"
14	1506	54958265	40	54945690	54970840	"evm.model.group14.1491"
14	4976	54913190	40	54912220	54914160	"evm.model.group14.1486"
11	4976	5199933.5	40	5199382	5200485	"evm.model.group11.216"
309	4976	32806.5	40	31827	33786	"evm.model.contig309.3"
11	3974	5181553.5	40	5180674	5182433	"evm.model.group11.213"
1	9172	26853501.5	40	26842948	26864055	"evm.model.group1.1107"
7	5474	71097547	41	71095971	71099123	"evm.model.group7.2469"
12	1169	52958478	43	52945895	52971061	"evm.model.group12.1839"
0	1169	14063276.5	43	14058195	14068358	"evm.model.group0.724"
0	1169	14137929	43	14128988	14146870	"evm.model.group0.729"
18	3473	56475533	43	56467344	56483722	"evm.model.group18.1825"
7	3473	1170997.5	43	1168467	1173528	"evm.model.group7.34"
7	3473	1212656	43	1199031	1226281	"evm.model.group7.36"
8	1131	52418520	43	52401299	52435741	"evm.model.group8.1201"
0	1131	13477252	43	13450031	13504473	"evm.model.group0.694"
2	1078	18503147	44	18501957	18504337	"evm.model.group2.827"
12	1078	31502374	44	31492768	31511980	"evm.model.group12.896"
15	1078	21307082	44	21283872	21330292	"evm.model.group15.317"
1	1078	60055353.5	44	60054089	60056618	"evm.model.group1.2282"
0	1362	95418298	44	95414110	95422486	"evm.model.group0.2672"
17	6642	32024533	44	31965232	32083834	"evm.model.group17.1380"
17	4687	32384114	44	32371976	32396252	"evm.model.group17.1390"
8	2340	47152339	45	47149813	47154865	"evm.model.group8.979"
13	2340	29017810	45	29017061	29018559	"evm.model.group13.607"
0	2340	30098881.5	45	30098055	30099708	"evm.model.group0.1438"
13	1980	42437695	45	42434379	42441011	"evm.model.group13.1111"
0	1980	23173981.5	45	23165060	23182903	"evm.model.group0.1167"
0	2535	23107056.5	45	23106030	23108083	"evm.model.group0.1165"
8	2535	37098466.5	45	37098022	37098911	"evm.model.group8.628"
13	1164	42528841.5	45	42526705	42530978	"evm.model.group13.1117"
1	3786	10934462.5	47	10930374	10938551	"evm.model.group1.499"
15	2473	45248041	47	45246368	45249714	"evm.model.group15.1042"
12	2473	25839276.5	47	25838619	25839934	"evm.model.group12.641"
0	1382	123011960	47	123006277	123017643	"evm.model.group0.3359"
12	1382	25877537	47	25870358	25884716	"evm.model.group12.643"
828	1105	141838	47	140197	143479	"evm.model.contig828.11"
12	1105	32694127	47	32690588	32697666	"evm.model.group12.950"
828	332	130722	47	122847	138597	"evm.model.contig828.10"
12	332	32677208.5	47	32665152	32689265	"evm.model.group12.949"
2	1926	108554862.5	47	108545692	108564033	"evm.model.group2.4005.1"
2	1696	108614296.5	47	108611002	108617591	"evm.model.group2.4008"
6	4875	63538392	49	63537862	63538922	"evm.model.group6.1524"
9	4875	58053457.5	49	58052909	58054006	"evm.model.group9.1686"
3	4875	31596718	49	31596168	31597268	"evm.model.group3.1516"
0	1334	148835622	49	148832228	148839016	"evm.model.group0.4514"
3	1334	31544334	49	31543247	31545421	"evm.model.group3.1514"
9	1334	58076303	49	58075191	58077415	"evm.model.group9.1688"
6	1334	64209277.5	49	64206561	64211994	"evm.model.group6.1555"
6	154	60379374.5	49	60378484	60380265	"evm.model.group6.1397"
0	154	148820387	49	148820212	148820562	"evm.model.group0.4513"
3	154	33258576.5	49	33251115	33266038	"evm.model.group3.1565"
9	154	57588712.5	49	57564437	57612988	"evm.model.group9.1670"
6	154	63477066	49	63470854	63483278	"evm.model.group6.1520"
6	154	61499522.5	49	61496632	61502413	"evm.model.group6.1449"
9	154	58036852	49	58036677	58037027	"evm.model.group9.1684"
7	6623	41649765.5	53	41648329	41651202	"evm.model.group7.1150"
4	6405	87881846.5	54	87868863	87894830	"evm.model.group4.2301"
11	2576	143500	54	123596	163404	"evm.model.group11.1"
4	1237	87805948	54	87796516	87815380	"evm.model.group4.2300"
5	1237	77817319	54	77799449	77835189	"evm.model.group5.2577"
4	1483	47255067.5	55	47243334	47266801	"evm.model.group4.705"
10	1483	48876436.5	55	48855845	48897028	"evm.model.group10.980"
2	1826	21732168.5	55	21719154	21745183	"evm.model.group2.990"
1	771	139080092	55	139077838	139082346	"evm.model.group1.4812"
1	771	139057930.5	55	139042057	139073804	"evm.model.group1.4811"
4	719	47056624	55	47055284	47057964	"evm.model.group4.696"
2	3077	19441153.5	56	19440632	19441675	"evm.model.group2.863"
17	3077	13367202.5	56	13366681	13367724	"evm.model.group17.702"
1	464	60032530	56	60030162	60034898	"evm.model.group1.2281"
2	464	18461218	56	18459026	18463410	"evm.model.group2.825"
8	464	69553829	56	69548542	69559116	"evm.model.group8.2039"
17	464	13703459.5	56	13696618	13710301	"evm.model.group17.711"
17	960	14019957	56	14015852	14024062	"evm.model.group17.727"
17	960	13918305	56	13914104	13922506	"evm.model.group17.723"
2	960	18291200.5	56	18274048	18308353	"evm.model.group2.815"
1	467	59656695	56	59636885	59676505	"evm.model.group1.2270"
16	467	44812228.5	56	44809328	44815129	"evm.model.group16.1128"
17	467	13928778.5	56	13925498	13932059	"evm.model.group17.724"
18	505	11368227	56	11366852	11369602	"evm.model.group18.506"
405	505	89192.5	56	88596	89789	"evm.model.contig405.3"
2	1733	106537369	58	106524807	106549931	"evm.model.group2.3906"
2	2232	106925333.5	58	106913263	106937404	"evm.model.group2.3916"
7	2232	70920117.5	58	70915132	70925103	"evm.model.group7.2459"
5	3453	76820987	59	76806094	76835880	"evm.model.group5.2542"
14	3453	61933376	59	61923636	61943116	"evm.model.group14.1856"
11	5230	1645554.5	59	1645369	1645740	"evm.model.group11.60"
4	1280	87057978.5	59	87050489	87065468	"evm.model.group4.2270"
5	1280	77098487	59	77084683	77112291	"evm.model.group5.2550"
11	1280	1606070.5	59	1597505	1614636	"evm.model.group11.57"
14	1280	62127664.5	59	62113508	62141821	"evm.model.group14.1865.1"
5	1222	77215855.5	59	77215643	77216068	"evm.model.group5.2558"
12	320	32078454.5	61	32078085	32078824	"evm.model.group12.923"
15	320	52483260	61	52481452	52485068	"evm.model.group15.1400"
0	320	130223682.5	61	130216233	130231132	"evm.model.group0.3657"
1	320	4034993.5	61	4032114	4037873	"evm.model.group1.194"
1	320	4028053.5	61	4026579	4029528	"evm.model.group1.193"
0	320	130211413.5	61	130211043	130211784	"evm.model.group0.3656"
0	2421	130074524.5	61	130063448	130085601	"evm.model.group0.3653"
18	194	7831005	63	7822831	7839179	"evm.model.group18.341"
1	194	118633568	63	118628185	118638951	"evm.model.group1.4040"
7	194	64646053	63	64632882	64659224	"evm.model.group7.2139"
7	1887	64563678.5	63	64563028	64564329	"evm.model.group7.2135"
2	3000	92511432.5	63	92510842	92512023	"evm.model.group2.3204"
7	870	64531599	63	64528027	64535171	"evm.model.group7.2133"
1	870	118717172	63	118715374	118718970	"evm.model.group1.4045"
11	870	57433055.5	63	57421077	57445034	"evm.model.group11.2072"
18	870	7858374.5	63	7855859	7860890	"evm.model.group18.342"
2	870	92508792	63	92507333	92510251	"evm.model.group2.3203"
7	1749	64399221	63	64379204	64419238	"evm.model.group7.2126"
18	1749	7867719.5	63	7866602	7868837	"evm.model.group18.343"
1	1749	118747066.5	63	118743309	118750824	"evm.model.group1.4046"
18	1749	7881127	63	7879051	7883203	"evm.model.group18.344"
2	1749	92483240	63	92471898	92494582	"evm.model.group2.3202"
15	1363	50140115.5	63	50125910	50154321	"evm.model.group15.1263"
12	1363	29955417.5	63	29947279	29963556	"evm.model.group12.813"
0	1363	127320843.5	63	127301380	127340307	"evm.model.group0.3516"
12	1363	29934715	63	29931369	29938061	"evm.model.group12.812"
12	228	60987498	65	60985059	60989937	"evm.model.group12.2259"
8	228	65045686	65	65043188	65048184	"evm.model.group8.1805"
18	1739	51182885	65	51182257	51183513	"evm.model.group18.1618"
7	1709	6059806.5	65	6040231	6079382	"evm.model.group7.244"
13	2527	55504209	66	55498408	55510010	"evm.model.group13.1736"
0	2527	6410864.5	66	6399418	6422311	"evm.model.group0.333"
8	2527	62332949.5	66	62329260	62336639	"evm.model.group8.1659"
8	612	62371427.5	66	62364819	62378036	"evm.model.group8.1662"
0	801	5397636	66	5391155	5404117	"evm.model.group0.294"
3	801	1323117	66	1321838	1324396	"evm.model.group3.61"
7	892	45503851.5	70	45501924	45505779	"evm.model.group7.1285"
0	3408	151313439.5	73	151312238	151314641	"evm.model.group0.4621"
6	3408	59839650.5	73	59838235	59841066	"evm.model.group6.1372"
15	2452	5393721.5	74	5392834	5394609	"evm.model.group15.81"
15	1389	6922611.5	74	6920203	6925020	"evm.model.group15.104"
0	1364	85584517.5	74	85582259	85586776	"evm.model.group0.2568"
15	5636	8870597	74	8864212	8876982	"evm.model.group15.137"
0	1397	84923406	74	84911297	84935515	"evm.model.group0.2558"
6	1310	74142265.5	76	74140760	74143771	"evm.model.group6.2063"
6	1309	74097615.5	76	74097055	74098176	"evm.model.group6.2060"
3	2695	947101	76	942644	951558	"evm.model.group3.37"
6	5124	73978563	76	73968800	73988326	"evm.model.group6.2051"
0	5124	138497044	76	138495705	138498383	"evm.model.group0.4052"
3	5124	939315	76	937519	941111	"evm.model.group3.36"
3	5522	284908.5	76	277486	292331	"evm.model.group3.6"
6	4293	74402291.5	76	74401653	74402930	"evm.model.group6.2074"
6	4293	13254864	76	13254188	13255540	"evm.model.group6.227"
6	4293	11556905	76	11556403	11557407	"evm.model.group6.208"
3	1312	420715.5	76	407371	434060	"evm.model.group3.8"
3	1312	436676	76	436426	436926	"evm.model.group3.9"
9	2115	2060598	79	2057539	2063657	"evm.model.group9.104"
13	234	42422951.5	79	42412854	42433049	"evm.model.group13.1110"
0	234	23191504	79	23184677	23198331	"evm.model.group0.1168"
8	234	37073713	79	37073598	37073828	"evm.model.group8.625"
13	4335	29277169.5	79	29263898	29290441	"evm.model.group13.621.1"
2	460	20912979.5	80	20908210	20917749	"evm.model.group2.941"
16	460	46899055	80	46898421	46899689	"evm.model.group16.1226"
17	460	11151863	80	11150098	11153628	"evm.model.group17.602"
17	459	11027371	80	11004839	11049903	"evm.model.group17.597"
16	459	47066919	80	47058383	47075455	"evm.model.group16.1231"
14	1419	62006963.5	81	62004684	62009243	"evm.model.group14.1859"
11	1419	1784365	81	1773444	1795286	"evm.model.group11.64"
14	1419	62751682.5	81	62750085	62753280	"evm.model.group14.1897"
14	2846	62107213	81	62104409	62110017	"evm.model.group14.1863"
11	6593	1888117.5	81	1880980	1895255	"evm.model.group11.69_evm.model.group11.70"
4	6593	86895526.5	81	86885706	86905347	"evm.model.group4.2263"
11	1282	1977754	81	1965611	1989897	"evm.model.group11.73"
17	2891	11385707	81	11385304	11386110	"evm.model.group17.612"
16	2891	46842472	81	46840419	46844525	"evm.model.group16.1222"
2	2316	27015943.5	84	27005360	27026527	"evm.model.group2.1210"
2	2316	109416909.5	84	109356639	109477180	"evm.model.group2.4050_evm.model.group2.4049"
17	1183	7278745	84	7278585	7278905	"evm.model.group17.424"
2	1183	27043124	84	27042973	27043275	"evm.model.group2.1211"
3	1183	43102894.5	84	43102052	43103737	"evm.model.group3.1933"
7	1842	69186673.5	87	69166950	69206397	"evm.model.group7.2384"
1	1842	102290634	87	102272090	102309178	"evm.model.group1.3307"
18	1842	597226	87	587367	607085	"evm.model.group18.14"
2	1661	108857634	87	108841010	108874258	"evm.model.group2.4025"
2	2298	108822797.5	87	108821489	108824106	"evm.model.group2.4023"
1	2298	102341769.5	87	102339731	102343808	"evm.model.group1.3309"
1	851	102353680.5	87	102346986	102360375	"evm.model.group1.3310"
2	1919	82920557.5	88	82920219	82920896	"evm.model.group2.2850"
1	1919	124788372.5	88	124779088	124797657	"evm.model.group1.4297"
4	413	85887133.5	88	85886816	85887451	"evm.model.group4.2204"
11	413	38037309	88	38036861	38037757	"evm.model.group11.1197"
6	144	48246993	89	48243018	48250968	"evm.model.group6.952"
3	144	44010961	89	44010090	44011832	"evm.model.group3.1965"
6	3914	48213332.5	89	48211801	48214864	"evm.model.group6.950"
14	2606	50846014	93	50844621	50847407	"evm.model.group14.1307"
15	2606	45409551	93	45407801	45411301	"evm.model.group15.1049"
7	893	45274798.5	97	45261066	45288531	"evm.model.group7.1271"
7	893	45309642.5	97	45308881	45310404	"evm.model.group7.1273"
11	2642	43772620.5	99	43767150	43778091	"evm.model.group11.1430"
4	2642	69451995.5	99	69443651	69460340	"evm.model.group4.1484"
11	3976	43792084	99	43787332	43796836	"evm.model.group11.1432"
4	3976	69514864	99	69492800	69536928	"evm.model.group4.1486"
11	1463	55267938.5	101	55255024	55280853	"evm.model.group11.2003"
5	183	10224613.5	102	10215380	10233847	"evm.model.group5.290"
9	183	13578726	102	13570698	13586754	"evm.model.group9.578"
7	183	56709200.5	102	56707630	56710771	"evm.model.group7.1725"
1	183	120426959.5	102	120424879	120429040	"evm.model.group1.4109"
18	183	14359925	102	14356916	14362934	"evm.model.group18.624"
2	183	89923011.5	102	89920897	89925126	"evm.model.group2.3098"
17	3056	2377414	103	2360313	2394515	"evm.model.group17.141"
2	2313	34567082.5	103	34556176	34577989	"evm.model.group2.1558"
17	2313	2427356.5	103	2420548	2434165	"evm.model.group17.143"
17	1795	2442708.5	103	2441781	2443636	"evm.model.group17.144"
16	1795	55569379.5	103	55569129	55569630	"evm.model.group16.1668"
1	155	38966607.5	103	38956704	38976511	"evm.model.group1.1620"
18	155	4062432	103	4059362	4065502	"evm.model.group18.162"
16	155	58685211.5	103	58681162	58689261	"evm.model.group16.1849"
2	155	103681443	103	103678165	103684721	"evm.model.group2.3755"
7	155	67412034.5	103	67408230	67415839	"evm.model.group7.2306"
5	2812	70191569.5	103	70189746	70193393	"evm.model.group5.2189"
3	1515	19115782.5	111	19106060	19125505	"evm.model.group3.898"
1	1515	149897058	111	149886736	149907380	"evm.model.group1.5344"
9	1515	2799829.5	111	2791529	2808130	"evm.model.group9.136"
2	1515	107808841	111	107807822	107809860	"evm.model.group2.3962"
9	1517	2447376	111	2434868	2459884	"evm.model.group9.124"
1	1517	150427257	111	150423262	150431252	"evm.model.group1.5366"
1	503	99747731	112	99743695	99751767	"evm.model.group1.3225"
18	503	52804675	112	52804098	52805252	"evm.model.group18.1677"
2	503	3311717.5	112	3311142	3312293	"evm.model.group2.147"
7	503	4985045	112	4984471	4985619	"evm.model.group7.199"
18	176	52703254	112	52694680	52711828	"evm.model.group18.1675"
7	176	5269168	112	5259161	5279175	"evm.model.group7.207"
2	176	3388888	112	3384538	3393238	"evm.model.group2.152"
18	176	52752787.5	112	52728202	52777373	"evm.model.group18.1676"
7	176	5095683.5	112	5059679	5131688	"evm.model.group7.202"
1	504	99698635	112	99697600	99699670	"evm.model.group1.3222"
2	504	3471060.5	112	3469201	3472920	"evm.model.group2.156"
7	504	5313866.5	112	5312165	5315568	"evm.model.group7.209"
13	7587	17628873	113	17608121	17649625	"evm.model.group13.333"
12	594	42583031	113	42559461	42606601	"evm.model.group12.1350"
8	594	28772868	113	28749987	28795749	"evm.model.group8.406.1"
2	1743	89712389.5	117	89709952	89714827	"evm.model.group2.3090"
18	185	14826900	117	14824605	14829195	"evm.model.group18.643"
2	185	89566016	117	89563501	89568531	"evm.model.group2.3085"
1	211	120604403.5	117	120593863	120614944	"evm.model.group1.4116"
2	211	89626902	117	89625427	89628377	"evm.model.group2.3087"
2	211	89530496.5	117	89527874	89533119	"evm.model.group2.3084"
1	211	120704836.5	117	120700971	120708702	"evm.model.group1.4119"
8	847	47713819	117	47713590	47714048	"evm.model.group8.994"
2	847	100377404.5	117	100368444	100386365	"evm.model.group2.3588"
0	847	29278637.5	117	29278410	29278865	"evm.model.group0.1401"
12	847	44962635.5	117	44962408	44962863	"evm.model.group12.1459"
12	847	47821807.5	117	47821580	47822035	"evm.model.group12.1599"
8	847	47709064.5	117	47707963	47710166	"evm.model.group8.993"
0	3959	166557282	118	166549476	166565088	"evm.model.group0.5253"
9	1346	60551078.5	122	60532825	60569332	"evm.model.group9.1782"
3	1346	30422792	122	30416176	30429408	"evm.model.group3.1465"
15	3370	36883574	129	36865359	36901789	"evm.model.group15.739"
0	1035	113455534	129	113450090	113460978	"evm.model.group0.3059"
0	1035	113449431.5	129	113448872	113449991	"evm.model.group0.3058"
13	535	60464656	130	60460877	60468435	"evm.model.group13.1994"
0	535	165526081	130	165524135	165528027	"evm.model.group0.5229"
3	3639	34095458	131	34084784	34106132	"evm.model.group3.1606"
3	3288	34169859	131	34158680	34181038	"evm.model.group3.1610"
17	254	16122829	131	16112991	16132667	"evm.model.group17.807"
17	254	15819273.5	131	15818617	15819930	"evm.model.group17.799"
1	254	57880799	131	57879184	57882414	"evm.model.group1.2212"
17	254	16658772	131	16657710	16659834	"evm.model.group17.837"
16	254	43036405.5	131	43035377	43037434	"evm.model.group16.1054"
14	3784	25574236	133	25573962	25574510	"evm.model.group14.524"
11	3784	53355303.5	133	53354088	53356519	"evm.model.group11.1898"
4	3784	62100811.5	133	62100119	62101504	"evm.model.group4.1196"
5	3784	33205579	133	33205032	33206126	"evm.model.group5.750"
11	3784	53942466.5	133	53942164	53942769	"evm.model.group11.1935"
4	2655	62395750.5	133	62363579	62427922	"evm.model.group4.1207.1"
11	2655	53308342.5	133	53289697	53326988	"evm.model.group11.1895"
15	2732	58832432.5	133	58823639	58841226	"evm.model.group15.1716"
12	2732	36392041	133	36379350	36404732	"evm.model.group12.1139"
3	743	14557835.5	136	14549790	14565881	"evm.model.group3.700"
3	743	11309567	136	11307892	11311242	"evm.model.group3.563"
10	743	50220198	136	50202032	50238364	"evm.model.group10.1036"
10	743	45001203	136	44987365	45015041	"evm.model.group10.831"
3	716	14500528.5	136	14498839	14502218	"evm.model.group3.697"
4	716	49165808	136	49163458	49168158	"evm.model.group4.757"
10	716	45086177.5	136	45084659	45087696	"evm.model.group10.836"
4	1537	38836868	136	38831136	38842600	"evm.model.group4.452"
4	1537	39092366	136	39091873	39092859	"evm.model.group4.459"
10	1537	45556718.5	136	45550387	45563050	"evm.model.group10.855"
10	1537	45573020.5	136	45569684	45576357	"evm.model.group10.856"
3	1537	14453656.5	136	14449644	14457669	"evm.model.group3.691.1"
1	1537	136224127.5	136	136216214	136232041	"evm.model.group1.4722"
4	4269	38900215.5	136	38898109	38902322	"evm.model.group4.454"
4	1538	38822752.5	136	38822603	38822902	"evm.model.group4.451"
10	2870	45043463.5	136	45040351	45046576	"evm.model.group10.833"
10	2870	44622707.5	136	44621199	44624216	"evm.model.group10.820"
4	2870	38795282	136	38784462	38806102	"evm.model.group4.450"
3	3943	29576552	139	29535653	29617451	"evm.model.group3.1416"
0	675	145881963.5	139	145879440	145884487	"evm.model.group0.4393"
3	675	29631762	139	29629404	29634120	"evm.model.group3.1417"
9	675	61090420	139	61088207	61092633	"evm.model.group9.1819"
6	675	67676190.5	139	67674482	67677899	"evm.model.group6.1725"
6	667	67491228	139	67490551	67491905	"evm.model.group6.1715"
3	667	29779443.5	139	29753412	29805475	"evm.model.group3.1424"
9	667	60939908	139	60939577	60940239	"evm.model.group9.1810"
3	667	29836983.5	139	29836105	29837862	"evm.model.group3.1426"
9	667	60973450.5	139	60963294	60983607	"evm.model.group9.1814"
3	812	29863742	139	29854533	29872951	"evm.model.group3.1428"
9	812	60920256	139	60916960	60923552	"evm.model.group9.1809"
0	665	146082894.5	139	146081924	146083865	"evm.model.group0.4405"
3	665	30113114	139	30112257	30113971	"evm.model.group3.1446"
11	4236	62385134	142	62383445	62386823	"evm.model.group11.2241"
11	4811	62445984	142	62416215	62475753	"evm.model.group11.2242"
11	6270	60366754	142	60314184	60419324	"evm.model.group11.2183"
11	1474	62893804	142	62884245	62903363	"evm.model.group11.2258"
1288	572	5985.5	143	5337	6634	"evm.model.contig1288.2"
18	905	1702149.5	145	1695389	1708910	"evm.model.group18.61"
15	2439	50094181.5	146	50082618	50105745	"evm.model.group15.1261"
0	2439	127215858.5	146	127211811	127219906	"evm.model.group0.3513"
1	2439	6322672.5	146	6319226	6326119	"evm.model.group1.298"
1	2439	6359701	146	6326192	6393210	"evm.model.group1.299"
12	2439	29882912	146	29866019	29899805	"evm.model.group12.810.1"
6	5521	74461603	149	74447052	74476154	"evm.model.group6.2079"
6	5521	74476990.5	149	74476235	74477746	"evm.model.group6.2080"
3	5521	134303	149	133363	135243	"evm.model.group3.2"
9	6013	67796886	149	67751926	67841846	"evm.model.group9.2146"
3	6013	74341	149	36684	111998	"evm.model.group3.1"
9	5792	67906359.5	149	67901097	67911622	"evm.model.group9.2147"
0	232	25690418	151	25671671	25709165	"evm.model.group0.1254"
13	2022	37822187.5	151	37821388	37822987	"evm.model.group13.923"
8	2022	51913627.5	151	51892430	51934825	"evm.model.group8.1181"
1	2022	51353581.5	151	51352645	51354518	"evm.model.group1.2015"
12	2022	46726322	151	46717923	46734721	"evm.model.group12.1547.1"
8	2022	50973032	151	50971237	50974827	"evm.model.group8.1135"
13	1988	37802819.5	151	37793969	37811670	"evm.model.group13.920"
12	992	46684184.5	151	46667280	46701089	"evm.model.group12.1545"
2	853	108687289.5	153	108683026	108691553	"evm.model.group2.4012"
1	853	102540737.5	153	102537475	102544000	"evm.model.group1.3317"
1	1695	102584708.5	153	102582283	102587134	"evm.model.group1.3320"
1	1927	102630450	153	102626792	102634108	"evm.model.group1.3323.1"
0	1927	131072568	153	131061588	131083548	"evm.model.group0.3698"
1	1927	3705595.5	153	3702441	3708750	"evm.model.group1.175"
2	1927	108488623.5	153	108488346	108488901	"evm.model.group2.3998"
828	1927	116465.5	153	113763	119168	"evm.model.contig828.9"
0	4577	162953348.5	155	162949459	162957238	"evm.model.group0.5108"
3	4577	77552151.5	155	77550499	77553804	"evm.model.group3.2667"
6	4577	16172421	155	16170807	16174035	"evm.model.group6.258"
2	852	108815139	160	108809905	108820373	"evm.model.group2.4022"
1	852	102374669	160	102367387	102381951	"evm.model.group1.3311"
12	548	55170055	162	55164636	55175474	"evm.model.group12.1956"
0	548	18647853.5	162	18638787	18656920	"evm.model.group0.959"
0	548	18659633	162	18659269	18659997	"evm.model.group0.960"
12	548	55154991	162	55154606	55155376	"evm.model.group12.1955"
13	548	45920250	162	45920006	45920494	"evm.model.group13.1272"
13	548	45896628	162	45880696	45912560	"evm.model.group13.1271"
8	548	57954025.5	162	57945858	57962193	"evm.model.group8.1448"
8	548	57937354	162	57937020	57937688	"evm.model.group8.1447"
2	859	107139924.5	163	107133286	107146563	"evm.model.group2.3926"
7	859	70754518	163	70749761	70759275	"evm.model.group7.2450"
18	875	1758604	163	1758000	1759208	"evm.model.group18.64"
7	1659	70721817	163	70721654	70721980	"evm.model.group7.2449"
7	160	70668828.5	163	70652508	70685149	"evm.model.group7.2445"
18	160	1621736.5	163	1609530	1633943	"evm.model.group18.60"
2	160	107257970.5	163	107250066	107265875	"evm.model.group2.3929"
0	160	2929109.5	163	2926297	2931922	"evm.model.group0.163"
5	5439	45745823	166	45733554	45758092	"evm.model.group5.1145"
14	5439	34192414	166	34179576	34205252	"evm.model.group14.729"
4	5629	66752404.5	166	66739627	66765182	"evm.model.group4.1377.1"
11	5629	47393928	166	47391659	47396197	"evm.model.group11.1596"
4	2648	84069977.5	167	84063498	84076457	"evm.model.group4.2115"
11	2648	34180276.5	167	34176387	34184166	"evm.model.group11.1032"
14	2648	57726406.5	167	57724871	57727942	"evm.model.group14.1621"
5	2648	71478238.5	167	71475925	71480552	"evm.model.group5.2255"
4	2648	84033044.5	167	84032418	84033671	"evm.model.group4.2112"
11	2648	34103571.5	167	34102945	34104198	"evm.model.group11.1026"
12	2035	47642526	167	47633362	47651690	"evm.model.group12.1588"
8	2035	52825920.5	167	52810894	52840947	"evm.model.group8.1209"
0	2035	13163261	167	13162993	13163529	"evm.model.group0.682"
4	2035	84045708.5	167	84040424	84050993	"evm.model.group4.2113"
3	2035	3895168.5	167	3889400	3900937	"evm.model.group3.221"
11	3443	34047238.5	167	34045262	34049215	"evm.model.group11.1024"
7	877	58432232.5	169	58425416	58439049	"evm.model.group7.1807"
1	3179	111690838	169	111683683	111697993	"evm.model.group1.3740"
1	3179	121043474	169	121034681	121052267	"evm.model.group1.4128"
3	5656	679792	171	675930	683654	"evm.model.group3.20"
0	5657	138517130	171	138502688	138531572	"evm.model.group0.4053"
17	1308	44478436.5	171	44475278	44481595	"evm.model.group17.1547"
3	1308	821418.5	171	818406	824431	"evm.model.group3.30"
9	1308	67640360.5	171	67615424	67665297	"evm.model.group9.2142"
9	1308	67569222.5	171	67561906	67576539	"evm.model.group9.2138"
16	1308	12177174.5	171	12165890	12188459	"evm.model.group16.226"
3	1308	990967.5	171	986338	995597	"evm.model.group3.38"
6	1308	74059568	171	74055031	74064105	"evm.model.group6.2056"
3	10179	752086.5	171	751685	752488	"evm.model.group3.24"
3	6258	728057.5	171	727518	728597	"evm.model.group3.22"
17	5927	34055597	174	34054888	34056306	"evm.model.group17.1427"
16	4869	19941924.5	174	19890470	19993379	"evm.model.group16.335"
17	4869	35318328.5	174	35309972	35326685	"evm.model.group17.1445"
17	4868	36090487	174	36066046	36114928	"evm.model.group17.1452"
9	6170	64691321	175	64682105	64700537	"evm.model.group9.1985"
3	6170	4427057.5	175	4426529	4427586	"evm.model.group3.248"
10	1951	16133928	176	16133336	16134520	"evm.model.group10.301"
4	1951	915817.5	176	915200	916435	"evm.model.group4.12"
3	1951	11151757.5	176	11139566	11163949	"evm.model.group3.558"
1	1951	90772060	176	90766343	90777777	"evm.model.group1.2904"
2	506	88744696	176	88731582	88757810	"evm.model.group2.3049"
1	506	121418044.5	176	121407304	121428785	"evm.model.group1.4153"
7	506	55640389	176	55635080	55645698	"evm.model.group7.1687"
2	506	40661909	176	40652252	40671566	"evm.model.group2.1770"
2	3714	44530066.5	176	44529563	44530570	"evm.model.group2.1884"
7	3714	27408484	176	27407958	27409010	"evm.model.group7.871"
17	3067	11443954.5	176	11443391	11444518	"evm.model.group17.615"
2	3067	20765310.5	176	20764747	20765874	"evm.model.group2.933"
16	3067	46766967.5	176	46764475	46769460	"evm.model.group16.1216"
5	1958	45274468	178	45274140	45274796	"evm.model.group5.1131"
14	1958	33654563	178	33654248	33654878	"evm.model.group14.718"
14	4206	33821581	178	33819218	33823944	"evm.model.group14.724"
5	4206	45361634.5	178	45353749	45369520	"evm.model.group5.1135"
1	8724	4992239.5	179	4990693	4993786	"evm.model.group1.243"
1	1658	5017327	179	5010433	5024221	"evm.model.group1.246"
0	1658	128498949.5	179	128494796	128503103	"evm.model.group0.3571.1"
7	1658	65594090.5	179	65591702	65596479	"evm.model.group7.2212"
15	1658	51021900.5	179	51015467	51028334	"evm.model.group15.1318"
0	1658	128460251	179	128456307	128464195	"evm.model.group0.3570"
1	1658	108520114	179	108519576	108520652	"evm.model.group1.3610"
1	2296	107995200	179	107990052	108000348	"evm.model.group1.3577"
1	2296	108261135	179	108255687	108266583	"evm.model.group1.3592"
2	2296	101886085.5	179	101878800	101893371	"evm.model.group2.3660"
2	2296	101893702	179	101893483	101893921	"evm.model.group2.3661"
18	901	6036276.5	179	6033085	6039468	"evm.model.group18.248"
7	901	66112283	179	66100793	66123773	"evm.model.group7.2241"
17	3108	8423299	183	8421841	8424757	"evm.model.group17.476"
16	2912	50706506	183	50696664	50716348	"evm.model.group16.1397"
1	2912	32405056.5	183	32393831	32416282	"evm.model.group1.1319"
1	1634	32498064	183	32495730	32500398	"evm.model.group1.1325"
2	1794	26175305.5	183	26169553	26181058	"evm.model.group2.1169"
13	2038	32108580	186	32103507	32113653	"evm.model.group13.723"
8	2038	49142895	186	49142489	49143301	"evm.model.group8.1048"
17	455	21222764	186	21217153	21228375	"evm.model.group17.1036"
17	455	10565642	186	10558998	10572286	"evm.model.group17.577"
16	455	36434061	186	36432087	36436035	"evm.model.group16.786"
13	45	32137444	186	32122240	32152648	"evm.model.group13.724"
8	45	49182129.5	186	49147048	49217211	"evm.model.group8.1049"
0	45	28053152.5	186	28035868	28070437	"evm.model.group0.1351"
3	2090	27972470.5	189	27953105	27991836	"evm.model.group3.1335"
6	2090	69249428	189	69244629	69254227	"evm.model.group6.1817"
0	2090	144386103	189	144380594	144391612	"evm.model.group0.4335"
3	2665	37904126.5	189	37900398	37907855	"evm.model.group3.1759"
9	2665	52421414.5	189	52414399	52428430	"evm.model.group9.1501"
6	2663	54798660	189	54781605	54815715	"evm.model.group6.1170"
0	2663	153945926.5	189	153921579	153970274	"evm.model.group0.4743"
0	2663	153985836.5	189	153975502	153996171	"evm.model.group0.4745"
0	142	153901449.5	189	153898115	153904784	"evm.model.group0.4740"
6	142	55016778	189	55000172	55033384	"evm.model.group6.1178"
2	3352	36369229	190	36368143	36370315	"evm.model.group2.1615"
2	3352	36397934	190	36396887	36398981	"evm.model.group2.1616"
7	6106	10051953	190	10051784	10052122	"evm.model.group7.400"
2	186	36572994	190	36571808	36574180	"evm.model.group2.1623"
1	186	96650469.5	190	96648978	96651961	"evm.model.group1.3097"
2	3355	36689286	190	36668070	36710502	"evm.model.group2.1627"
7	3698	9881421	190	9868201	9894641	"evm.model.group7.394"
1	3369	11420993.5	191	11415335	11426652	"evm.model.group1.517"
15	2740	44268009.5	191	44266552	44269467	"evm.model.group15.1005"
0	2740	120585172	191	120583958	120586386	"evm.model.group0.3278"
1	2740	11379272	191	11378057	11380487	"evm.model.group1.515"
16	6071	15082166	191	15081639	15082693	"evm.model.group16.260"
17	6071	38535715.5	191	38535055	38536376	"evm.model.group17.1492"
2	6071	7663290	191	7662632	7663948	"evm.model.group2.345"
1	4304	133661858.5	191	133660257	133663460	"evm.model.group1.4629"
16	4304	16322665	191	16322204	16323126	"evm.model.group16.283.1"
17	4304	36561363.5	191	36560789	36561938	"evm.model.group17.1462"
2	4304	7607747.5	191	7598204	7617291	"evm.model.group2.343"
11	1264	2698934.5	192	2696672	2701197	"evm.model.group11.109"
5	398	43645826.5	192	43639558	43652095	"evm.model.group5.1072"
11	398	48510296.5	192	48503477	48517116	"evm.model.group11.1653"
14	398	31728983	192	31722077	31735889	"evm.model.group14.670"
4	398	65857892	192	65849397	65866387	"evm.model.group4.1340"
2	3472	73922750.5	193	73919470	73926031	"evm.model.group2.2501"
1	3434	26088031.5	195	26086904	26089159	"evm.model.group1.1073"
0	3434	74500346	195	74499906	74500786	"evm.model.group0.2354"
0	2753	74938542.5	195	74910815	74966270	"evm.model.group0.2359"
1	2753	25525040.5	195	25517456	25532625	"evm.model.group1.1052"
15	2753	2907265	195	2886227	2928303	"evm.model.group15.30"
9	153	58176822	199	58175813	58177831	"evm.model.group9.1690"
3	153	31421697	199	31420673	31422721	"evm.model.group3.1513"
0	1333	148841032	199	148840362	148841702	"evm.model.group0.4515"
3	1333	31555657	199	31553584	31557730	"evm.model.group3.1515"
6	1333	64202720.5	199	64200880	64204561	"evm.model.group6.1554"
9	1333	58066877	199	58065577	58068177	"evm.model.group9.1687"
2	1574	34680274	203	34673707	34686841	"evm.model.group2.1563"
2	3055	34617857	203	34600767	34634947	"evm.model.group2.1559"
17	3055	2472546.5	203	2468253	2476840	"evm.model.group17.145"
16	3055	58691342.5	203	58689444	58693241	"evm.model.group16.1850"
16	7867	58785513.5	203	58774882	58796145	"evm.model.group16.1855"
17	6745	2552406.5	203	2549227	2555586	"evm.model.group17.150"
4	3509	50433348	204	50411156	50455540	"evm.model.group4.796"
18	427	44600709.5	204	44553854	44647565	"evm.model.group18.1412"
4	427	50386565	204	50374482	50398648	"evm.model.group4.794"
1	427	140675369.5	204	140661824	140688915	"evm.model.group1.4879"
4	427	50403790.5	204	50398830	50408751	"evm.model.group4.795"
12	1621	6473654	205	6472858	6474450	"evm.model.group12.86"
2	1621	16405241	205	16400763	16409719	"evm.model.group2.736"
17	1621	17272654	205	17266655	17278653	"evm.model.group17.865"
2	1621	16435044	205	16428884	16441204	"evm.model.group2.738"
17	1621	17239887	205	17225916	17253858	"evm.model.group17.864"
8	543	28929618.5	207	28903115	28956122	"evm.model.group8.408"
12	5539	42853168	207	42852693	42853643	"evm.model.group12.1365"
12	5539	9820835.5	207	9812437	9829234	"evm.model.group12.162"
8	5539	29503872.5	207	29503390	29504355	"evm.model.group8.413"
0	3388	93755051.5	207	93742199	93767904	"evm.model.group0.2650"
0	1378	93832616.5	207	93817351	93847882	"evm.model.group0.2653"
8	1378	43346350	207	43323682	43369018	"evm.model.group8.866"
0	1378	93876933	207	93848048	93905818	"evm.model.group0.2654"
1	1378	22751613.5	207	22722658	22780569	"evm.model.group1.953"
12	5434	42803795.5	207	42789319	42818272	"evm.model.group12.1363"
6	2191	44401544	208	44397651	44405437	"evm.model.group6.813"
0	71	155103454.5	208	155097353	155109556	"evm.model.group0.4785.1"
6	71	53093394.5	208	53079929	53106860	"evm.model.group6.1106"
3	9258	62179590.5	211	62173222	62185959	"evm.model.group3.2415"
12	311	32989784.5	212	32969952	33009617	"evm.model.group12.964"
1	311	3205837.5	212	3187366	3224309	"evm.model.group1.148"
15	311	53377809	212	53366220	53389398	"evm.model.group15.1446"
2	3206	108208435	212	108199632	108217238	"evm.model.group2.3983"
7	2266	69717365.5	212	69694868	69739863	"evm.model.group7.2407"
7	876	69987091.5	212	69978871	69995312	"evm.model.group7.2423"
10	792	23210258.5	213	23210055	23210462	"evm.model.group10.395"
1	792	131723426.5	213	131719362	131727491	"evm.model.group1.4568"
18	792	35175892.5	213	35154435	35197350	"evm.model.group18.1203"
13	1149	49652421	214	49651241	49653601	"evm.model.group13.1418"
0	2495	14475435.5	214	14470608	14480263	"evm.model.group0.751"
13	2495	49641661	214	49636607	49646715	"evm.model.group13.1417"
0	3817	6672627.5	217	6669634	6675621	"evm.model.group0.347"
13	3817	55115513.5	217	55113952	55117075	"evm.model.group13.1720"
8	3817	62177268.5	217	62176882	62177655	"evm.model.group8.1648"
3	1311	568822.5	217	559816	577829	"evm.model.group3.15"
17	1767	4274440	221	4273360	4275520	"evm.model.group17.258"
2	1767	30257194.5	221	30256244	30258145	"evm.model.group2.1371"
16	1791	53349189.5	221	53343037	53355342	"evm.model.group16.1536"
2	1791	30110910	221	30108623	30113197	"evm.model.group2.1361"
17	4028	52588501.5	226	52580522	52596481	"evm.model.group17.1697"
2	4028	22257300.5	226	22247468	22267133	"evm.model.group2.1016"
17	3469	52372443.5	226	52317551	52427336	"evm.model.group17.1694.1"
4	372	85723739.5	230	85723401	85724078	"evm.model.group4.2194"
14	372	55310400.5	230	55308389	55312412	"evm.model.group14.1512"
11	372	37806635.5	230	37804101	37809170	"evm.model.group11.1181"
17	373	2571900.5	230	2568999	2574802	"evm.model.group17.152"
5	373	69349498	230	69338518	69360478	"evm.model.group5.2145"
14	373	55381560	230	55379238	55383882	"evm.model.group14.1515"
17	4398	2627411.5	230	2626275	2628548	"evm.model.group17.154.1"
2	4398	34818683	230	34817474	34819892	"evm.model.group2.1572"
16	6731	58982268.5	230	58974263	58990274	"evm.model.group16.1870"
14	1254	55285626.5	230	55280033	55291220	"evm.model.group14.1509"
5	1254	69250060.5	230	69245966	69254155	"evm.model.group5.2142"
11	1254	37890382	230	37886300	37894464	"evm.model.group11.1185"
8	940	58149148	236	58147956	58150340	"evm.model.group8.1463"
10	940	41383219	236	41381828	41384610	"evm.model.group10.716"
0	4	20281238	238	20259935	20302541	"evm.model.group0.1042"
0	4	22077846.5	238	22076740	22078953	"evm.model.group0.1125"
13	4	43176654	238	43175618	43177690	"evm.model.group13.1156"
13	4	44789018	238	44763800	44814236	"evm.model.group13.1223"
0	2328	20239897.5	238	20236868	20242927	"evm.model.group0.1041.1"
12	2328	55843796	238	55841939	55845653	"evm.model.group12.1993"
8	2328	58987905.5	238	58985504	58990307	"evm.model.group8.1503"
12	2002	55829850.5	238	55829683	55830018	"evm.model.group12.1990"
12	2002	55830664.5	238	55830398	55830931	"evm.model.group12.1991"
0	5	20075714.5	238	20062575	20088854	"evm.model.group0.1027"
12	5	55825416	238	55821910	55828922	"evm.model.group12.1989"
8	5	58946940.5	238	58943032	58950849	"evm.model.group8.1498"
0	5	163570901.5	238	163570302	163571501	"evm.model.group0.5138"
7	168	64925627.5	244	64918028	64933227	"evm.model.group7.2155"
18	168	8237125.5	244	8232049	8242202	"evm.model.group18.361"
2	168	93224868.5	244	93221325	93228412	"evm.model.group2.3242"
7	168	63703861	244	63694612	63713110	"evm.model.group7.2085"
1	168	118200318.5	244	118195127	118205510	"evm.model.group1.4020"
2	168	93085559.5	244	93079884	93091235	"evm.model.group2.3236"
8	4830	3253489.5	245	3251867	3255112	"evm.model.group8.37"
0	4854	60065903.5	245	60053699	60078108	"evm.model.group0.2002.1"
0	1117	88652764.5	247	88648482	88657047	"evm.model.group0.2582"
13	550	49665695	249	49663949	49667441	"evm.model.group13.1420"
2	969	68691812	249	68657752	68725872	"evm.model.group2.2361"
17	969	12957977	249	12956505	12959449	"evm.model.group17.688"
2	969	19794922	249	19791323	19798521	"evm.model.group2.882"
16	969	45563505	249	45560145	45566865	"evm.model.group16.1163"
1	969	61627627	249	61626187	61629067	"evm.model.group1.2336"
