2	5440	27013122	0	27005493	27020751	"gene5268"
2	1200	292352603.5	0	292342332	292362875	"gene6503"
2	1215	106346755	0	106337832	106355678	"gene5642"
2	3404	158003726.5	0	157996733	158010720	"gene5953"
2	1199	104120153.5	0	104103685	104136622	"gene5631"
8	398	95545605	0	95544818	95546392	"gene28392"
6	398	625319423.5	0	625315965	625322882	"gene24060"
2	3137	303627044	0	303626454	303627634	"gene6539"
2	1216	294691685.5	0	294625996	294757375	"gene6512"
3	5629	211428845	0	211416243	211441447	"gene10295"
2	5629	832636391	0	832633018	832639764	"gene9002"
3	4811	254090587	0	254061316	254119858	"gene10488"
7	2227	502410116	0	502404729	502415503	"gene26842"
3	2227	326678678	0	326675190	326682166	"gene10745"
3	3343	378208125	0	378183949	378232301	"gene10943"
10	3393	293599830	0	293588631	293611029	"gene35839"
11	1378	94182128.5	1	94148963	94215294	"gene38317"
11	1378	92057324.5	1	92054621	92060028	"gene38297"
11	4492	169076177.5	1	169066741	169085614	"gene38696"
3	1374	141036264	1	141036032	141036496	"gene9937"
5	1389	379820771	1	379791555	379849987	"gene19143"
1	71	885852507	1	885833663	885871351	"gene4492"
3	2425	403086867	1	403079799	403093935	"gene11071"
1	1396	685378661	1	685375476	685381846	"gene3624"
1	284	693635194	1	693614331	693656057	"gene3664"
5	1927	492055766.5	1	492050910	492060623	"gene19612"
5	1927	498136619.5	1	498133353	498139886	"gene19648"
1	1102	673186673	1	673186337	673187009	"gene3552"
1	311	675439642.5	1	675385210	675494075	"gene3558"
8	1821	488547734.5	2	488537584	488557885	"gene30155"
11	1407	74991838.5	2	74983962	74999715	"gene38170"
11	3388	94416605.5	2	94381671	94451540	"gene38318"
2	1362	542782392.5	2	542775963	542788822	"gene7604"
5	2467	525391193.5	2	525382100	525400287	"gene19753"
8	3369	213135262	2	213134888	213135636	"gene29003"
7	2391	649833008.5	3	649793901	649872116	"gene27719"
7	801	105875703.5	3	105873863	105877544	"gene25092"
7	801	646487652.5	3	646480018	646495287	"gene27695"
5	6473	358320643.5	3	358313289	358327998	"gene19044"
5	4868	353357503.5	3	353357067	353357940	"gene19021"
5	4868	353401557	3	353394162	353408952	"gene19022"
5	4304	340776270	3	340767164	340785376	"gene18989"
10	3370	608148663	3	608137359	608159967	"gene37311"
10	1036	587926208.5	3	587922253	587930164	"gene37207"
10	1036	585829884.5	3	585820723	585839046	"gene37193"
3	5984	345244523.5	4	345241362	345247685	"gene10825"
3	2678	776514166	4	776499460	776528872	"gene13078"
7	3998	326372220.5	4	326358617	326385824	"gene25967"
9	1277	431152378	5	431140350	431164406	"gene33228"
8	4392	179749942.5	5	179749598	179750287	"gene28808"
9	1276	415414568	5	415408119	415421017	"gene33168"
8	4530	159691212	5	159690216	159692208	"gene28710"
4	2503	22010253	5	22000698	22019808	"gene13585"
4	232	312598311	5	312597167	312599455	"gene15063"
4	2022	314869082.5	5	314868881	314869284	"gene15078"
1	254	175866584.5	6	175865074	175868095	"gene918"
9	1373	420156140.5	6	420107833	420204448	"gene33184"
8	1266	12287883.5	6	12283737	12292030	"gene27853"
5	1266	24052073	6	24050537	24053609	"gene17458"
4	1791	12326730.5	7	12323905	12329556	"gene13526"
4	1767	12742896	7	12741394	12744398	"gene13532"
7	266	639265060.5	7	639263350	639266771	"gene27621"
6	373	14888829.5	7	14887764	14889895	"gene20794"
6	373	20819798.5	7	20813540	20826057	"gene20852"
6	373	16843581	7	16843044	16844118	"gene20824"
6	1254	25666699	7	25655482	25677916	"gene20908"
10	1035	607104362.5	8	607104108	607104617	"gene37304"
10	1035	607094333.5	8	607092801	607095866	"gene37303"
10	1041	558263376	8	558231598	558295154	"gene37066"
5	2431	523076660	8	523026745	523126575	"gene19740"
4	3377	704515178.5	8	704501431	704528926	"gene17184"
4	2743	702184778	8	702174651	702194905	"gene17175"
5	1382	531729347	8	531726151	531732543	"gene19779"
5	7314	512115797	8	512110673	512120921	"gene19680"
8	2737	47185481.5	8	47167368	47203595	"gene28120"
4	997	599913802	9	599912814	599914790	"gene16573"
5	4869	357651499	9	357648698	357654300	"gene19043"
8	4577	609403951.5	10	609397433	609410470	"gene30844"
8	3329	583851733.5	10	583849996	583853471	"gene30657"
4	3266	336228711.5	10	336220309	336237114	"gene15172"
4	788	195432506.5	10	195400446	195464567	"gene14527"
4	1774	227014404	10	227012828	227015980	"gene14652"
2	792	118417460	10	118415971	118418949	"gene5706"
9	2570	539857956	11	539837711	539878201	"gene33727"
9	2570	539899685.5	11	539889502	539909869	"gene33728"
5	6201	673970409	11	673879372	674061446	"gene20542"
3	3666	10902098	11	10720492	11083704	"gene9282"
3	795	497862486.5	11	497695202	498029771	"gene11461"
3	1269	491960211.5	11	491959286	491961137	"gene11442"
3	3482	489735097	11	489734696	489735498	"gene11432"
10	3536	172433250.5	12	172397092	172469409	"gene35352"
8	3384	187276437	12	187249922	187302952	"gene28862"
8	2413	190213389	12	190047862	190378916	"gene28874"
8	2414	189585476.5	12	189575878	189595075	"gene28871"
9	2728	191428338	12	191427878	191428798	"gene32266"
8	2728	135576538	12	135570686	135582390	"gene28583"
9	1057	420859037.5	12	420824972	420893103	"gene33187"
10	958	217934363.5	12	217924716	217944011	"gene35532"
4	1540	259495370	13	259489723	259501017	"gene14814"
4	6395	258664056.5	13	258663448	258664665	"gene14809"
4	1930	254967794	13	254963565	254972023	"gene14796"
4	1930	255697938	13	255691505	255704371	"gene14801"
4	1940	252795286	13	252794062	252796510	"gene14778"
11	125	115189639	13	115174515	115204763	"gene38446"
11	1947	116231118	13	116225376	116236860	"gene38453"
11	1517	32540599	13	32517774	32563424	"gene37876"
11	1468	33158961	13	33153596	33164326	"gene37885"
8	1082	132460920	14	132389905	132531935	"gene28566"
8	1083	137299940	14	137283749	137316131	"gene28596"
8	2092	143682593	14	143662412	143702774	"gene28611"
8	2417	192681728	14	192681411	192682045	"gene28895"
8	2415	190585604.5	14	190582038	190589171	"gene28876"
8	2732	7690952	14	7687299	7694605	"gene27837"
6	663	350878563.5	14	350876285	350880842	"gene22681"
8	663	434944123.5	14	434940698	434947549	"gene29918"
1	1841	718702978.5	15	718686748	718719209	"gene3766"
1	1890	724805882.5	15	724805345	724806420	"gene3798"
1	1889	728428876.5	15	728427839	728429914	"gene3813"
1	1697	731745283.5	15	731721863	731768704	"gene3822"
10	3472	225495039.5	16	225481969	225508110	"gene35572"
1	3472	662197348.5	16	662196003	662198694	"gene3507"
10	1673	230681824.5	16	230674851	230688798	"gene35600"
2	969	270094514	16	270093972	270095056	"gene6430"
1	467	288311849.5	16	288309155	288314544	"gene1669"
4	464	683814988	16	683784559	683845417	"gene17049"
5	4028	615660695	17	615652552	615668838	"gene20224"
5	3469	615057208	17	614935345	615179071	"gene20216"
6	2934	371684452	17	371624887	371744017	"gene22769"
7	1463	16785210.5	17	16784432	16785989	"gene24659"
10	732	531457834.5	18	531453131	531462538	"gene36894"
10	2851	531631069.5	18	531617162	531644977	"gene36899"
10	4159	585497841	18	585472451	585523231	"gene37188"
10	2119	530935449.5	18	530929203	530941696	"gene36889"
10	2119	530894107.5	18	530860454	530927761	"gene36887"
10	766	505713890	18	505708522	505719258	"gene36760"
10	1524	563257769.5	18	563236687	563278852	"gene37075"
11	4158	262425566	19	262391568	262459564	"gene39076"
11	1493	244632039	19	244627117	244636961	"gene38989"
7	848	10029878	20	10016018	10043738	"gene24596"
9	1835	203471493	20	203462039	203480947	"gene32302"
9	1835	210525431	20	210497935	210552927	"gene32332"
9	168	127479426	20	127478666	127480186	"gene31991"
9	899	33408781	20	33396931	33420631	"gene31387"
9	899	42818549	20	42804017	42833081	"gene31464"
9	3000	66386178.5	20	66385453	66386904	"gene31593"
9	1840	8760888	20	8760719	8761057	"gene31246"
9	881	57780292	20	57779173	57781411	"gene31539"
10	2789	473938958.5	21	473923506	473954411	"gene36598"
10	1412	476895652	21	476890659	476900645	"gene36612"
10	1459	482966267.5	21	482964956	482967579	"gene36636"
3	1207	820008564	21	820005870	820011258	"gene13292"
6	2827	601722562.5	21	601722309	601722816	"gene23923"
6	1222	588697395	22	588697199	588697591	"gene23853"
6	1671	346444278	22	346429336	346459220	"gene22646"
6	754	340905050.5	22	340903937	340906164	"gene22602"
11	754	243150100	22	243149163	243151037	"gene38977"
6	2402	377002888	22	377000892	377004884	"gene22802"
6	2948	439193516.5	22	439186754	439200279	"gene23176"
6	3079	439013497	22	439010859	439016135	"gene23172"
6	186	420151828.5	22	420150067	420153590	"gene23069"
6	3355	415044198.5	22	414968609	415119788	"gene23044"
6	3698	412320666.5	22	412313021	412328312	"gene23034"
7	2527	642519185	23	642516525	642521845	"gene27653"
7	3741	608069395	23	608066634	608072156	"gene27358"
7	1990	607598951.5	23	607592105	607605798	"gene27357"
7	2392	645265334.5	23	645238866	645291803	"gene27684"
3	1989	96460288.5	23	96452841	96467736	"gene9747"
3	1989	57116950	23	57106339	57127561	"gene9551"
3	610	104474780	23	104470902	104478658	"gene9780"
3	552	105869550	23	105833664	105905436	"gene9786"
4	471	504614143.5	23	504605197	504623090	"gene15966"
8	2243	568476828	24	568473265	568480391	"gene30580"
4	4335	67062728.5	25	67053561	67071896	"gene13861"
11	2535	2158165	25	2154461	2161869	"gene37554"
11	2536	76547227.5	25	76504099	76590356	"gene38181"
11	1164	899431.5	25	894563	904300	"gene37536"
4	579	54238193.5	26	54229021	54247366	"gene13763"
10	2038	189042608.5	26	189035617	189049600	"gene35409"
11	1980	2050539	26	2041601	2059477	"gene37551"
11	4242	29707218	28	29673618	29740818	"gene37848"
11	2756	73816217	28	73786652	73845782	"gene38159"
11	3791	74851462.5	28	74795794	74907131	"gene38168"
11	3791	76233375.5	28	76221216	76245535	"gene38180"
11	2753	2369236	28	2354776	2383696	"gene37558"
5	1397	387274005.5	28	387225789	387322222	"gene19185"
5	1397	387221065	28	387216310	387225820	"gene19184"
5	2473	531488475.5	29	531476286	531500665	"gene19777"
4	1404	697268368	29	697259383	697277353	"gene17140"
8	1072	37176961	29	37163207	37190715	"gene28045"
9	1054	203855810.5	29	203854928	203856693	"gene32303"
10	1054	586227992.5	29	586225378	586230607	"gene37196"
1	2105	938535027	30	938526511	938543543	"gene4851"
1	3914	759787624.5	30	759736975	759838274	"gene3948"
7	3058	639058858	31	639046005	639071711	"gene27617"
6	1795	36806368	31	36805328	36807408	"gene21023"
6	155	35503591.5	31	35498185	35508998	"gene21017"
6	265	118580966	31	118574501	118587431	"gene21609"
6	1797	89465865.5	31	89464942	89466789	"gene21374"
3	827	85895876.5	32	85880344	85911409	"gene9690"
3	3348	86217610	32	86201553	86233667	"gene9695"
3	3347	86501044	32	86393380	86608708	"gene9696"
3	939	804810832.5	32	804780120	804841545	"gene13237"
8	3677	497174741	33	497171834	497177648	"gene30208"
9	3677	633500136.5	33	633494741	633505532	"gene34287"
9	3591	459531183	33	459523691	459538675	"gene33346"
10	4512	73529406.5	34	73524206	73534607	"gene34850"
9	870	69471343.5	34	69469569	69473118	"gene31616"
9	870	519645781.5	34	519634388	519657175	"gene33614"
10	1411	531539260.5	35	531521982	531556539	"gene36897"
7	5792	654641061.5	35	654618591	654663532	"gene27766"
7	6013	654136948.5	35	654125940	654147957	"gene27760"
7	5521	653991913	35	653988825	653995001	"gene27756"
7	1312	603968971.5	35	603946332	603991611	"gene27330"
7	5124	621954066.5	35	621941079	621967054	"gene27452"
5	1087	409029954.5	36	409024573	409035336	"gene19243"
1	1087	693809872.5	36	693803932	693815813	"gene3665"
3	1101	402706582	36	402703009	402710155	"gene11069"
3	1101	402625360.5	36	402566309	402684412	"gene11068"
8	453	485202299	36	485195969	485208629	"gene30145"
11	1826	434443994	36	434398006	434489982	"gene39944"
9	1066	561174715.5	37	561171887	561177544	"gene33806"
4	459	313241163.5	37	313200946	313281381	"gene15066"
9	2149	532212745	38	532207361	532218129	"gene33693"
11	771	436456433.5	38	436246908	436665959	"gene39961"
2	527	520299073	38	520296263	520301883	"gene7505"
4	1931	206766523	39	206668462	206864584	"gene14591"
8	847	528843843	40	528826619	528861067	"gene30410"
3	847	429238936	40	429235300	429242572	"gene11197"
8	183	529544089.5	40	529542103	529546076	"gene30414"
8	185	512666962	40	512664235	512669689	"gene30315"
1	1845	979555051	42	979545397	979564705	"gene5097"
1	3006	836500773.5	42	836500033	836501514	"gene4268"
1	913	816971899.5	42	816925370	817018429	"gene4173"
1	872	958503354.5	42	958498791	958507918	"gene4951"
6	504	476667858.5	43	476666886	476668831	"gene23319"
6	3357	343061392.5	43	343054801	343067984	"gene22617"
6	1709	637813909.5	43	637813382	637814437	"gene24148"
6	7172	633644398.5	43	633636429	633652368	"gene24123"
8	1911	210161417	43	210161155	210161679	"gene28980"
6	1911	661259573	43	661250458	661268688	"gene24388"
6	1912	452670117	43	452661445	452678789	"gene23213"
6	1912	452735026.5	43	452734368	452735685	"gene23214"
6	3352	423778362	43	423777600	423779124	"gene23092"
6	3104	374982861.5	43	374936785	375028938	"gene22791"
6	187	365418430	43	365364930	365471930	"gene22746"
6	2293	455182492	43	455180871	455184113	"gene23226"
6	1739	636711803	43	636710857	636712749	"gene24142"
9	2439	71199673	44	71194275	71205071	"gene31630"
4	930	685102250	45	685097376	685107124	"gene17058"
4	636	596400070	45	596394375	596405765	"gene16545"
4	67	522415201	45	522414231	522416171	"gene16077"
1	505	274460900	47	274459053	274462747	"gene1609"
7	505	251402892.5	47	251388676	251417109	"gene25693"
7	167	4877331	47	4876082	4878580	"gene24564"
7	849	7572919	47	7566631	7579207	"gene24585"
10	1346	101638329	49	101601828	101674830	"gene35011"
2	150	745720127.5	49	745711751	745728504	"gene8557"
10	1333	34404624	49	34397651	34411597	"gene34617"
1	3408	187342911.5	49	187341728	187344095	"gene1017"
6	372	26273243.5	49	26271672	26274815	"gene20910"
4	1766	423310608.5	50	423305694	423315523	"gene15548"
6	2510	186009243.5	54	185994496	186023991	"gene21900"
6	2336	192191795	54	192190881	192192709	"gene21938"
6	555	190128568.5	54	190113878	190143259	"gene21929"
4	2912	631379269.5	54	631376227	631382312	"gene16726"
4	2912	626334026.5	54	626332993	626335060	"gene16690"
4	1794	676206948	54	676195841	676218055	"gene16994"
9	6964	625505857	55	625501027	625510687	"gene34198"
11	5539	46664739.5	55	46658991	46670488	"gene37989"
11	2048	93549442.5	55	93542517	93556368	"gene38312"
10	4830	45878290.5	56	45875373	45881208	"gene34676"
10	4854	48743165.5	56	48738762	48747569	"gene34695"
1	3574	979069908	57	979069655	979070161	"gene5091"
3	2084	702751556	57	702693004	702810108	"gene12679"
7	837	637104869.5	57	637078430	637131309	"gene27603"
11	2305	5548894	58	5462130	5635658	"gene37588"
9	2305	564985437.5	58	564981052	564989823	"gene33827"
9	2305	568512913.5	58	568499125	568526702	"gene33844"
10	455	195867454.5	58	195860315	195874594	"gene35442"
4	145	363919138	58	363917958	363920318	"gene15277"
6	413	49207301	59	49206838	49207764	"gene21150"
6	2838	48406310.5	59	48397242	48415379	"gene21135"
4	1531	183999034.5	60	183997863	184000206	"gene14464"
4	1932	27229479	60	27210185	27248773	"gene13595"
5	5462	131700051.5	60	131617972	131782131	"gene18061"
11	4611	24503476.5	61	24499589	24507364	"gene37806"
7	499	179702645.5	63	179698063	179707228	"gene25408"
4	1014	659963022.5	64	659953258	659972787	"gene16904"
4	2390	244976851.5	64	244909949	245043754	"gene14745"
4	233	56344195.5	65	56343890	56344501	"gene13778"
8	1743	516703948	65	516701227	516706669	"gene30349"
8	211	523524602	65	523506680	523542524	"gene30387"
10	1544	187413964.5	66	187367874	187460055	"gene35403"
6	1264	623801509.5	66	623737302	623865717	"gene24051"
6	410	622475956	66	622475289	622476623	"gene24042"
7	3817	618244822.5	66	618238972	618250673	"gene27416"
5	5720	353893512	67	353890447	353896577	"gene19024"
5	6071	336158910	67	336157800	336160020	"gene18975"
5	1926	495104105	69	495063904	495144306	"gene19626"
5	1696	499357681.5	69	499351693	499363670	"gene19651"
5	5335	463882327	69	463866481	463898173	"gene19492"
4	851	489429674	69	489424789	489434559	"gene15876"
4	507	490023843	69	490021474	490026212	"gene15884"
4	1183	634647932	70	634647760	634648104	"gene16734"
4	1567	262196641	70	262188074	262205208	"gene14837"
8	2274	260476978.5	71	260460011	260493946	"gene29211"
10	34	236688769	72	236666901	236710637	"gene35627"
10	1525	563045050.5	73	563042352	563047749	"gene37070"
10	703	551922668	73	551914981	551930355	"gene37036"
10	110	492430878	73	492428721	492433035	"gene36685"
10	6426	584186452.5	73	584186072	584186833	"gene37176"
11	1234	26191375	74	26185354	26197396	"gene37824"
11	2584	26896810	74	26864396	26929224	"gene37829"
9	1816	579610667.5	74	579607822	579613513	"gene33911"
7	1223	13217775.5	74	13210188	13225363	"gene24625"
3	160	777176733	76	777168922	777184544	"gene13084"
1	160	135249456	76	135246498	135252414	"gene709"
1	160	143917314.5	76	143915552	143919077	"gene744"
7	160	66732223	76	66722342	66742104	"gene24900"
3	859	642617764	76	642611743	642623785	"gene12346"
3	875	642481106	76	642476323	642485889	"gene12342"
3	2232	761363090	76	761327763	761398417	"gene12981"
3	2232	732080827.5	76	732054776	732106879	"gene12851"
3	199	697520492	76	697518878	697522106	"gene12656"
1	1730	818946454	77	818866074	819026834	"gene4186"
1	1730	819104235.5	77	819055658	819152813	"gene4188"
1	3356	831218659.5	77	831194689	831242630	"gene4238"
1	5193	836241074	77	836239083	836243065	"gene4266"
8	6404	12733923	78	12732824	12735022	"gene27856"
9	303	194963597	78	194957951	194969243	"gene32283"
8	303	141526983	78	141523406	141530560	"gene28600"
8	2718	52350271.5	78	52349606	52350937	"gene28140"
8	1359	44334447.5	78	44334151	44334744	"gene28095"
8	1073	44140202	78	44087081	44193323	"gene28091"
6	462	438931038	79	438930731	438931345	"gene23171"
6	2897	376200978	79	376199854	376202102	"gene22797"
11	4249	335980947.5	81	335973089	335988806	"gene39436"
5	5589	11420755.5	81	11415362	11426149	"gene17382"
4	2199	403853932.5	82	403845984	403861881	"gene15439"
3	1882	756387627.5	83	756379820	756395435	"gene12964"
3	914	698489556.5	83	698489184	698489929	"gene12661"
1	1923	960038791.5	83	960014877	960062706	"gene4963"
3	3017	431073729	84	430964642	431182816	"gene11211"
3	4129	145913379.5	84	145900519	145926240	"gene9963"
5	1364	381340657.5	85	381334058	381347257	"gene19152"
4	991	93642755.5	86	93631488	93654023	"gene14007"
2	886	115796614.5	87	115700258	115892971	"gene5687"
2	887	271007976	87	271006710	271009242	"gene6431"
11	269	435107521.5	89	435105626	435109417	"gene39952"
11	3067	5235126.5	89	5234581	5235672	"gene37586"
10	449	219787955	90	219787514	219788396	"gene35542"
10	450	212270180	90	212268503	212271857	"gene35503"
10	1621	222757220	90	222709406	222805034	"gene35560"
7	2565	607240601	91	607238875	607242327	"gene27355"
6	1237	624168119	93	624152646	624183592	"gene24053"
8	1237	90090660	93	90081843	90099477	"gene28378"
6	2576	623524506	93	623518057	623530955	"gene24047"
6	1221	567599015	93	567573102	567624928	"gene23779"
9	1221	20423894	93	20423554	20424234	"gene31290"
6	1280	485379093	93	485354861	485403325	"gene23358"
6	2846	488660766.5	93	488650240	488671293	"gene23390"
6	3453	502388056	93	502387530	502388582	"gene23441"
6	3453	504698822	93	504682747	504714897	"gene23456"
6	1282	535459182	93	535454463	535463901	"gene23618"
5	1486	136438112	97	136435935	136440289	"gene18087"
5	713	126972054	97	126956881	126987227	"gene18039"
5	713	145538220.5	97	145527452	145548989	"gene18122"
5	940	127170347.5	97	127168681	127172014	"gene18041"
3	7644	718020087.5	97	718018560	718021615	"gene12759"
4	2960	256637540.5	99	256636664	256638417	"gene14802"
1	2191	884793246	99	884781727	884804765	"gene4483"
1	822	817754335.5	99	817745007	817763664	"gene4178"
3	87	775753437.5	99	775751000	775755875	"gene13076"
9	1762	28914120.5	101	28897858	28930383	"gene31352"
9	1562	134094242	101	134081184	134107300	"gene32021"
9	1059	91201407.5	101	91194677	91208138	"gene31770"
7	4063	333803266	101	333778739	333827793	"gene26009"
7	2264	339769790.5	101	339767899	339771682	"gene26030"
4	4252	193233354.5	104	193108697	193358012	"gene14513"
4	4876	228222780	104	228049892	228395668	"gene14654"
10	154	30089743	105	30087971	30091515	"gene34601"
10	153	30870786	105	30869583	30871989	"gene34604"
10	5452	93204167.5	105	93203582	93204753	"gene34952"
3	4289	106451116.5	106	106446177	106456056	"gene9793"
10	2869	229435430.5	107	229434411	229436450	"gene35594"
10	96	212965674.5	107	212953931	212977418	"gene35507"
10	424	238464280.5	107	238447003	238481558	"gene35636"
8	219	37585009.5	108	37583936	37586083	"gene28050"
4	1002	675278111.5	109	675263279	675292944	"gene16989"
5	427	624455630	110	624429391	624481869	"gene20275"
3	426	549991643	110	549991358	549991928	"gene11756"
6	258	89598128	111	89590335	89605921	"gene21375"
6	2313	37885753.5	111	37858224	37913283	"gene21033"
6	3055	35282851.5	111	35281091	35284612	"gene21016"
6	7867	32679754	111	32677101	32682407	"gene20993"
6	5713	63923402.5	111	63917524	63929281	"gene21234"
11	2146	360613816	112	360613101	360614531	"gene39542"
11	3454	358251771	112	358237702	358265840	"gene39522"
2	6623	172451357.5	113	172450391	172452324	"gene6041"
10	6623	180818305.5	113	180810748	180825863	"gene35368"
10	1857	174280457	113	174269034	174291880	"gene35360"
11	2147	360403187.5	114	360402424	360403951	"gene39541"
1	352	149794657.5	116	149793614	149795701	"gene772"
10	1240	626119563.5	117	626090774	626148353	"gene37473"
5	2740	344180687	118	344179070	344182304	"gene19003"
8	2740	214942901.5	118	214941433	214944370	"gene29017"
5	1627	518662754.5	121	518635231	518690278	"gene19715"
6	1919	66875857	121	66875466	66876248	"gene21256"
8	4066	227107505.5	121	227107245	227107766	"gene29070"
4	1469	29958336.5	122	29950762	29965911	"gene13622"
4	3264	195231136.5	122	195212289	195249984	"gene14526"
5	3142	673179352.5	122	673174107	673184598	"gene20538"
5	3142	667330408	122	667232598	667428218	"gene20521"
11	1516	109656772.5	123	109535986	109777559	"gene38417"
11	736	104025199	123	103891792	104158606	"gene38379"
3	798	426903526.5	124	426901862	426905191	"gene11185"
3	4238	411817831	124	411815512	411820150	"gene11123"
4	4238	67584724	124	67581652	67587796	"gene13864"
7	1311	620480964	124	620438649	620523279	"gene27443"
7	4276	620395605.5	124	620388228	620402983	"gene27441"
7	5522	620273755.5	124	620263067	620284444	"gene27439"
2	1772	853762756	127	853760210	853765302	"gene9099"
2	1220	821189210	127	821165720	821212700	"gene8938"
1	6170	143093105	128	143011495	143174715	"gene738"
8	181	384807970	129	384807783	384808157	"gene29692"
1	2316	724059515.5	131	724050141	724068890	"gene3797"
4	2316	635935121	131	635772888	636097354	"gene16736"
1	2316	723819126.5	131	723800088	723838165	"gene3794"
4	6483	660886565	131	660885473	660887657	"gene16914"
4	1809	680074753	131	680070080	680079426	"gene17019"
4	1809	628432788	131	628425004	628440572	"gene16705"
4	1809	628554060.5	131	628550597	628557524	"gene16707"
2	1550	455287919.5	136	455273042	455302797	"gene7178"
10	5112	231174613	136	231173909	231175317	"gene35602"
2	1869	693763969.5	136	693762903	693765036	"gene8313"
3	3976	673925296.5	137	673922763	673927830	"gene12510"
10	2791	627625140	137	627614297	627635983	"gene37490"
9	2606	552005470	139	551976490	552034450	"gene33757"
10	1053	586771900	140	586768603	586775197	"gene37201"
10	725	585387209	140	585374318	585400100	"gene37186"
4	3364	614759384.5	143	614756429	614762340	"gene16644"
4	3364	614684250	143	614682721	614685779	"gene16643"
5	224	312268908	143	312267072	312270744	"gene18865"
9	1839	3838392	144	3832700	3844084	"gene31218"
4	1004	460113642	146	460102922	460124362	"gene15705"
4	933	544065322.5	146	544057802	544072843	"gene16242"
4	2901	649574993	146	649573025	649576961	"gene16840"
11	1136	410290450.5	147	410247791	410333110	"gene39776"
1	621	612634723	148	612633556	612635890	"gene3301"
6	228	632582446	148	632563925	632600967	"gene24117"
3	5830	252769127	150	252754883	252783371	"gene10481"
10	641	16866946.5	150	16864884	16869009	"gene34516"
11	728	261374110	151	261276838	261471382	"gene39071"
2	120	522908578.5	152	522884901	522932256	"gene7522"
10	1856	184625958	153	184622656	184629260	"gene35378"
10	1856	186154362.5	153	186152083	186156642	"gene35393"
6	5437	624761075.5	156	624758937	624763214	"gene24057"
8	5437	95297670	156	95290085	95305255	"gene28391"
6	5230	493398487	156	493398296	493398678	"gene23403"
7	3203	389967680	157	389965951	389969409	"gene26252"
4	992	318159744.5	157	318087945	318231544	"gene15093"
4	1988	315402488.5	157	315401749	315403228	"gene15083"
4	1988	315379421.5	157	315379174	315379669	"gene15082"
4	13	29019181	157	28998113	29040249	"gene13610"
7	752	91857874.5	160	91855623	91860126	"gene25044"
2	1961	800493149.5	161	800492640	800493659	"gene8846"
2	3485	809115415.5	161	809113267	809117564	"gene8874"
1	6243	140530081.5	163	140528613	140531550	"gene721"
1	2177	448175543	164	448173812	448177274	"gene2467"
7	897	397528769.5	167	397512613	397544926	"gene26287"
8	994	49027734	168	49008711	49046757	"gene28127"
1	960	274494678.5	170	274487431	274501926	"gene1610"
11	719	440511833.5	172	440504442	440519225	"gene39978"
3	840	497246317	174	497244323	497248311	"gene11459"
1	1754	148947832.5	177	148935882	148959783	"gene764"
1	1754	148972600	177	148968939	148976261	"gene765"
1	2731	934358945	182	934357406	934360484	"gene4824"
6	2731	487065697.5	182	487055347	487076048	"gene23373"
8	893	75674717	183	75673951	75675483	"gene28301"
8	893	76085883.5	183	76079822	76091945	"gene28311"
8	893	76050274	183	76047963	76052585	"gene28310"
4	5366	568986645	187	568984104	568989186	"gene16378"
4	4330	599134529.5	187	599011979	599257080	"gene16565"
11	1408	28677813.5	187	28675855	28679772	"gene37844"
2	1131	34324743	188	34316355	34333131	"gene5305"
2	1169	227211023.5	188	227186799	227235248	"gene6281"
2	1169	36345356	188	36343417	36347295	"gene5320"
2	35	272509522.5	188	272490425	272528620	"gene6433"
2	550	258901484.5	188	258892039	258910930	"gene6396"
9	1331	458929764.5	189	458929066	458930463	"gene33343"
10	3233	227532411	191	227526569	227538253	"gene35577"
6	2589	663133814	193	663132517	663135111	"gene24403"
11	2589	336687486	193	336670603	336704369	"gene39446"
6	2720	505431556.5	197	505419898	505443215	"gene23459"
2	6855	102997686.5	205	102996056	102999317	"gene5620"
3	355	554102391	207	554101990	554102792	"gene11777"
6	1281	605611557	208	605608121	605614993	"gene23952"
6	1418	602862352	208	602827261	602897443	"gene23932"
6	1418	600839349	208	600819999	600858699	"gene23918"
6	1419	499692621	208	499674625	499710617	"gene23424"
6	176	508137925	208	508132127	508143723	"gene23475"
9	1749	69656184.5	215	69644772	69667597	"gene31618"
3	4235	264398323	217	264348434	264448212	"gene10517"
3	4236	253431899	217	253422007	253441791	"gene10484"
8	297	27193687	219	27192860	27194514	"gene27994"
8	2480	383513045	219	383364467	383661623	"gene29690"
4	221	459521946	221	459439359	459604533	"gene15701"
4	534	454494186.5	221	454474410	454513963	"gene15673"
11	534	262171108	221	262077004	262265212	"gene39075"
1	1881	896270957	221	896269680	896272234	"gene4535"
7	4293	619895251.5	222	619894598	619895905	"gene27436"
5	1447	355877489.5	222	355875664	355879315	"gene19032"
10	1052	587494201	223	587485894	587502508	"gene37203"
8	2761	259176908.5	224	259170298	259183519	"gene29205"
1	2040	8905185.5	225	8896076	8914295	"gene69"
6	1520	652647579	233	652635788	652659370	"gene24297"
6	28	639083227	234	639078159	639088295	"gene24162"
5	2872	44535879	236	44525811	44545947	"gene17553"
2	539	258307350.5	237	258306672	258308029	"gene6394"
1	3639	186187579	240	186182194	186192964	"gene1007"
8	892	98351383	242	98330197	98372569	"gene28408"
8	2981	134883518.5	242	134877530	134889507	"gene28578"
1	681	934710743.5	247	934698652	934722835	"gene4829"
1	144	757057349.5	247	757051724	757062975	"gene3929"
2	3473	36124084.5	248	36115703	36132466	"gene5318"
