10	1657	692500719	0	692473201	692528237	"Gb_30711"
10	917	659433890.5	0	659432940	659434841	"Gb_14423"
10	1749	661303763	0	661280736	661326790	"Gb_14413"
6	1748	363843706	0	363841201	363846211	"Gb_36688"
10	1748	670898186	0	670850358	670946014	"Gb_03781"
10	3000	663960690.5	0	663960013	663961368	"Gb_06879"
10	3183	450208891.5	0	449975125	450442658	"Gb_29099"
10	2296	648013697.5	0	648005687	648021708	"Gb_03465"
1	3356	246854905	0	246808003	246901807	"Gb_13422"
1	871	NA	0	1128314885	1128439708	"Gb_17059"
4	1693	736557071	0	736360922	736753220	"Gb_27551"
4	1882	737291532.5	0	737266950	737316115	"Gb_27557"
4	1659	747632207.5	0	747631825	747632590	"Gb_22644"
5	1893	111550899	0	111530498	111571300	"Gb_04916"
1	5474	243985487	0	243984794	243986180	"Gb_13434"
1	5193	237710584.5	0	237709628	237711541	"Gb_25472"
1	872	79751481	0	79749750	79753212	"Gb_09601"
1	1923	61468348	0	61371346	61565350	"Gb_09312"
4	873	734971792.5	0	734971434	734972151	"Gb_26913"
4	858	734157246.5	0	734090025	734224468	"Gb_26916"
4	914	703085062.5	0	703083874	703086251	"Gb_36830"
1	4320	1010333880	0	1010325128	1010342632	"Gb_13915"
1	2266	1004553255.5	0	1004314504	1004792007	"Gb_37830"
5	1927	176727177	0	176713041	176741313	"Gb_10139"
5	1927	173698826.5	0	173696825	173700828	"Gb_07029"
5	5990	11889037	0	11888571	11889503	"Gb_08577"
12	5990	27388493.5	0	27387761	27389226	"Gb_29632"
1	320	136054016.5	0	136050599	136057434	"Gb_21879"
10	1110	674375957.5	0	674333510	674418405	"Gb_31274"
10	1110	646306746	0	646229302	646384190	"Gb_37974"
10	2439	660660375.5	0	660659806	660660945	"Gb_14428"
10	2439	661012905	0	661012431	661013379	"Gb_14430"
10	3953	544685628.5	0	544631080	544740177	"Gb_25336"
10	1400	548230424	0	548217002	548243846	"Gb_33378"
10	2766	204564984	0	204545272	204584696	"Gb_00708"
4	2766	174540872.5	0	174519081	174562664	"Gb_16386"
4	1359	178237011	0	178236713	178237309	"Gb_08754"
4	1359	175355437	0	175226594	175484280	"Gb_16383"
4	1073	183096194.5	0	183095491	183096898	"Gb_23518"
5	1404	663116695.5	0	663104864	663128527	"Gb_05634"
9	3997	702502804.5	1	702443785	702561824	"Gb_16961"
9	3110	448117215	1	448016937	448217493	"Gb_03347"
9	436	533477091	1	533474770	533479412	"Gb_39850"
9	435	535398657	1	535397885	535399429	"Gb_02796"
10	1563	676045775	1	676027334	676064216	"Gb_41423"
3	2944	496327001.5	1	496279921	496374082	"Gb_11848"
3	450	494231421.5	1	494229751	494233092	"Gb_26660"
7	474	51592459	1	51538265	51646653	"Gb_27449"
7	5768	34585375.5	1	34429011	34741740	"Gb_19876"
7	3077	36944348	1	36943825	36944871	"Gb_02451"
10	2949	274385253.5	1	274384381	274386126	"Gb_20061"
10	2948	278326049.5	1	278324590	278327509	"Gb_20118"
10	2402	267649646	1	267619504	267679788	"Gb_29331"
10	3104	263387945.5	1	263316102	263459789	"Gb_31542"
10	2898	278914178.5	1	278912703	278915654	"Gb_20119"
5	959	344437478	1	344430312	344444644	"Gb_05868"
4	1898	228283699	1	228270473	228296925	"Gb_20609"
4	2718	162724343	1	162723676	162725010	"Gb_20132"
11	2772	439070244.5	1	439007451	439133038	"Gb_39311"
2	2571	301962898.5	1	301850340	302075457	"Gb_19683"
2	3300	191392377	1	191358258	191426496	"Gb_34276"
2	2584	182207102.5	1	182074162	182340043	"Gb_12284"
9	1773	61306784.5	1	61294590	61318979	"Gb_14317"
11	1772	5729358	1	5605147	5853569	"Gb_30378"
3	2070	203935320	2	203783206	204087434	"Gb_31910"
3	78	212112796.5	2	212109740	212115853	"Gb_07955"
3	78	215051339	2	215017242	215085436	"Gb_33925"
3	90	288632195.5	2	288614452	288649939	"Gb_26843"
3	4227	353895420.5	2	353893277	353897564	"Gb_09366"
3	2090	362037063	2	362013178	362060948	"Gb_29854"
3	3908	304153180.5	2	304082686	304223675	"Gb_25171"
3	3573	202043937.5	2	201938685	202149190	"Gb_28617"
10	3453	162869843.5	2	162868427	162871260	"Gb_09121"
10	1416	158122093	2	158118950	158125236	"Gb_08295"
10	2576	65276563.5	2	65264605	65288522	"Gb_04127"
10	398	69041700.5	2	69040617	69042784	"Gb_10245"
4	398	146857901.5	2	146857336	146858467	"Gb_05672"
12	5228	156166585.5	2	156164850	156168321	"Gb_08547"
12	1958	326578507	2	326578216	326578798	"Gb_10580"
12	1958	146397134.5	2	146394751	146399518	"Gb_01952"
11	1961	78151321	2	78150813	78151829	"Gb_03362"
10	1710	49221043.5	2	49143042	49299045	"Gb_37710"
10	187	250735353.5	2	250686164	250784543	"Gb_18500"
10	186	291717378	2	291715983	291718773	"Gb_02161"
10	6106	291311689	2	291310989	291312389	"Gb_04720"
3	1008	285569007	3	285529061	285608953	"Gb_40711"
8	1024	330589602.5	3	330544632	330634573	"Gb_13248"
8	2390	567678829.5	3	567602989	567754670	"Gb_23951"
8	2390	590776854	3	590774300	590779408	"Gb_29566"
8	2323	567461875.5	3	567460759	567462992	"Gb_23954"
12	2323	496959360	3	496902886	497015834	"Gb_17396"
8	2323	567458234	3	567453704	567462764	"Gb_23950"
5	1794	607422935	3	607208653	607637217	"Gb_39516"
8	945	548643060.5	3	548641613	548644508	"Gb_26152"
5	2914	538718843.5	3	538717781	538719906	"Gb_32072"
8	1610	650125331.5	3	650027912	650222751	"Gb_02879"
8	1012	651646970.5	3	651556442	651737499	"Gb_27991"
8	256	660393665	3	660393016	660394314	"Gb_32966"
8	1791	479575894.5	3	479575136	479576653	"Gb_23856"
8	1767	476125081.5	3	476123461	476126702	"Gb_38343"
3	1764	279313892	3	279284016	279343768	"Gb_00228"
3	3107	398160265.5	3	398158530	398162001	"Gb_39365"
3	1797	52136197.5	3	52135085	52137310	"Gb_08690"
3	258	52886441	3	52837067	52935815	"Gb_15309"
3	3055	63728811.5	3	63726891	63730732	"Gb_11314"
3	3055	63914616.5	3	63913963	63915270	"Gb_11319"
3	7867	62401543.5	3	62377089	62425998	"Gb_16015"
9	7867	123194262	3	123191393	123197131	"Gb_15997"
3	6731	72106480	3	72105520	72107440	"Gb_12699"
3	5714	79323616.5	3	79278374	79368859	"Gb_40699"
7	568	686388309	4	686380660	686395958	"Gb_12530"
4	964	574173948	4	574172630	574175266	"Gb_37545"
11	964	152234429.5	4	152232774	152236085	"Gb_08624"
4	1127	503906443	4	503854424	503958462	"Gb_31787"
12	3760	65343083	4	65317618	65368548	"Gb_37370"
12	1131	171387454.5	4	171134368	171640541	"Gb_13142"
12	550	218520099	4	218379596	218660602	"Gb_30141"
12	1149	214724752	4	214629325	214820179	"Gb_33239"
12	2495	216424555	4	216381734	216467376	"Gb_33235"
3	572	619114442.5	4	619112952	619115933	"Gb_02066"
3	34	478293382	4	478292178	478294586	"Gb_35495"
4	34	504576391	4	504509223	504643559	"Gb_31962"
3	34	478249998	4	478248621	478251375	"Gb_35494"
2	2350	559525620.5	4	559523537	559527704	"Gb_18335"
2	2328	576948100.5	4	576946955	576949246	"Gb_22435"
2	4	577430918.5	4	577351626	577510211	"Gb_22434"
7	5467	350472133.5	4	350470362	350473905	"Gb_28170"
3	2812	60957096.5	5	60774831	61139362	"Gb_24583"
3	3974	28601715	5	28600305	28603125	"Gb_28753"
3	1506	34342876.5	5	34341947	34343806	"Gb_21462"
3	2838	38598807.5	5	38586817	38610798	"Gb_11068"
3	1490	37480443.5	5	37432332	37528555	"Gb_05609"
3	1504	21106988	5	21105563	21108413	"Gb_38610"
3	369	17587881	5	17586118	17589644	"Gb_00664"
10	1264	64034723.5	5	64007606	64061841	"Gb_04126"
10	4298	79561091.5	5	79501716	79620467	"Gb_38316"
1	1411	411074181.5	5	411071505	411076858	"Gb_36850"
10	6190	101632184	5	101631684	101632684	"Gb_15934"
10	2827	102458230.5	5	102457686	102458775	"Gb_30901"
1	1964	651166767	5	651164226	651169308	"Gb_14741"
1	418	657285956.5	5	657200833	657371080	"Gb_13237"
4	3976	716135458	5	716134459	716136457	"Gb_15752"
4	6576	699855105	5	699854279	699855931	"Gb_01642"
4	624	525359655.5	6	525358339	525360972	"Gb_29211"
8	950	13422827.5	6	13406148	13439507	"Gb_06010"
7	618	267029762.5	6	267029079	267030446	"Gb_26781"
7	1989	636371392	6	636368913	636373871	"Gb_40156"
7	1989	575781618.5	6	575778465	575784772	"Gb_20289"
2	610	550325013	6	550323750	550326276	"Gb_18293"
7	610	577117518	6	577059714	577175322	"Gb_34910"
7	552	577508867	6	577374764	577642970	"Gb_34913"
8	553	61031530.5	6	61023678	61039383	"Gb_25760"
8	2527	19569494	6	19561429	19577559	"Gb_00630"
8	3817	50571856.5	6	50504660	50639053	"Gb_14335"
8	612	18538353	6	18493133	18583573	"Gb_40603"
8	999	69964790.5	6	69769398	70160183	"Gb_22256"
8	3741	64467005.5	6	64465100	64468911	"Gb_26012"
8	3758	16650729.5	6	16650277	16651182	"Gb_16625"
7	2339	262061530.5	6	262058938	262064123	"Gb_02476"
5	1627	220650234	6	220618161	220682307	"Gb_02116"
5	1917	383424645	6	383253205	383596085	"Gb_33676"
5	3680	363631868.5	6	363612601	363651136	"Gb_35557"
3	1344	642515950.5	7	642515539	642516362	"Gb_10031"
9	1339	107600331	7	107592549	107608113	"Gb_09687"
2	154	471142222.5	7	471141971	471142474	"Gb_30618"
3	154	709272545	7	709272361	709272729	"Gb_10402"
3	1345	622093568	7	622092892	622094244	"Gb_10897"
3	79	310585986	7	310585066	310586906	"Gb_34416"
3	667	351440596	7	351271346	351609846	"Gb_18863"
3	667	305942169	7	305939716	305944622	"Gb_14221"
3	812	308876040	7	308840262	308911818	"Gb_34888"
3	1346	656838426.5	7	656633678	657043175	"Gb_29280"
3	3632	619719876	7	619714692	619725060	"Gb_22844"
3	153	707570210.5	7	707569075	707571346	"Gb_09499"
3	1334	702024742	7	702023226	702026258	"Gb_06063"
3	1333	698444442	7	698442467	698446417	"Gb_18225"
3	4875	697870056	7	697869470	697870642	"Gb_10627"
3	815	683927252	7	683926131	683928373	"Gb_02122"
3	4180	678245225	7	678244063	678246387	"Gb_30928"
5	2177	452734861	7	452733478	452736244	"Gb_15789"
7	2177	77270213.5	7	77268966	77271461	"Gb_23149"
7	3287	11935616	7	11879113	11992119	"Gb_25885"
7	3288	5870866	7	5870377	5871355	"Gb_11854"
7	3408	9738338.5	7	9735094	9741583	"Gb_40551"
7	3639	7941979.5	7	7931455	7952504	"Gb_23817"
7	4182	85985486.5	7	85881574	86089399	"Gb_00257"
7	3923	12803716.5	7	12803193	12804240	"Gb_25879"
2	1980	714300455.5	8	714289996	714310915	"Gb_30840"
8	234	649474109.5	8	649418555	649529664	"Gb_02875"
8	1986	408617634.5	8	408615376	408619893	"Gb_06380"
8	1984	77770926	8	77609777	77932075	"Gb_25576"
6	582	56193959	8	56192951	56194967	"Gb_32897"
2	556	683455655.5	8	683450822	683460489	"Gb_20888"
12	1136	566220003	8	566118283	566321723	"Gb_41703"
12	2371	569208332.5	8	569207780	569208885	"Gb_30731"
12	2371	569277223	8	569276715	569277731	"Gb_30730"
11	32	465130005	8	465068802	465191208	"Gb_02899"
7	31	563718577	8	563717412	563719742	"Gb_27566"
7	236	566861891.5	8	566857979	566865804	"Gb_12518"
7	2538	568282710	8	568062059	568503361	"Gb_13298"
5	8	442375770.5	8	442374242	442377299	"Gb_06534"
1	981	752116623.5	8	752056657	752176590	"Gb_38019"
8	1310	38753924.5	9	38751786	38756063	"Gb_07382"
8	5124	44741370	9	44709017	44773723	"Gb_10167"
1	1301	837522003	9	837519443	837524563	"Gb_13916"
7	6182	303765152.5	9	303566453	303963852	"Gb_39410"
8	613	21984659.5	9	21984375	21984944	"Gb_30879"
8	4279	20973649.5	9	20970825	20976474	"Gb_06391"
8	5779	56021168	9	56020448	56021888	"Gb_30517"
8	5757	55572722	9	55571655	55573789	"Gb_30519"
8	5657	104094450.5	9	103955133	104233768	"Gb_06265"
8	4276	45145893	9	45145407	45146379	"Gb_01388"
8	4276	44997793	9	44997149	44998437	"Gb_01389"
12	5440	147781450.5	9	147772796	147790105	"Gb_01968"
2	1266	502699777	9	502622943	502776611	"Gb_16350"
4	1266	277023030.5	9	276980299	277065762	"Gb_22523"
1	341	652664447.5	10	652663411	652665484	"Gb_14719"
6	341	173498129.5	10	173368076	173628183	"Gb_03680"
10	2785	93700550.5	10	93698122	93702979	"Gb_41470"
10	410	77763421	10	77669841	77857001	"Gb_28463"
1	1412	435088207	10	435084580	435091834	"Gb_04306"
3	1254	74742143.5	10	74729364	74754923	"Gb_26474"
7	376	51397491	10	51369969	51425013	"Gb_27448"
7	467	25595269	10	25591138	25599400	"Gb_14049"
7	467	27407141	10	27407041	27407241	"Gb_22838"
12	969	230744077.5	10	230608521	230879634	"Gb_09913"
5	2901	617054693	10	617051529	617057857	"Gb_05803"
7	960	25188510.5	10	25185456	25191565	"Gb_26323"
7	960	30319285	10	30306990	30331580	"Gb_35164"
7	464	31938303.5	10	31935786	31940821	"Gb_30641"
5	464	624888013	10	624855647	624920379	"Gb_21227"
7	10977	36095210.5	10	36094741	36095680	"Gb_02443"
1	1053	346749832.5	11	346745538	346754127	"Gb_40480"
1	1035	328038881.5	11	328038736	328039027	"Gb_34841"
1	1035	327933255.5	11	327932944	327933567	"Gb_34842"
1	3370	331097924.5	11	331059912	331135937	"Gb_17809"
11	1033	9592235	11	9590543	9593927	"Gb_21846"
10	1033	459793541	11	459766919	459820163	"Gb_00177"
11	1060	45560547	11	45559672	45561422	"Gb_00233"
2	5559	628219246.5	11	628218723	628219770	"Gb_11396"
10	2720	343687931.5	11	343639539	343736324	"Gb_06339"
6	1052	24794705.5	11	24793082	24796329	"Gb_38130"
1	1052	345790122.5	11	345750677	345829568	"Gb_40475"
6	752	673804216.5	11	673803494	673804939	"Gb_37354"
6	1502	502402576.5	11	502402105	502403048	"Gb_12095"
2	1939	605441330	11	605397635	605485025	"Gb_18524"
5	2480	374266551	12	374127934	374405168	"Gb_40287"
5	1115	366084499	12	366063291	366105707	"Gb_34283"
5	1360	373919470.5	12	373918773	373920168	"Gb_40293"
4	297	214844621	12	214842014	214847228	"Gb_38457"
5	2473	205715510.5	12	205714249	205716772	"Gb_14858"
5	2743	711891055	12	711889593	711892517	"Gb_21242"
5	2431	217248411.5	12	217112737	217384086	"Gb_10222"
5	2467	212268831	12	212224937	212312725	"Gb_15276"
4	288	16205769	12	16203406	16208132	"Gb_30131"
4	2740	15149132	12	15147814	15150450	"Gb_38847"
10	2740	620496468	12	620493451	620499485	"Gb_17099"
2	2740	351751979	12	351749792	351754166	"Gb_07512"
5	3786	210172409	12	210042835	210301983	"Gb_31695"
9	2606	147639009	12	147582049	147695969	"Gb_18396"
5	2707	116214344.5	13	116113931	116314758	"Gb_10723"
1	2105	92850181	13	92847881	92852481	"Gb_07444"
4	86	744417429.5	13	744416104	744418755	"Gb_11117"
4	2084	701374265	13	701238210	701510320	"Gb_08986"
1	2191	145626053	13	145593654	145658452	"Gb_13280"
3	2664	362305595	13	362303317	362307873	"Gb_29860"
3	2665	362704020.5	13	362670469	362737572	"Gb_29856"
10	1358	488082239.5	13	488066924	488097555	"Gb_37362"
7	2327	338840987.5	14	338654378	339027597	"Gb_19065"
7	2000	339717858.5	14	339691692	339744025	"Gb_28147"
2	2002	569788149	14	569786252	569790046	"Gb_17580"
2	5	568806277.5	14	568781970	568830585	"Gb_31246"
2	561	539180599	14	539147559	539213639	"Gb_05693"
12	37	41769171.5	14	41744872	41793471	"Gb_09752"
12	5945	206283320	14	206259552	206307088	"Gb_30788"
6	2035	324931580	14	324929313	324933847	"Gb_39452"
6	2035	324985545	14	324984317	324986773	"Gb_39451"
11	975	150704123.5	14	150702854	150705393	"Gb_24697"
2	5927	335927572.5	15	335926847	335928298	"Gb_32987"
2	5720	348869692	15	348865131	348874253	"Gb_13621"
2	6071	352848771.5	15	352848078	352849465	"Gb_00416"
8	2932	112357738	15	112356448	112359028	"Gb_32351"
6	3118	290818060.5	15	290816936	290819185	"Gb_12424"
9	1589	500628120	15	500561223	500695017	"Gb_32245"
3	1026	340891834	15	340890403	340893265	"Gb_21078"
9	4282	454624762.5	15	454513024	454736501	"Gb_11109"
10	2934	256155639	16	256119291	256191987	"Gb_24528"
5	4028	39838760.5	16	39803274	39874247	"Gb_20640"
5	3469	40625518.5	16	40624920	40626117	"Gb_30113"
5	3469	40283136.5	16	40245717	40320556	"Gb_17521"
5	3470	48353762	16	48294598	48412926	"Gb_39721"
5	1626	49159187.5	16	49158786	49159589	"Gb_39726"
10	1625	255026814	16	255025948	255027680	"Gb_11676"
5	4022	46758660	16	46758164	46759156	"Gb_39727"
4	4664	618940870.5	16	618922109	618959632	"Gb_35816"
6	1553	54449688.5	16	54448470	54450907	"Gb_23674"
8	1469	453499696	17	453440346	453559046	"Gb_31563"
8	3264	526411919.5	17	526364897	526458942	"Gb_18269"
8	4360	336694653.5	17	336463594	336925713	"Gb_37508"
8	789	518002234	17	517972525	518031943	"Gb_16450"
8	2165	323644930.5	17	323562107	323727754	"Gb_34330"
8	790	329955583	17	329953024	329958142	"Gb_39526"
8	4783	349630931	17	349507153	349754709	"Gb_19912"
7	5830	374891306	17	374752657	375029955	"Gb_12362"
7	6270	402997810.5	17	402906863	403088758	"Gb_27063"
9	3329	635720207.5	17	635718028	635722387	"Gb_23420"
3	4854	684103000	17	684011456	684194544	"Gb_02119"
6	4063	418091433	18	417930922	418251944	"Gb_32393"
6	2986	384823181.5	18	384823009	384823354	"Gb_41507"
6	2254	386936069	18	386921813	386950325	"Gb_21994"
6	2249	445051748.5	18	445049784	445053713	"Gb_19359"
6	490	442733934	18	442731847	442736021	"Gb_15945"
6	2998	408378311	18	408377276	408379346	"Gb_35331"
9	185	670338559	18	670334504	670342614	"Gb_07921"
4	185	431543365.5	18	431543252	431543479	"Gb_30691"
9	1743	668733695.5	18	668731591	668735800	"Gb_01245"
9	183	665773040.5	18	665770277	665775804	"Gb_39786"
5	181	372195935.5	18	372195745	372196126	"Gb_24331"
9	181	620646540	18	620639180	620653900	"Gb_04365"
5	1714	358253561	18	358229272	358277850	"Gb_20442"
5	2269	650475767	18	650289774	650661760	"Gb_12386"
6	1928	358731719	18	358730041	358733397	"Gb_20459"
5	3168	657132308.5	18	657088172	657176445	"Gb_39361"
5	169	373526016	18	373523366	373528666	"Gb_40282"
6	1045	26156178.5	19	26070143	26242214	"Gb_06822"
1	3637	846380282	19	846303560	846457004	"Gb_13536"
1	6388	854982377.5	19	854947304	855017451	"Gb_15001"
3	77	204816857.5	19	204815845	204817870	"Gb_31913"
3	1338	206699772	19	206691960	206707584	"Gb_36938"
4	3904	269335365.5	19	269316417	269354314	"Gb_31163"
3	1325	351032373.5	19	350940336	351124411	"Gb_00928"
3	3581	309180920	19	309178947	309182893	"Gb_34884"
9	276	21010913.5	20	21010010	21011817	"Gb_30583"
2	2872	551692054	20	551667813	551716295	"Gb_18297"
2	2873	552324635.5	20	552264762	552384509	"Gb_18285"
4	7644	657585747.5	20	657585046	657586449	"Gb_06474"
4	3618	661174268.5	20	661173440	661175097	"Gb_01297"
2	3597	381358089	20	381354553	381361625	"Gb_15884"
12	3454	618589155	20	618512712	618665598	"Gb_12619"
12	3454	618350591.5	20	618349941	618351242	"Gb_12627"
12	5588	625396036	20	625372486	625419586	"Gb_29230"
9	5588	506985721.5	20	506983756	506987687	"Gb_00487"
12	6713	628137168.5	20	628136443	628137894	"Gb_36093"
12	792	85218172	20	85216836	85219508	"Gb_39683"
12	886	87519034	20	87438094	87599974	"Gb_12056"
4	1455	62157789.5	21	62077397	62238182	"Gb_38344"
6	52	68273142.5	21	68272231	68274054	"Gb_30970"
7	548	129751855.5	21	129734551	129769160	"Gb_16853"
3	1154	487565597.5	21	487540400	487590795	"Gb_16103"
3	1856	474730756	21	474727793	474733719	"Gb_16184"
3	1857	468711593.5	21	468705357	468717830	"Gb_39263"
7	3472	192067992.5	21	192066839	192069146	"Gb_05835"
3	3472	522598215	21	522597047	522599383	"Gb_11507"
3	3233	519957969.5	21	519845973	520069966	"Gb_36362"
3	1379	518191276.5	21	518189714	518192839	"Gb_04017"
11	1362	277016533.5	21	277016072	277016995	"Gb_27774"
11	1078	273178163	21	273066997	273289329	"Gb_13772"
2	3388	143229027	21	143117619	143340435	"Gb_15365"
11	2047	469524642	22	469448346	469600938	"Gb_32681"
11	2377	472179855	22	472121440	472238270	"Gb_32360"
11	939	474349019.5	22	474335316	474362723	"Gb_30659"
1	567	756578794	22	756577992	756579596	"Gb_04185"
11	237	49498929.5	22	49497667	49500192	"Gb_17724"
1	237	769538095.5	22	769536689	769539502	"Gb_36720"
1	957	770872267.5	22	770697195	771047340	"Gb_39888"
1	957	772510741	22	772412095	772609387	"Gb_38660"
1	3400	467508976	22	467474534	467543418	"Gb_06092"
12	2589	624631103	22	624568275	624693931	"Gb_29233"
12	2588	623512830.5	22	623511554	623514107	"Gb_24417"
4	6414	476222716.5	22	476217283	476228150	"Gb_04922"
4	6414	482014895	22	482012295	482017495	"Gb_31983"
1	2791	307835156	22	307808157	307862155	"Gb_37388"
1	1240	305233869	22	305109995	305357743	"Gb_26129"
1	1959	651678737	22	651633839	651723635	"Gb_14739"
10	1221	672445149	22	672444815	672445483	"Gb_11191"
10	1221	112977830.5	22	112977495	112978166	"Gb_30976"
10	6742	103572811	22	103536556	103609066	"Gb_30890"
2	2048	144522473	23	144519822	144525124	"Gb_07458"
2	5434	135123230.5	23	135006186	135240275	"Gb_41219"
2	7587	231010269.5	23	230764000	231256539	"Gb_21332"
2	565	133190135	23	133150666	133229604	"Gb_29004"
5	427	51083552.5	23	50943264	51223841	"Gb_30820"
9	1904	425419113.5	23	425418736	425419491	"Gb_35180"
2	855	301411030.5	24	301399469	301422592	"Gb_25382"
2	854	301147883	24	301037529	301258237	"Gb_25378"
2	347	302827079.5	24	302826987	302827172	"Gb_02813"
11	352	626333512	24	626332394	626334630	"Gb_09634"
11	1754	627174945	24	627172996	627176894	"Gb_09644"
1	2423	1017253650.5	24	1017147273	1017360028	"Gb_09254"
1	1395	1015568617.5	24	1015567904	1015569331	"Gb_17008"
1	1396	1014805653.5	24	1014767507	1014843800	"Gb_06758"
1	1087	1008720830	24	1008690591	1008751069	"Gb_41055"
3	2313	65501057.5	25	65404693	65597422	"Gb_33641"
3	6745	62826296	25	62675867	62976725	"Gb_16012"
3	265	60020042	25	60017431	60022653	"Gb_11136"
3	1795	65273368.5	25	65271524	65275213	"Gb_33642"
3	3056	66416410.5	25	66272803	66560018	"Gb_04260"
3	1798	45101932.5	25	45098555	45105310	"Gb_25795"
3	2927	398514180	25	398512503	398515857	"Gb_39379"
8	266	31101942	25	31101170	31102714	"Gb_08805"
3	1636	256841692.5	25	256750347	256933038	"Gb_35918"
8	255	171059356	25	171018070	171100642	"Gb_33908"
9	3714	187035916.5	26	187033912	187037921	"Gb_04102"
12	771	546000732.5	26	545775319	546226146	"Gb_29521"
12	719	542900280.5	26	542898188	542902373	"Gb_40051"
5	2138	159894337.5	26	159894038	159894637	"Gb_29842"
5	2138	161422057	26	161421791	161422323	"Gb_15834"
5	2138	160226770.5	26	160225750	160227791	"Gb_28915"
10	754	393218814.5	26	393217394	393220235	"Gb_11996"
1	754	916671138.5	26	916669894	916672383	"Gb_34637"
10	1709	48770973	26	48770487	48771459	"Gb_37714"
10	1739	57600377.5	26	57599278	57601477	"Gb_36016"
7	621	122042390	27	122041028	122043752	"Gb_26177"
10	228	59821191	27	59748638	59893744	"Gb_33904"
10	227	338942026.5	27	338938906	338945147	"Gb_21263"
1	1142	793917255.5	27	793822150	794012361	"Gb_36147"
2	224	382334852	27	382332874	382336830	"Gb_28585"
1	224	852051198	27	852049815	852052581	"Gb_17190"
1	3362	766576024	27	766511875	766640173	"Gb_27390"
5	3364	567459187	27	567301378	567616996	"Gb_05040"
5	21	470061387.5	27	470060790	470061985	"Gb_22682"
5	3545	474800089	27	474677654	474922524	"Gb_24145"
5	1612	476420853	27	476212168	476629538	"Gb_24146"
5	67	487042096.5	27	486919870	487164323	"Gb_05422"
5	534	506471841	27	506459112	506484570	"Gb_06607"
1	2859	921820821	28	921818962	921822680	"Gb_24464"
1	110	504294878.5	28	504292788	504296969	"Gb_09464"
1	4159	349375866.5	28	349293476	349458257	"Gb_07340"
1	1524	377844246	28	377743051	377945441	"Gb_10258"
1	759	481576391	28	481574997	481577785	"Gb_36301"
1	3911	787329779	29	787267476	787392082	"Gb_02313"
11	3654	635931656.5	29	635776028	636087285	"Gb_23138"
1	2199	792255315.5	29	792127584	792383047	"Gb_14931"
1	2199	789900664.5	29	789826697	789974632	"Gb_35388"
6	2199	132242625.5	29	132228529	132256722	"Gb_21713"
1	5465	729126532	29	729125655	729127409	"Gb_13354"
5	5465	543141198	29	543139449	543142947	"Gb_32056"
3	5012	343165765	30	343164154	343167376	"Gb_03397"
8	2024	685774308	30	685547768	686000848	"Gb_00397"
8	3733	677881798.5	30	677881224	677882373	"Gb_14193"
8	2355	687700361	30	687627951	687772771	"Gb_05732"
8	992	380536698	30	380536294	380537102	"Gb_37623"
8	1988	381618328.5	30	381618074	381618583	"Gb_37616"
9	11	237195	30	224371	250019	"Gb_40879"
2	2535	714153093.5	30	714151388	714154799	"Gb_30841"
2	1164	711461807	30	711458602	711465012	"Gb_08284"
5	1695	176112938	31	176081179	176144697	"Gb_11203"
5	1926	175616599.5	31	175528898	175704301	"Gb_09981"
5	5335	170179538.5	31	170179398	170179679	"Gb_31613"
5	852	7878481	31	7823313	7933649	"Gb_14708"
5	2298	12863181	31	12766117	12960245	"Gb_08572"
5	1661	15203146.5	31	15202992	15203301	"Gb_41000"
5	10176	17068466.5	31	17066134	17070799	"Gb_40426"
5	1842	19573972	31	19514238	19633706	"Gb_24378"
1	4824	NA	31	1085223596	1085382985	"Gb_04225"
1	1890	NA	31	1079079419	1079080865	"Gb_40258"
1	1890	NA	31	1079079294	1079081350	"Gb_40264"
5	853	172061911.5	31	171991338	172132485	"Gb_07028"
5	1696	173543604	31	173542678	173544530	"Gb_07025"
1	3206	991133421	31	991065329	991201513	"Gb_00559"
1	631	766830747.5	31	766801434	766860061	"Gb_27396"
4	5473	531657065	31	531655936	531658194	"Gb_03263"
1	144	NA	31	1128004617	1128028519	"Gb_17071"
7	3414	401000573	31	400998979	401002167	"Gb_00947"
7	3666	715670472	32	715541356	715799588	"Gb_12825"
7	795	239786241.5	32	239652142	239920341	"Gb_01940"
7	3878	239139543	32	239045456	239233630	"Gb_22473"
7	1269	219974077	32	219973148	219975006	"Gb_36979"
7	4810	212220404.5	32	212219164	212221645	"Gb_36297"
7	1212	206562271.5	32	206561489	206563054	"Gb_30433"
7	1212	428887702.5	32	428885812	428889593	"Gb_08809"
7	5753	401329251	32	401235222	401423280	"Gb_00946"
7	4385	393735296.5	32	393542269	393928324	"Gb_10616"
7	4811	413505822.5	32	413505727	413505918	"Gb_41701"
11	4236	358180062.5	32	358178027	358182098	"Gb_11963"
7	4236	416732409	32	416731156	416733662	"Gb_35746"
10	4659	326303014.5	32	326301352	326304677	"Gb_37241"
1	902	182031309.5	33	182030340	182032279	"Gb_05943"
5	1745	112349703	33	112285568	112413838	"Gb_04912"
5	203	91942257	33	91927002	91957512	"Gb_02549"
10	881	694906964	33	694905110	694908818	"Gb_19850"
9	900	23934213.5	33	23917307	23951120	"Gb_04106"
10	900	644339176	33	644319422	644358930	"Gb_37967"
5	2745	715849447.5	33	715849226	715849669	"Gb_23756"
5	137	157720103.5	34	157719553	157720654	"Gb_29844"
12	1483	561266367.5	34	561202606	561330129	"Gb_03735"
11	2152	314719416.5	34	314719043	314719790	"Gb_38276"
2	1537	446625594.5	34	446623818	446627371	"Gb_09800"
2	1537	448707427	34	448677990	448736864	"Gb_09808"
11	3340	548809245.5	34	548808476	548810015	"Gb_19102"
2	5141	495244383.5	34	495242270	495246497	"Gb_38601"
11	120	546155610.5	34	546072106	546239115	"Gb_06732"
11	120	320820525	34	320758588	320882462	"Gb_09525"
6	527	189911336.5	34	189910665	189912008	"Gb_13584"
11	527	319576879.5	34	319574543	319579216	"Gb_09524"
11	527	546501058.5	34	546498575	546503542	"Gb_26338"
2	743	444199233	35	444183673	444214793	"Gb_00154"
2	716	445703660.5	35	445701134	445706187	"Gb_40858"
2	4269	446018703.5	35	446015350	446022057	"Gb_40860"
3	4269	95645634	35	95636010	95655258	"Gb_35196"
2	1538	445465178.5	35	445465026	445465331	"Gb_40856"
2	2870	445124828.5	35	445119711	445129946	"Gb_01078"
2	773	545542542.5	35	545541284	545543801	"Gb_27949"
4	2874	652475526	35	652444304	652506748	"Gb_20939"
2	4774	562276071	35	562164221	562387921	"Gb_40028"
2	940	532366063.5	35	532364489	532367638	"Gb_24488"
3	940	673065927	35	673059511	673072343	"Gb_05418"
2	1486	535359472	35	535320079	535398865	"Gb_02704"
2	713	531992750.5	35	531838948	532146553	"Gb_24495"
2	713	540642851.5	35	540586515	540699188	"Gb_38396"
12	6999	582690341	35	582662015	582718667	"Gb_39897"
6	1292	81070206.5	36	81027565	81112848	"Gb_38203"
9	2220	616294553.5	36	616265442	616323665	"Gb_00318"
9	3480	613208100	36	613183922	613232278	"Gb_34755"
9	2971	609688282	36	609637786	609738778	"Gb_24020"
9	506	195977081.5	36	195968276	195985887	"Gb_35063"
6	2984	441758997.5	36	441652986	441865009	"Gb_15943"
6	3487	421484883.5	36	421484452	421485315	"Gb_40679"
6	2966	286481475.5	36	286481144	286481807	"Gb_35902"
6	2967	293286918	36	292975453	293598383	"Gb_29405"
3	1571	395983496	36	395925433	396041559	"Gb_21741"
3	5773	396194636.5	36	396190792	396198481	"Gb_21740"
8	3058	30625950.5	36	30624754	30627147	"Gb_08801"
10	1569	445924683.5	36	445923313	445926054	"Gb_06928"
3	1569	250475542	36	250388702	250562382	"Gb_15226"
8	460	394201836	37	394201098	394202574	"Gb_01723"
8	459	386332378.5	37	386136021	386528736	"Gb_21365"
5	1828	492920958.5	37	492758776	493083141	"Gb_10855"
12	1826	557800671.5	37	557745497	557855846	"Gb_41012"
5	1635	504827279.5	37	504826962	504827597	"Gb_41078"
5	5655	495456735.5	37	495455597	495457874	"Gb_19321"
11	3293	182240101	37	182236739	182243463	"Gb_40126"
9	1951	200379949	37	200379253	200380645	"Gb_21922"
4	219	199314802	38	199313177	199316427	"Gb_38352"
4	3205	218568878	38	218566712	218571044	"Gb_23602"
5	894	219163256.5	38	219159020	219167493	"Gb_10224"
5	2255	378186178.5	38	377930627	378441730	"Gb_29835"
4	1915	352257044.5	38	352255978	352258111	"Gb_05440"
4	4132	360280820	38	360279913	360281727	"Gb_37901"
4	1647	364917989	38	364888761	364947217	"Gb_21904"
7	1647	218508168.5	38	218479798	218536539	"Gb_13217"
4	2274	304417196.5	38	304406957	304427436	"Gb_28735"
3	555	116234602	39	116139861	116329343	"Gb_01425"
7	3365	433768218	39	433716987	433819449	"Gb_23600"
4	3535	741314550	39	741313508	741315592	"Gb_29276"
5	1171	54659601	39	54524015	54795187	"Gb_19844"
7	5457	432470296	39	432469652	432470940	"Gb_08685"
3	2510	316941495.5	39	316896753	316986238	"Gb_07780"
3	3359	323608691.5	39	323475480	323741903	"Gb_07736"
3	690	565364086	40	565334501	565393671	"Gb_06480"
8	1532	347206298	40	347205648	347206948	"Gb_21220"
8	2210	342947483.5	40	342920570	342974397	"Gb_28994"
3	6443	342316499	40	342315213	342317785	"Gb_03399"
3	2663	365641921	40	365502835	365781007	"Gb_11756"
3	2663	367919143	40	367918761	367919525	"Gb_34331"
3	3944	370264085	40	370262281	370265889	"Gb_08519"
8	2933	106263145.5	41	106241027	106285264	"Gb_09060"
6	1872	389452593.5	41	389215015	389690172	"Gb_30357"
6	3203	373928022	41	373926694	373929350	"Gb_03851"
6	3204	362848635	41	362847453	362849817	"Gb_34051"
5	2270	645873074	41	645872887	645873261	"Gb_15345"
3	1919	21060869.5	41	21060106	21061633	"Gb_38604"
4	1919	282144583	41	282144198	282144968	"Gb_21938"
5	170	378534295	41	378533215	378535375	"Gb_29824"
7	2530	267916683	41	267788265	268045101	"Gb_34536"
3	3571	350411375.5	42	350411067	350411684	"Gb_04504"
8	142	376599207	42	376539564	376658850	"Gb_02292"
3	142	370598274.5	42	370596327	370600222	"Gb_08517"
8	2960	587425685.5	42	587424384	587426987	"Gb_41153"
8	1567	594516701.5	42	594506637	594526766	"Gb_30916"
5	1766	533860920	42	533858455	533863385	"Gb_23910"
5	545	729476273	42	729423822	729528724	"Gb_16690"
7	2367	120578835.5	42	120507643	120650028	"Gb_26182"
12	1170	64148834	43	64147337	64150331	"Gb_18565"
12	1170	67524894.5	43	67523225	67526564	"Gb_39222"
12	8672	176058942.5	43	176055367	176062518	"Gb_10640"
12	1169	180024230	43	179890949	180157511	"Gb_25229"
12	1169	192915233.5	43	192844227	192986240	"Gb_10012"
12	985	36482314	43	36481554	36483074	"Gb_01609"
3	2491	475378363	43	475376406	475380320	"Gb_16180"
2	4242	685737463	44	685627417	685847509	"Gb_07655"
2	2757	688842762	44	688804627	688880897	"Gb_26435"
2	2753	715630721.5	44	715608732	715652711	"Gb_33346"
2	8604	768650267	44	768632973	768667561	"Gb_28216"
2	4603	661139626	44	661138453	661140799	"Gb_17403"
2	5636	98797544.5	44	98782891	98812198	"Gb_05917"
2	1389	102465947.5	44	102444010	102487885	"Gb_34800"
2	1364	101989160.5	44	101985502	101992819	"Gb_11589"
6	1272	205856641.5	45	205776624	205936659	"Gb_07886"
6	1463	585347126.5	45	585301537	585392716	"Gb_13018"
5	623	469162915.5	46	469154247	469171584	"Gb_27784"
5	22	466449471.5	46	466448575	466450368	"Gb_30742"
5	471	471443395.5	46	471434948	471451843	"Gb_22686"
5	1793	518628512	46	518618117	518638907	"Gb_05845"
3	455	559540011.5	46	559505714	559574309	"Gb_03319"
10	2891	597532005.5	46	597530713	597533298	"Gb_13644"
9	2891	178634149	46	178633002	178635296	"Gb_13966"
10	2891	173521568.5	46	173520495	173522642	"Gb_32252"
5	1122	427122204	47	427121234	427123174	"Gb_36556"
5	1153	429990723	47	429990295	429991151	"Gb_08422"
1	3519	746934875.5	47	746932515	746937236	"Gb_02594"
4	3384	36206491	48	36128868	36284114	"Gb_05546"
11	6505	49365383.5	48	49364801	49365966	"Gb_22164"
9	657	508432541	48	508431829	508433253	"Gb_00481"
9	1331	264669922.5	48	264669308	264670537	"Gb_13865"
9	4244	273598708	48	273560191	273637225	"Gb_22666"
1	3677	565415952.5	49	565414298	565417607	"Gb_38936"
9	3677	690819641.5	49	690817044	690822239	"Gb_38139"
5	3677	59525541.5	49	59520099	59530984	"Gb_14191"
9	3677	21407329.5	49	21313127	21501532	"Gb_30584"
9	4417	688581592	49	688429704	688733480	"Gb_18894"
8	4293	50919918	49	50916615	50923221	"Gb_14334"
2	2452	109421008.5	50	109419730	109422287	"Gb_14801"
2	1374	96405031.5	50	96402042	96408021	"Gb_04397"
7	1374	524727717.5	50	524727472	524727963	"Gb_24628"
7	3017	288962178.5	50	288961550	288962807	"Gb_30399"
7	1876	288377433	50	288370880	288383986	"Gb_30396"
6	499	531521028	50	531518768	531523288	"Gb_31076"
6	3239	526145255.5	50	526143771	526146740	"Gb_18690"
2	1365	766650731	50	766646826	766654636	"Gb_28231"
2	1365	766728629.5	50	766728085	766729174	"Gb_28232"
2	3434	713073033	50	713072433	713073633	"Gb_27127"
2	1407	698697617	50	698661981	698733253	"Gb_18435"
2	8845	694174161	50	694157071	694191251	"Gb_37601"
1	1845	175033719.5	51	174904343	175163096	"Gb_23346"
10	901	648616998	51	648615237	648618759	"Gb_03470"
1	1697	NA	52	1092236182	1092238286	"Gb_23230"
1	1841	1060986573.5	52	1060961124	1061012023	"Gb_23374"
5	851	11423877.5	52	11394989	11452766	"Gb_07669"
1	6666	979712802	52	979617404	979808200	"Gb_23256"
1	1713	984125519	52	984075530	984175508	"Gb_32348"
1	876	1016787494	52	1016625799	1016949189	"Gb_36309"
4	905	750736674	52	750653562	750819786	"Gb_00552"
4	859	746884214	52	746843154	746925274	"Gb_22633"
4	199	704776273.5	52	704775202	704777345	"Gb_36815"
4	2232	728271948	52	728159668	728384228	"Gb_22177"
4	2232	732544090	52	732427190	732660990	"Gb_19378"
4	1692	740911621	52	740884716	740938526	"Gb_10526"
4	1733	734632267.5	52	734631972	734632563	"Gb_26920"
6	2648	327024812.5	53	326999001	327050624	"Gb_13264"
6	2646	319165700	53	319050793	319280607	"Gb_16498"
8	3547	73849240.5	54	73846958	73851523	"Gb_12375"
8	233	401863331	54	401862703	401863959	"Gb_06553"
8	232	385473384.5	54	385410875	385535894	"Gb_21359"
8	2022	382480411.5	54	382416502	382544321	"Gb_05096"
8	2516	699597913	54	699597294	699598532	"Gb_14501"
8	991	678512206.5	54	678511277	678513136	"Gb_17416"
3	45	560202606	54	560128439	560276773	"Gb_17543"
3	45	559133889.5	54	559014503	559253276	"Gb_08623"
8	18	396297007.5	54	396295715	396298300	"Gb_03331"
8	3833	392213589	54	392183671	392243507	"Gb_11299"
10	4082	272375458.5	55	272374137	272376780	"Gb_20058"
10	3079	276100355.5	55	276032590	276168121	"Gb_16393"
10	462	277693538	55	277693031	277694045	"Gb_20116"
10	1588	268162169.5	55	268149990	268174349	"Gb_29333"
2	2305	727003227.5	55	726902955	727103500	"Gb_16992"
9	2305	180724681.5	55	180658606	180790757	"Gb_01914"
9	2305	169670644	55	169657958	169683330	"Gb_08270"
9	3067	181711460.5	55	181710571	181712350	"Gb_23711"
2	3067	726459112.5	55	726458543	726459682	"Gb_22367"
7	3256	29343709.5	56	29343035	29344384	"Gb_36064"
6	1494	539385631.5	56	539381820	539389443	"Gb_25776"
1	1054	347396925.5	57	347230761	347563090	"Gb_39825"
6	1097	328609888.5	57	328573963	328645814	"Gb_39590"
6	2459	329680173.5	57	329677978	329682369	"Gb_41257"
6	1369	331076731.5	57	331072381	331081082	"Gb_02180"
6	1381	331373941.5	57	331373160	331374723	"Gb_02182"
4	2737	173402368	57	173250676	173554060	"Gb_29950"
7	2425	319262049.5	57	319260381	319263718	"Gb_24008"
6	3193	359203888.5	58	359201773	359206004	"Gb_20474"
10	1924	604200077	58	604198446	604201708	"Gb_06451"
6	848	600310107	58	600251601	600368613	"Gb_19472"
10	4873	197359077	58	197358950	197359204	"Gb_00525"
10	168	630103929.5	58	630093243	630114616	"Gb_07909"
10	899	679245996	58	679188180	679303812	"Gb_39694"
10	899	687019990	58	686968788	687071192	"Gb_21766"
10	870	661254311	58	661251743	661256879	"Gb_14412"
1	2127	347995995	59	347995465	347996525	"Gb_09983"
12	3899	51013168	59	51011274	51015062	"Gb_34864"
12	1214	98277395.5	59	98245179	98309612	"Gb_17271"
12	6855	103129079.5	59	103127790	103130369	"Gb_40006"
12	1199	97170017	59	97128296	97211738	"Gb_27516"
12	1201	155618147.5	59	155617356	155618939	"Gb_08535"
12	4206	328362770	59	328280947	328444593	"Gb_11524"
10	5168	636117023.5	61	636115392	636118655	"Gb_12687"
1	2421	131250676	61	131108504	131392848	"Gb_09656"
5	1392	5150239.5	61	5148154	5152325	"Gb_10773"
2	1393	144640907.5	61	144636386	144645429	"Gb_07455"
5	332	177027581.5	61	176943084	177112079	"Gb_10140"
3	6623	472485476	62	472476316	472494636	"Gb_24062"
3	1869	514274238.5	62	514273216	514275261	"Gb_40445"
11	1869	167690187	62	167688768	167691606	"Gb_31981"
7	1869	193525674.5	62	193524288	193527061	"Gb_37149"
3	1673	513953624	62	513941991	513965257	"Gb_40444"
3	5112	513863933.5	62	513863694	513864173	"Gb_40443"
7	4129	528251442	62	528169470	528333414	"Gb_26979"
11	6642	280893090	63	280605516	281180664	"Gb_31209"
11	4687	287810289	63	287809539	287811039	"Gb_19132"
2	4869	339198714	63	339196358	339201070	"Gb_04568"
2	6473	339002764	63	338997302	339008226	"Gb_04569"
2	4304	356977990	63	356768954	357187026	"Gb_17171"
1	3244	514026003.5	64	514021540	514030467	"Gb_24669"
1	2119	415245218	64	415223765	415266671	"Gb_20792"
1	732	411777716.5	64	411745695	411809738	"Gb_17699"
1	2852	408330528.5	64	408251174	408409883	"Gb_20375"
4	915	435973213.5	65	435970690	435975737	"Gb_00678"
7	484	437930317	65	437860299	438000335	"Gb_04033"
4	1085	435645632	65	435635819	435655445	"Gb_00676"
3	4512	635042504	65	634942816	635142192	"Gb_25943"
12	269	556270355.5	66	556269212	556271499	"Gb_36988"
5	3108	572137277	66	572132793	572141761	"Gb_39640"
3	96	488950579.5	67	488942049	488959110	"Gb_16511"
3	128	517482747.5	67	517449484	517516011	"Gb_14388"
9	211	667990019.5	68	667898478	668081561	"Gb_10239"
6	192	409954317	68	409950955	409957679	"Gb_30339"
6	2999	409857740.5	68	409839746	409875735	"Gb_00983"
6	3227	416236542.5	68	416230021	416243064	"Gb_15447"
5	3289	432712949	69	432707324	432718574	"Gb_24881"
1	6648	839832036	69	839831357	839832715	"Gb_24348"
1	3295	841005929	69	841005305	841006553	"Gb_01971"
1	5631	851031264	69	851005080	851057448	"Gb_17179"
5	5716	541681503	69	541678588	541684418	"Gb_32064"
1	1018	826002902.5	69	826002333	826003472	"Gb_16313"
5	930	621306444.5	69	621303419	621309470	"Gb_32409"
5	1004	508668058	69	508548422	508787694	"Gb_00308"
5	221	500592650	69	500534601	500650699	"Gb_01736"
7	817	79594952.5	70	79594189	79595716	"Gb_03673"
7	817	80062809.5	70	80061523	80064096	"Gb_37555"
3	150	655424175.5	70	655423204	655425147	"Gb_30482"
11	150	133005559.5	70	132973366	133037753	"Gb_33416"
11	5439	73473265.5	71	73446823	73499708	"Gb_33600"
5	3509	52050693	72	51840080	52261306	"Gb_03413"
4	893	126966388	73	126965118	126967658	"Gb_00702"
4	893	128379144	73	128378814	128379474	"Gb_00687"
4	893	128418209.5	73	128417758	128418661	"Gb_00686"
4	892	116968902	73	116966098	116971706	"Gb_26958"
5	1742	349930141	73	349929499	349930783	"Gb_41241"
5	2982	358982165.5	73	358979629	358984702	"Gb_04016"
4	2981	78059736	73	77993517	78125955	"Gb_21290"
4	1741	80953525	73	80953030	80954020	"Gb_21286"
4	1648	94621805	73	94481690	94761920	"Gb_13304"
6	6280	328475362.5	73	328474770	328475955	"Gb_13148"
4	497	95550918.5	73	95541907	95559930	"Gb_11567"
5	3160	347443463	73	347431918	347455008	"Gb_27511"
5	498	344349056.5	73	344348328	344349785	"Gb_05863"
6	1276	45058367	75	45056622	45060112	"Gb_16825"
6	4832	26531527	75	26528503	26534551	"Gb_06821"
6	5485	52128791.5	75	52126774	52130809	"Gb_17555"
6	1277	32877803	75	32831681	32923925	"Gb_14520"
6	4394	48570684.5	76	48536203	48605166	"Gb_14322"
3	3943	354678756.5	77	354677122	354680391	"Gb_09370"
3	665	311493163	77	311489626	311496700	"Gb_03688"
5	1568	614824258.5	78	614776501	614872016	"Gb_28897"
5	1183	630803108.5	78	630802935	630803282	"Gb_30325"
5	2316	625921625	78	625918521	625924729	"Gb_21223"
5	6483	720706090	78	720704270	720707910	"Gb_35737"
5	1810	606493780.5	78	606352927	606634634	"Gb_30260"
5	2912	584111731	78	583986212	584237250	"Gb_06147"
9	4577	696953386.5	79	696951765	696955008	"Gb_02895"
10	3177	415590742	80	415545744	415635740	"Gb_27959"
10	503	341985102	80	341984537	341985667	"Gb_32340"
10	6705	63553200	80	63551134	63555266	"Gb_04121"
10	6705	72350977.5	80	72349153	72352802	"Gb_28018"
4	5437	146152724	80	146150113	146155335	"Gb_05670"
10	6405	62586463	80	62563648	62609278	"Gb_35844"
4	1237	129382230.5	80	129380051	129384410	"Gb_07245"
10	1237	63661233	80	63659421	63663045	"Gb_04141"
10	1237	140177369.5	80	140177217	140177522	"Gb_27211"
10	8619	66331576.5	80	66328599	66334554	"Gb_04135"
4	1072	202368845.5	81	202289059	202448632	"Gb_08354"
10	1072	211414773.5	81	211370417	211459130	"Gb_36316"
12	1198	104433886	82	104313878	104553894	"Gb_22046"
7	5629	487972895.5	82	487928140	488017651	"Gb_15677"
11	5629	68440863	82	68439816	68441910	"Gb_27847"
2	5701	318442570.5	82	318440872	318444269	"Gb_36974"
11	1207	610640841.5	83	610515536	610766147	"Gb_21527"
3	4976	30713649	83	30712985	30714313	"Gb_36453"
3	413	37087139	83	37085572	37088706	"Gb_08634"
3	372	74014618	83	74013710	74015526	"Gb_26458"
3	373	66794909	83	66793921	66795897	"Gb_04261"
3	373	72721308	83	72677637	72764979	"Gb_05092"
3	10845	81970606	83	81854344	82086868	"Gb_36960"
8	1932	458863487.5	84	458814894	458912081	"Gb_34077"
1	3653	789112758.5	85	788991229	789234288	"Gb_16686"
10	1282	161532713	85	161402974	161662452	"Gb_22465"
10	3438	162687270	85	162686972	162687568	"Gb_09118"
10	6593	160778596	85	160667529	160889663	"Gb_22027"
10	2846	148616163	85	148524544	148707782	"Gb_23733"
1	4761	598447714	86	598371088	598524340	"Gb_10689"
1	1036	345365153.5	86	345219951	345510356	"Gb_40471"
1	1036	348718331.5	86	348716950	348719713	"Gb_21668"
5	1546	249783774.5	87	249664761	249902788	"Gb_40667"
10	1280	143619648.5	87	143579985	143659312	"Gb_18614"
10	1222	141078870.5	87	141078391	141079350	"Gb_18605"
5	3516	728495831.5	88	728494101	728497562	"Gb_22696"
6	167	631491825.5	88	631490692	631492959	"Gb_29764"
10	1723	220762535	88	220762141	220762929	"Gb_06443"
9	2053	40762189	89	40761798	40762580	"Gb_26712"
9	2053	48587186.5	89	48570811	48603562	"Gb_12290"
2	543	235531747	89	235388398	235675096	"Gb_20817"
2	5539	141060937.5	89	141060510	141061365	"Gb_23309"
2	5539	236024951.5	89	236024445	236025458	"Gb_20818"
2	1375	86215870	89	86214212	86217528	"Gb_18552"
2	594	229582302.5	89	229515814	229648791	"Gb_09240"
9	2570	139087383.5	91	139086702	139088065	"Gb_27051"
11	3126	626728497	91	626688441	626768553	"Gb_09642"
2	1208	509390741.5	91	509389743	509391740	"Gb_02773"
2	5094	514558040	91	514557292	514558788	"Gb_15293"
1	1550	867174572.5	91	867172868	867176277	"Gb_31218"
10	5664	140896425	92	140896187	140896663	"Gb_18611"
4	5664	161145688	92	161145489	161145887	"Gb_11359"
4	5481	161149323.5	92	161149132	161149515	"Gb_11360"
4	5479	161110444	92	161108379	161112509	"Gb_20142"
6	215	452409731.5	93	452408615	452410848	"Gb_30295"
1	6426	354103616.5	93	354103058	354104175	"Gb_11930"
1	766	526561100.5	93	526317501	526804700	"Gb_29661"
1	3450	387951635.5	93	387950322	387952949	"Gb_35793"
10	910	216086743.5	93	216046060	216127427	"Gb_28814"
8	3644	18053192	94	18051932	18054452	"Gb_02908"
8	3644	17842958	94	17842463	17843453	"Gb_02909"
7	4238	304461267	94	304459064	304463470	"Gb_02099"
8	4238	661313095.5	94	661311313	661314878	"Gb_35631"
7	798	298560598	94	298559538	298561658	"Gb_29428"
7	827	596108432	94	596107836	596109028	"Gb_06170"
7	1300	266744521	94	266678498	266810544	"Gb_26778"
8	1931	534582563.5	96	534578582	534586545	"Gb_26114"
8	1931	533033978	96	532854773	533213183	"Gb_37120"
8	3284	548495317.5	96	548495002	548495633	"Gb_26150"
8	1930	585390978.5	96	585327569	585454388	"Gb_41150"
10	1946	501350176.5	96	501349488	501350865	"Gb_14125"
8	1946	349976507	96	349974952	349978062	"Gb_34034"
8	2111	530268417	96	530179719	530357115	"Gb_16157"
3	155	64278313	97	64231164	64325462	"Gb_11317"
3	10129	27752070	97	27751877	27752263	"Gb_35973"
3	9172	23431614	97	23399103	23464125	"Gb_19769"
10	1840	693204542.5	98	693204202	693204883	"Gb_30700"
10	3188	692747428	98	692624974	692869882	"Gb_30710"
10	1839	690013249	98	690011917	690014581	"Gb_37263"
10	1887	665013630.5	98	665012309	665014952	"Gb_39743"
10	194	666839739.5	98	666829809	666849670	"Gb_39746"
8	5792	6657842	99	6601579	6714105	"Gb_12275"
8	6013	8636699.5	99	8564838	8708561	"Gb_40058"
8	5521	9120842	99	9117138	9124546	"Gb_32213"
8	5522	51362461	99	51360676	51364246	"Gb_17874"
8	1312	51579854.5	99	51495667	51664042	"Gb_17876"
8	1311	45443697.5	99	45301483	45585912	"Gb_01387"
8	6258	39157480	99	39156612	39158348	"Gb_07398"
8	10179	39275803	99	39269692	39281914	"Gb_07397"
8	1308	106788742	99	106700014	106877470	"Gb_32230"
8	1308	42790558.5	99	42790146	42790971	"Gb_18452"
8	2695	43438357	99	43399999	43476715	"Gb_18459"
8	1309	40954924.5	99	40953239	40956610	"Gb_37343"
8	5656	101812440	99	101809012	101815868	"Gb_30785"
4	253	231210056.5	100	231205965	231214148	"Gb_22699"
7	254	3962769	100	3961009	3964529	"Gb_08344"
3	2953	492048225	100	492008877	492087573	"Gb_40802"
3	1782	498827996	100	498827608	498828384	"Gb_19266"
3	1783	500795015	100	500630258	500959772	"Gb_19277"
3	958	497502474.5	100	497488912	497516037	"Gb_11480"
4	87	750251678.5	101	750236897	750266460	"Gb_00553"
4	2678	751441817	101	751348592	751535042	"Gb_00550"
2	5462	532832573.5	102	532711123	532954024	"Gb_08869"
12	4249	625227758	102	625226095	625229421	"Gb_29224"
12	2146	615224333.5	102	615113605	615335062	"Gb_10370"
12	2147	615009248.5	102	615008602	615009895	"Gb_10372"
12	5524	625650462	102	625649936	625650988	"Gb_29220"
5	1897	360379315	103	360376265	360382365	"Gb_16343"
8	2392	15648253	104	15645844	15650662	"Gb_03809"
8	2392	17002833.5	104	16939508	17066159	"Gb_16628"
8	801	16285919.5	104	16283845	16287994	"Gb_16632"
8	2391	13870842.5	105	13778290	13963395	"Gb_06011"
8	2565	64680620.5	105	64662767	64698474	"Gb_26018"
5	145	111090976.5	106	111089896	111092057	"Gb_04915"
1	71	149014741.5	106	149013488	149015995	"Gb_01745"
1	3914	NA	106	1126534182	1126678561	"Gb_20476"
1	72	NA	106	1127299564	1127300732	"Gb_07785"
1	681	103536982	106	103347365	103726599	"Gb_03820"
10	1912	333827246.5	107	333709202	333945291	"Gb_35635"
10	1862	401974116.5	107	401973297	401974936	"Gb_09559"
10	2279	260397457	107	260376148	260418766	"Gb_35127"
10	6787	260925480.5	107	260924894	260926067	"Gb_14069"
6	406	177412730	108	177412366	177413094	"Gb_16245"
10	3935	478160195	109	477975588	478344802	"Gb_19582"
3	1351	423873532	109	423873122	423873942	"Gb_28134"
3	1351	408222749.5	109	408222304	408223195	"Gb_26428"
3	143	412924495.5	109	412787214	413061777	"Gb_33318"
9	4345	697180157.5	110	697180011	697180304	"Gb_22852"
7	1093	77526528.5	110	77525606	77527451	"Gb_06747"
3	4830	688980983.5	111	688979331	688982636	"Gb_23877"
4	2642	715009165.5	112	714839701	715178630	"Gb_26366"
4	3981	715623331.5	112	715621309	715625354	"Gb_26371"
1	617	661774567.5	112	661697761	661851374	"Gb_14475"
2	3477	280197263	113	280173325	280221201	"Gb_40581"
2	4932	46624067	113	46623738	46624396	"Gb_27800"
1	2460	983528894	114	983526987	983530801	"Gb_29928"
1	1061	991416019	114	991415386	991416652	"Gb_00565"
1	2730	1017828345	114	1017794961	1017861729	"Gb_36626"
1	284	1013480828	114	1013479065	1013482591	"Gb_34064"
1	2731	105747865	114	105746389	105749341	"Gb_21027"
10	2731	146508161	114	146506369	146509953	"Gb_26728"
4	2013	495058106.5	115	495057269	495058944	"Gb_05394"
2	2340	715152453	115	715150352	715154554	"Gb_30839"
5	535	512908076.5	116	512859802	512956351	"Gb_06458"
5	6250	443240566	116	443166334	443314798	"Gb_26617"
5	5806	597231689.5	116	597231340	597232039	"Gb_41226"
5	1002	733830009.5	116	733823042	733836977	"Gb_21676"
5	5662	611183598.5	116	611133431	611233766	"Gb_02140"
5	931	619296347	116	619296031	619296663	"Gb_28410"
5	1000	533121721.5	116	532938097	533305346	"Gb_23906"
7	5541	724135253.5	118	724100151	724170356	"Gb_03040"
7	5541	723981867	118	723981436	723982298	"Gb_03039"
7	840	240397640.5	118	240360025	240435256	"Gb_02960"
7	4235	425636847	118	425540019	425733675	"Gb_40341"
7	8341	362978997	118	362948922	363009072	"Gb_25569"
9	563	416082886.5	119	416019773	416146000	"Gb_36463"
9	4311	415804211	119	415778676	415829746	"Gb_36462"
6	395	45383293.5	121	45380313	45386274	"Gb_16815"
4	4392	37378109.5	121	37377714	37378505	"Gb_38558"
4	1083	84295917.5	121	84167112	84424723	"Gb_01625"
10	2728	610920074.5	121	610918915	610921234	"Gb_05057"
4	2728	80265102.5	121	80264679	80265526	"Gb_21296"
4	1084	85824674	121	85805685	85843663	"Gb_38815"
4	3809	110974622	121	110973953	110975291	"Gb_40146"
4	2732	248809393.5	122	248733765	248885022	"Gb_08188"
4	1082	77617308	122	77616590	77618026	"Gb_21289"
5	1082	71014217	122	70987059	71041375	"Gb_07092"
9	4582	595088436.5	123	595002471	595174402	"Gb_28125"
9	2243	630977759.5	123	630973593	630981926	"Gb_01241"
6	2580	323764273.5	124	323691005	323837542	"Gb_02925"
6	3443	323999308.5	124	323957178	324041439	"Gb_10933"
6	8850	321403691	124	321403428	321403954	"Gb_20563"
10	1074	432489117.5	125	432381262	432596973	"Gb_18649"
10	2759	594638301	125	594486659	594789943	"Gb_27798"
3	3536	470373402	126	470349694	470397110	"Gb_14095"
4	1977	500249887.5	126	500210100	500289675	"Gb_03500"
3	1977	443685279.5	126	443672117	443698442	"Gb_40890"
12	2331	222825259	126	222824146	222826372	"Gb_09260"
8	3250	337371235.5	127	337188394	337554077	"Gb_37507"
8	1297	568000931.5	127	567996641	568005222	"Gb_23956"
12	6966	106959943.5	127	106958606	106961281	"Gb_29033"
12	6574	89267366	127	89242256	89292476	"Gb_12059"
2	125	5847414.5	128	5773898	5920931	"Gb_34494"
2	706	14070302	128	13943358	14197246	"Gb_26889"
2	737	659930722	128	659907263	659954181	"Gb_17044"
2	3609	651189540	128	651082749	651296331	"Gb_17412"
11	1117	35752687	128	35721102	35784272	"Gb_15747"
7	4562	299986030	129	299984405	299987655	"Gb_22399"
1	4243	832466026	129	832465728	832466324	"Gb_23592"
3	2089	356010150.5	130	356005299	356015002	"Gb_21315"
3	675	351979105.5	130	351976622	351981589	"Gb_18862"
3	666	309870125	130	309869384	309870866	"Gb_34406"
3	8846	311820922.5	130	311820393	311821452	"Gb_03689"
3	1574	60504473.5	131	60501994	60506953	"Gb_38761"
3	5342	59998103	131	59997510	59998696	"Gb_11139"
3	274	274319569.5	131	274304172	274334967	"Gb_37894"
3	2001	686497216.5	132	686386272	686608161	"Gb_23882"
3	551	744853049	132	744840992	744865106	"Gb_26640"
3	641	742515775	132	742313601	742717949	"Gb_03750"
3	638	747334483.5	132	747328711	747340256	"Gb_01152"
3	638	747390891.5	132	747390634	747391149	"Gb_01150"
10	3355	295483193.5	133	295372041	295594346	"Gb_32692"
10	2293	335619080	133	335618113	335620047	"Gb_33421"
10	3357	413751378	133	413728305	413774451	"Gb_08629"
3	176	5950859	133	5950225	5951493	"Gb_40693"
10	176	344927425	133	344915929	344938921	"Gb_25567"
10	504	351666878.5	133	351666100	351667657	"Gb_25406"
10	1672	414224761	133	414136720	414312802	"Gb_08627"
7	4289	584651337.5	134	584619780	584682895	"Gb_22708"
7	794	367131927.5	134	367057379	367206476	"Gb_16302"
7	3343	428390129.5	134	428340900	428439359	"Gb_30577"
7	2227	385282716	134	385280781	385284651	"Gb_39488"
7	6637	399663087.5	134	399661683	399664492	"Gb_35032"
6	1285	32555143.5	135	32501047	32609240	"Gb_00666"
4	1477	248473485	135	248472682	248474288	"Gb_08186"
4	4530	58329199	135	58328084	58330314	"Gb_16675"
5	1809	576280385	136	576065124	576495646	"Gb_13934"
5	1809	600316461.5	136	600314906	600318017	"Gb_15614"
5	1634	606169997	136	606105229	606234765	"Gb_30255"
5	1014	718916444.5	136	718914857	718918032	"Gb_24098"
1	615	825655838.5	136	825654695	825656982	"Gb_24708"
5	9461	538400274	136	538399550	538400998	"Gb_32074"
5	531	540068157	136	539997173	540139141	"Gb_32070"
5	4330	548171623.5	136	548171392	548171855	"Gb_07999"
11	6170	634776724	137	634704314	634849134	"Gb_04997"
11	8838	634524871	137	634523350	634526392	"Gb_04994"
8	837	32826666.5	138	32788272	32865061	"Gb_32128"
9	837	467800049	138	467796840	467803258	"Gb_08617"
8	836	35577244	138	35527037	35627451	"Gb_09954"
12	2519	359732497.5	139	359730600	359734395	"Gb_40501"
11	1139	56032434.5	139	56030084	56034785	"Gb_38099"
11	4519	55864844	139	55863462	55866226	"Gb_38092"
8	4335	659833913	139	659829361	659838465	"Gb_32183"
6	897	358062764	140	358039869	358085659	"Gb_20472"
10	1656	595622832.5	140	595318408	595927257	"Gb_21411"
4	2414	24053719.5	141	24009834	24097605	"Gb_23571"
4	2413	25588259.5	141	25587791	25588728	"Gb_17317"
4	6558	2158907	141	2149616	2168198	"Gb_28188"
4	2417	3625640.5	141	3624835	3626446	"Gb_11407"
4	6404	276738566.5	141	276737418	276739715	"Gb_22526"
8	1531	514446735	142	514445570	514447900	"Gb_38052"
11	3485	85551180	143	85547729	85554631	"Gb_07831"
11	1219	92804604.5	143	92803862	92805347	"Gb_17224"
11	1220	92113979	143	91807362	92420596	"Gb_12187"
2	1397	98338873.5	144	98323038	98354709	"Gb_29957"
2	5618	648754566	144	648753731	648755401	"Gb_22882"
2	4492	652036605.5	144	651849676	652223535	"Gb_39080"
2	3791	700596818.5	144	700596079	700597558	"Gb_03732"
2	3791	698279983	144	698257890	698302076	"Gb_18434"
5	2559	457976393	148	457975879	457976907	"Gb_12162"
1	997	798292090	148	798230869	798353311	"Gb_07483"
5	997	549648641.5	148	549647649	549649634	"Gb_31684"
5	632	418418012	148	418373871	418462153	"Gb_03562"
4	2761	303263280	149	303261187	303265373	"Gb_10055"
6	5451	328283451	149	328282793	328284109	"Gb_13152"
6	1368	332991909.5	149	332820437	333163382	"Gb_39400"
4	1027	231867265.5	149	231864741	231869790	"Gb_39834"
5	57	517400470	150	517340576	517460364	"Gb_05860"
5	933	441136694.5	150	441075033	441198356	"Gb_29434"
2	1408	689121273.5	150	689119198	689123349	"Gb_26434"
2	2756	693292024.5	150	693287203	693296846	"Gb_19837"
2	3967	699137076	150	699010822	699263330	"Gb_19824"
9	2903	500156531	151	500061295	500251767	"Gb_06587"
9	1821	503452841.5	151	503452474	503453209	"Gb_39963"
3	3089	159411804	151	159334830	159488778	"Gb_08881"
9	1447	333907911	154	333897350	333918472	"Gb_29159"
2	1447	339944279.5	154	339926611	339961948	"Gb_37034"
8	2115	634270412.5	155	634127590	634413235	"Gb_28479"
2	1468	672477327	155	672407462	672547192	"Gb_18677"
2	1947	2948964	155	2873271	3024657	"Gb_29796"
8	1940	579399210.5	155	579398410	579400011	"Gb_27091"
4	2942	623310844.5	156	623189028	623432661	"Gb_32562"
2	4142	295916249	157	295914390	295918108	"Gb_32866"
2	4310	303202636.5	157	303037277	303367996	"Gb_02814"
10	28	51476127.5	158	51258185	51694070	"Gb_15844"
10	1020	58891939	158	58855577	58928301	"Gb_40272"
6	381	64402336.5	159	64400559	64404114	"Gb_31755"
6	1704	457518378.5	159	457301345	457735412	"Gb_29192"
6	505	477572363.5	159	477571726	477573001	"Gb_12907"
7	505	30820039.5	159	30819559	30820520	"Gb_31193"
9	5060	663825899.5	160	663825319	663826480	"Gb_21279"
9	847	666355056	160	666110371	666599741	"Gb_39788"
3	2038	560312698	160	560311137	560314259	"Gb_17544"
10	1121	439408697.5	162	439407264	439410131	"Gb_20189"
10	1363	661519252	162	661452961	661585543	"Gb_14414"
4	2092	88794911.5	163	88761181	88828642	"Gb_25982"
1	687	195416874.5	163	195345815	195487934	"Gb_08784"
1	3574	180137878.5	163	180137623	180138134	"Gb_24081"
6	3672	317436710	164	317436176	317437244	"Gb_16502"
6	3671	314458149	164	314457200	314459098	"Gb_15662"
6	3670	319763628	164	319711790	319815466	"Gb_16496"
6	3886	315866780.5	164	315866339	315867222	"Gb_41795"
6	3885	310061466.5	164	310057305	310065628	"Gb_25602"
6	560	316213046	164	316066540	316359552	"Gb_41794"
6	9474	77056221.5	164	76973136	77139307	"Gb_33079"
6	3228	411680533.5	165	411680333	411680734	"Gb_07788"
6	2264	408630601.5	165	408628926	408632277	"Gb_35321"
2	4842	363163954.5	166	363161869	363166040	"Gb_09698"
5	1107	22537103.5	167	22468391	22605816	"Gb_19077"
5	1105	180870294.5	167	180869602	180870987	"Gb_34533"
1	311	998093033.5	167	997985230	998200837	"Gb_35139"
1	4769	1002929306.5	168	1002909047	1002949566	"Gb_00377"
1	736	997055283	168	997055136	997055430	"Gb_35133"
2	1516	15471399.5	168	15310193	15632606	"Gb_21177"
2	1517	670548427	168	670408114	670688740	"Gb_11945"
3	3393	418970778.5	170	418968762	418972795	"Gb_31834"
10	1838	677355391.5	171	677226765	677484018	"Gb_08675"
6	849	604540570.5	171	604520584	604560557	"Gb_16099"
10	1835	604671371.5	171	604491841	604850902	"Gb_04448"
10	1835	601893991.5	171	601777347	602010636	"Gb_06563"
1	1173	851808936	172	851808202	851809670	"Gb_17189"
5	5645	25323179	174	25322341	25324017	"Gb_29459"
5	6651	23710166.5	174	23705006	23715327	"Gb_19081"
5	1391	18292584.5	174	18290731	18294438	"Gb_24383"
5	323	171413459.5	174	171409765	171417154	"Gb_31618"
5	2776	321491733.5	175	321457780	321525687	"Gb_11002"
3	449	497096293.5	176	497095843	497096744	"Gb_33038"
11	448	165437655.5	176	165434147	165441164	"Gb_36524"
3	448	489035337.5	176	489034363	489036312	"Gb_16516"
1	1881	220657077.5	176	220655932	220658223	"Gb_10452"
4	3774	302421024.5	177	302419898	302422151	"Gb_10050"
8	13	454265626	178	454228259	454302993	"Gb_30667"
4	1528	248694163.5	179	248693798	248694529	"Gb_08187"
4	2655	256842197.5	179	256787387	256897008	"Gb_06578"
4	3784	259498768	179	259466933	259530603	"Gb_06580"
3	5452	647472347.5	180	647461822	647482873	"Gb_19591"
4	277	229408430.5	182	229407066	229409795	"Gb_18943"
7	762	31267699.5	184	31266876	31268523	"Gb_24788"
6	746	521893096.5	184	521767614	522018579	"Gb_13615"
1	1493	926268890	184	926121556	926416224	"Gb_23465"
3	2869	516710219	185	516554916	516865522	"Gb_14386"
9	6964	43550813.5	188	43549269	43552358	"Gb_34627"
2	2049	135421020.5	188	135418967	135423074	"Gb_41222"
2	1150	142573393	188	142562055	142584731	"Gb_15362"
1	4183	833738870.5	190	833736433	833741308	"Gb_17288"
7	3347	595006537	190	595006053	595007021	"Gb_10725"
1	3248	930475051	195	930300884	930649218	"Gb_41462"
8	3	390111619.5	196	390110316	390112923	"Gb_29741"
3	50	215449659.5	196	215448237	215451082	"Gb_33922"
10	1658	642916420.5	197	642914085	642918756	"Gb_38929"
10	1658	645052894.5	197	644816374	645289415	"Gb_37969"
10	1059	649970266	197	649969356	649971176	"Gb_40949"
9	1816	62352371	198	62334755	62369987	"Gb_14318"
1	4667	786993765.5	199	786965983	787021548	"Gb_02314"
2	4868	349448305	199	349368870	349527740	"Gb_13624"
9	9258	455567885	200	455527616	455608154	"Gb_35799"
5	5482	557089822	201	557089134	557090510	"Gb_23258"
5	5483	621892028	201	621788688	621995368	"Gb_32407"
5	636	542199369.5	201	542196153	542202586	"Gb_32037"
5	636	615084865.5	201	615082714	615087017	"Gb_10890"
5	636	542305893	201	542304893	542306893	"Gb_32058"
1	636	725660782.5	201	725659521	725662044	"Gb_13338"
5	2063	616517205.5	201	616515881	616518530	"Gb_10893"
5	6879	614042392.5	201	614041064	614043721	"Gb_28894"
9	205	28323323.5	203	28321803	28324844	"Gb_41126"
3	1328	203010373	204	202960870	203059876	"Gb_31916"
3	6876	202441079	204	202440666	202441492	"Gb_31905"
1	2709	834564112.5	205	834561644	834566581	"Gb_17897"
1	2709	831112225	205	831024048	831200402	"Gb_40232"
1	2709	839286279	205	839285051	839287507	"Gb_24342"
1	1350	846636766	205	846636234	846637298	"Gb_32002"
2	6263	375558752.5	205	375557391	375560114	"Gb_41333"
1	6263	854725481	205	854723955	854727007	"Gb_15002"
1	761	913456889.5	208	913456661	913457118	"Gb_19603"
11	2040	550946053.5	209	550838508	551053599	"Gb_10986"
1	3778	384315322	210	384122040	384508604	"Gb_15026"
1	1041	381034409.5	210	380996320	381072499	"Gb_15023"
7	819	70710358.5	212	70708811	70711906	"Gb_24319"
2	1378	143875410	213	143769392	143981428	"Gb_07456"
2	1378	136571148	213	136461294	136681002	"Gb_21986"
4	2166	661828402	214	661787856	661868948	"Gb_01303"
10	1820	623269519	215	623178563	623360475	"Gb_33072"
3	1621	500137918.5	215	500106004	500169833	"Gb_19268"
7	5984	394748896	216	394745832	394751960	"Gb_10619"
7	3179	633482058	219	633363573	633600543	"Gb_07123"
8	2157	359826774	220	359821355	359832193	"Gb_18405"
8	4773	360619380.5	220	360480114	360758647	"Gb_15088"
8	3608	354451020	220	354322105	354579935	"Gb_07642"
4	6620	161168029	222	161167627	161168431	"Gb_11366"
9	3591	261955618	223	261940113	261971123	"Gb_13388"
12	3404	55480882	225	55479951	55481813	"Gb_11245"
12	5585	106317777	228	106231604	106403950	"Gb_29637"
4	673	243891120.5	230	243740991	244041250	"Gb_36286"
11	160	634340056.5	234	634329017	634351096	"Gb_04992"
4	160	753149331.5	234	753112746	753185917	"Gb_32202"
4	875	746980404.5	234	746979777	746981032	"Gb_22642"
6	3998	422785166.5	235	422783409	422786924	"Gb_02888"
3	1544	476414262	237	476394589	476433935	"Gb_15393"
5	1095	377058394.5	238	377037766	377079023	"Gb_11489"
5	3368	363216160	238	362977180	363455140	"Gb_35553"
5	1403	659754805	238	659753622	659755988	"Gb_33996"
10	1762	674639020	240	674633912	674644128	"Gb_31273"
10	1562	633264500	240	633073974	633455026	"Gb_24172"
2	4697	362629926.5	244	362426912	362832941	"Gb_35352"
2	5542	489052619	248	489044402	489060836	"Gb_02525"
