5	9286	427508680.5	0	427467237	427550124	"Gb_09128"
5	1153	429990723	0	429990295	429991151	"Gb_08422"
1	4183	833738870.5	0	833736433	833741308	"Gb_17288"
1	6648	839832036	0	839831357	839832715	"Gb_24348"
7	568	686388309	0	686380660	686395958	"Gb_12530"
2	4842	363163954.5	0	363161869	363166040	"Gb_09698"
2	4304	356977990	0	356768954	357187026	"Gb_17171"
11	4687	287810289	0	287809539	287811039	"Gb_19132"
2	5927	335927572.5	0	335926847	335928298	"Gb_32987"
2	5542	489052619	0	489044402	489060836	"Gb_02525"
5	997	549648641.5	0	549647649	549649634	"Gb_31684"
1	997	798292090	0	798230869	798353311	"Gb_07483"
1	617	661774567.5	0	661697761	661851374	"Gb_14475"
1	418	657285956.5	0	657200833	657371080	"Gb_13237"
1	2791	307835156	0	307808157	307862155	"Gb_37388"
4	6414	476222716.5	0	476217283	476228150	"Gb_04922"
4	6414	482014895	0	482012295	482017495	"Gb_31983"
10	1924	604200077	1	604198446	604201708	"Gb_06451"
10	1835	604671371.5	1	604491841	604850902	"Gb_04448"
10	1835	601893991.5	1	601777347	602010636	"Gb_06563"
6	848	600310107	1	600251601	600368613	"Gb_19472"
10	4873	197359077	1	197358950	197359204	"Gb_00525"
10	899	679245996	1	679188180	679303812	"Gb_39694"
10	899	687019990	1	686968788	687071192	"Gb_21766"
10	194	666839739.5	1	666829809	666849670	"Gb_39746"
10	1887	665013630.5	1	665012309	665014952	"Gb_39743"
10	3000	663960690.5	1	663960013	663961368	"Gb_06879"
10	870	661254311	1	661251743	661256879	"Gb_14412"
10	917	659433890.5	1	659432940	659434841	"Gb_14423"
10	3183	450208891.5	1	449975125	450442658	"Gb_29099"
10	1839	690013249	1	690011917	690014581	"Gb_37263"
10	1657	692500719	1	692473201	692528237	"Gb_30711"
10	3188	692747428	1	692624974	692869882	"Gb_30710"
10	1840	693204542.5	1	693204202	693204883	"Gb_30700"
9	900	23934213.5	1	23917307	23951120	"Gb_04106"
10	900	644339176	1	644319422	644358930	"Gb_37967"
9	8921	23286656	1	23284145	23289167	"Gb_07577"
10	8921	645782933	1	645763642	645802224	"Gb_37971"
10	901	648616998	1	648615237	648618759	"Gb_03470"
9	205	28323323.5	1	28321803	28324844	"Gb_41126"
2	5720	348869692	2	348865131	348874253	"Gb_13621"
1	4667	786993765.5	2	786965983	787021548	"Gb_02314"
4	160	753149331.5	2	753112746	753185917	"Gb_32202"
11	160	634340056.5	2	634329017	634351096	"Gb_04992"
4	905	750736674	2	750653562	750819786	"Gb_00552"
4	859	746884214	2	746843154	746925274	"Gb_22633"
4	875	746980404.5	2	746979777	746981032	"Gb_22642"
4	2232	728271948	2	728159668	728384228	"Gb_22177"
4	2232	732544090	2	732427190	732660990	"Gb_19378"
4	1733	734632267.5	2	734631972	734632563	"Gb_26920"
4	873	734971792.5	2	734971434	734972151	"Gb_26913"
1	876	1016787494	2	1016625799	1016949189	"Gb_36309"
1	4320	1010333880	2	1010325128	1010342632	"Gb_13915"
1	3206	991133421	2	991065329	991201513	"Gb_00559"
5	1696	173543604	2	173542678	173544530	"Gb_07025"
5	1695	176112938	2	176081179	176144697	"Gb_11203"
1	2266	1004553255.5	2	1004314504	1004792007	"Gb_37830"
1	631	766830747.5	2	766801434	766860061	"Gb_27396"
1	224	852051198	2	852049815	852052581	"Gb_17190"
2	224	382334852	2	382332874	382336830	"Gb_28585"
1	1173	851808936	2	851808202	851809670	"Gb_17189"
8	4783	349630931	3	349507153	349754709	"Gb_19912"
8	4773	360619380.5	3	360480114	360758647	"Gb_15088"
2	5094	514558040	3	514557292	514558788	"Gb_15293"
2	1266	502699777	3	502622943	502776611	"Gb_16350"
4	1266	277023030.5	3	276980299	277065762	"Gb_22523"
4	2417	3625640.5	3	3624835	3626446	"Gb_11407"
4	6558	2158907	3	2149616	2168198	"Gb_28188"
4	2414	24053719.5	3	24009834	24097605	"Gb_23571"
10	1121	439408697.5	3	439407264	439410131	"Gb_20189"
10	2439	660660375.5	3	660659806	660660945	"Gb_14428"
10	2439	661012905	3	661012431	661013379	"Gb_14430"
10	1074	432489117.5	3	432381262	432596973	"Gb_18649"
10	2759	594638301	3	594486659	594789943	"Gb_27798"
10	3935	478160195	3	477975588	478344802	"Gb_19582"
12	3404	55480882	3	55479951	55481813	"Gb_11245"
12	1198	104433886	3	104313878	104553894	"Gb_22046"
12	1214	98277395.5	3	98245179	98309612	"Gb_17271"
4	398	146857901.5	3	146857336	146858467	"Gb_05672"
10	398	69041700.5	3	69040617	69042784	"Gb_10245"
7	3923	12803716.5	4	12803193	12804240	"Gb_25879"
7	3287	11935616	4	11879113	11992119	"Gb_25885"
7	3288	5870866	4	5870377	5871355	"Gb_11854"
7	3639	7941979.5	4	7931455	7952504	"Gb_23817"
7	4182	85985486.5	4	85881574	86089399	"Gb_00257"
3	1334	702024742	4	702023226	702026258	"Gb_06063"
3	1333	698444442	4	698442467	698446417	"Gb_18225"
3	153	707570210.5	4	707569075	707571346	"Gb_09499"
9	1339	107600331	4	107592549	107608113	"Gb_09687"
3	3632	619719876	4	619714692	619725060	"Gb_22844"
3	1325	351032373.5	4	350940336	351124411	"Gb_00928"
3	1869	514274238.5	5	514273216	514275261	"Gb_40445"
7	1869	193525674.5	5	193524288	193527061	"Gb_37149"
11	1869	167690187	5	167688768	167691606	"Gb_31981"
3	1673	513953624	5	513941991	513965257	"Gb_40444"
7	1876	288377433	5	288370880	288383986	"Gb_30396"
7	3077	36944348	5	36943825	36944871	"Gb_02451"
7	5768	34585375.5	5	34429011	34741740	"Gb_19876"
7	960	30319285	5	30306990	30331580	"Gb_35164"
7	960	25188510.5	5	25185456	25191565	"Gb_26323"
3	958	497502474.5	5	497488912	497516037	"Gb_11480"
3	1621	500137918.5	5	500106004	500169833	"Gb_19268"
6	499	531521028	6	531518768	531523288	"Gb_31076"
6	3239	526145255.5	6	526143771	526146740	"Gb_18690"
10	2949	274385253.5	6	274384381	274386126	"Gb_20061"
10	2948	278326049.5	6	278324590	278327509	"Gb_20118"
10	186	291717378	6	291715983	291718773	"Gb_02161"
10	2279	260397457	6	260376148	260418766	"Gb_35127"
10	2402	267649646	6	267619504	267679788	"Gb_29331"
10	4082	272375458.5	6	272374137	272376780	"Gb_20058"
10	2898	278914178.5	6	278912703	278915654	"Gb_20119"
10	3104	263387945.5	6	263316102	263459789	"Gb_31542"
10	6787	260925480.5	6	260924894	260926067	"Gb_14069"
10	1710	49221043.5	6	49143042	49299045	"Gb_37710"
10	1709	48770973	6	48770487	48771459	"Gb_37714"
10	504	351666878.5	6	351666100	351667657	"Gb_25406"
10	1280	143619648.5	6	143579985	143659312	"Gb_18614"
10	3453	162869843.5	6	162868427	162871260	"Gb_09121"
10	3438	162687270	6	162686972	162687568	"Gb_09118"
10	1282	161532713	6	161402974	161662452	"Gb_22465"
10	1672	414224761	6	414136720	414312802	"Gb_08627"
5	1082	71014217	7	70987059	71041375	"Gb_07092"
4	1082	77617308	7	77616590	77618026	"Gb_21289"
4	1083	84295917.5	7	84167112	84424723	"Gb_01625"
5	1828	492920958.5	7	492758776	493083141	"Gb_10855"
9	1951	200379949	7	200379253	200380645	"Gb_21922"
8	789	518002234	7	517972525	518031943	"Gb_16450"
8	790	329955583	7	329953024	329958142	"Gb_39526"
8	2210	342947483.5	7	342920570	342974397	"Gb_28994"
10	3177	415590742	8	415545744	415635740	"Gb_27959"
10	3079	276100355.5	9	276032590	276168121	"Gb_16393"
10	462	277693538	9	277693031	277694045	"Gb_20116"
10	1588	268162169.5	9	268149990	268174349	"Gb_29333"
10	6106	291311689	9	291310989	291312389	"Gb_04720"
10	3355	295483193.5	9	295372041	295594346	"Gb_32692"
11	32	465130005	9	465068802	465191208	"Gb_02899"
11	939	474349019.5	9	474335316	474362723	"Gb_30659"
11	2377	472179855	9	472121440	472238270	"Gb_32360"
11	2047	469524642	9	469448346	469600938	"Gb_32681"
6	52	68273142.5	9	68272231	68274054	"Gb_30970"
5	1794	607422935	10	607208653	607637217	"Gb_39516"
5	1810	606493780.5	10	606352927	606634634	"Gb_30260"
5	1634	606169997	10	606105229	606234765	"Gb_30255"
5	1809	576280385	10	576065124	576495646	"Gb_13934"
5	1809	600316461.5	10	600314906	600318017	"Gb_15614"
5	3108	572137277	10	572132793	572141761	"Gb_39640"
5	471	471443395.5	10	471434948	471451843	"Gb_22686"
5	1612	476420853	10	476212168	476629538	"Gb_24146"
5	1635	504827279.5	10	504826962	504827597	"Gb_41078"
5	1793	518628512	10	518618117	518638907	"Gb_05845"
5	67	487042096.5	10	486919870	487164323	"Gb_05422"
5	22	466449471.5	10	466448575	466450368	"Gb_30742"
5	57	517400470	10	517340576	517460364	"Gb_05860"
5	636	542199369.5	10	542196153	542202586	"Gb_32037"
5	636	615084865.5	10	615082714	615087017	"Gb_10890"
1	636	725660782.5	10	725659521	725662044	"Gb_13338"
5	636	542305893	10	542304893	542306893	"Gb_32058"
5	5366	537316021	10	537265524	537366518	"Gb_32422"
5	5716	541681503	10	541678588	541684418	"Gb_32064"
5	4330	548171623.5	10	548171392	548171855	"Gb_07999"
2	1408	689121273.5	10	689119198	689123349	"Gb_26434"
3	1636	256841692.5	11	256750347	256933038	"Gb_35918"
3	3107	398160265.5	11	398158530	398162001	"Gb_39365"
3	5773	396194636.5	11	396190792	396198481	"Gb_21740"
3	1797	52136197.5	11	52135085	52137310	"Gb_08690"
3	258	52886441	11	52837067	52935815	"Gb_15309"
3	1798	45101932.5	11	45098555	45105310	"Gb_25795"
3	1571	395983496	11	395925433	396041559	"Gb_21741"
3	2927	398514180	11	398512503	398515857	"Gb_39379"
8	266	31101942	11	31101170	31102714	"Gb_08805"
8	3058	30625950.5	11	30624754	30627147	"Gb_08801"
3	274	274319569.5	11	274304172	274334967	"Gb_37894"
3	1764	279313892	11	279284016	279343768	"Gb_00228"
1	1301	837522003	12	837519443	837524563	"Gb_13916"
7	798	298560598	12	298559538	298561658	"Gb_29428"
7	4562	299986030	12	299984405	299987655	"Gb_22399"
8	5779	56021168	12	56020448	56021888	"Gb_30517"
8	5656	101812440	12	101809012	101815868	"Gb_30785"
8	2695	43438357	12	43399999	43476715	"Gb_18459"
8	5124	44741370	12	44709017	44773723	"Gb_10167"
8	1312	51579854.5	12	51495667	51664042	"Gb_17876"
8	1309	40954924.5	12	40953239	40956610	"Gb_37343"
8	5657	104094450.5	12	103955133	104233768	"Gb_06265"
8	5757	55572722	12	55571655	55573789	"Gb_30519"
8	9071	63680991	12	63644916	63717066	"Gb_26017"
10	1658	642916420.5	13	642914085	642918756	"Gb_38929"
10	1658	645052894.5	13	644816374	645289415	"Gb_37969"
10	1749	661303763	13	661280736	661326790	"Gb_14413"
10	187	250735353.5	13	250686164	250784543	"Gb_18500"
10	3357	413751378	13	413728305	413774451	"Gb_08629"
10	176	344927425	13	344915929	344938921	"Gb_25567"
3	176	5950859	13	5950225	5951493	"Gb_40693"
10	503	341985102	13	341984537	341985667	"Gb_32340"
10	1862	401974116.5	13	401973297	401974936	"Gb_09559"
10	754	393218814.5	13	393217394	393220235	"Gb_11996"
1	754	916671138.5	13	916669894	916672383	"Gb_34637"
1	3248	930475051	13	930300884	930649218	"Gb_41462"
5	2066	532545036	14	532526131	532563941	"Gb_23909"
5	1000	533121721.5	14	532938097	533305346	"Gb_23906"
5	10136	531585097.5	14	531583018	531587177	"Gb_07480"
5	9461	538400274	14	538399550	538400998	"Gb_32074"
5	531	540068157	14	539997173	540139141	"Gb_32070"
5	5482	557089822	14	557089134	557090510	"Gb_23258"
5	930	621306444.5	14	621303419	621309470	"Gb_32409"
5	2901	617054693	14	617051529	617057857	"Gb_05803"
7	467	27407141	14	27407041	27407241	"Gb_22838"
7	467	25595269	14	25591138	25599400	"Gb_14049"
7	474	51592459	14	51538265	51646653	"Gb_27449"
7	376	51397491	14	51369969	51425013	"Gb_27448"
3	1504	21106988	15	21105563	21108413	"Gb_38610"
3	369	17587881	15	17586118	17589644	"Gb_00664"
3	1506	34342876.5	15	34341947	34343806	"Gb_21462"
3	2812	60957096.5	15	60774831	61139362	"Gb_24583"
3	372	74014618	15	74013710	74015526	"Gb_26458"
3	413	37087139	15	37085572	37088706	"Gb_08634"
3	3974	28601715	15	28600305	28603125	"Gb_28753"
3	4976	30713649	15	30712985	30714313	"Gb_36453"
3	1490	37480443.5	15	37432332	37528555	"Gb_05609"
3	2838	38598807.5	15	38586817	38610798	"Gb_11068"
3	1254	74742143.5	15	74729364	74754923	"Gb_26474"
3	373	66794909	15	66793921	66795897	"Gb_04261"
3	373	72721308	15	72677637	72764979	"Gb_05092"
5	623	469162915.5	16	469154247	469171584	"Gb_27784"
5	21	470061387.5	16	470060790	470061985	"Gb_22682"
5	3545	474800089	16	474677654	474922524	"Gb_24145"
5	221	500592650	16	500534601	500650699	"Gb_01736"
5	1004	508668058	16	508548422	508787694	"Gb_00308"
5	535	512908076.5	16	512859802	512956351	"Gb_06458"
5	5806	597231689.5	16	597231340	597232039	"Gb_41226"
5	1002	733830009.5	16	733823042	733836977	"Gb_21676"
5	6196	727868336	16	727867414	727869258	"Gb_38753"
5	2063	616517205.5	16	616515881	616518530	"Gb_10893"
5	6879	614042392.5	16	614041064	614043721	"Gb_28894"
6	6280	328475362.5	17	328474770	328475955	"Gb_13148"
7	3017	288962178.5	17	288961550	288962807	"Gb_30399"
5	464	624888013	17	624855647	624920379	"Gb_21227"
7	464	31938303.5	17	31935786	31940821	"Gb_30641"
10	881	694906964	18	694905110	694908818	"Gb_19850"
10	2296	648013697.5	18	648005687	648021708	"Gb_03465"
1	766	526561100.5	19	526317501	526804700	"Gb_29661"
1	732	411777716.5	19	411745695	411809738	"Gb_17699"
1	4159	349375866.5	19	349293476	349458257	"Gb_07340"
1	6426	354103616.5	19	354103058	354104175	"Gb_11930"
1	1493	926268890	20	926121556	926416224	"Gb_23465"
3	96	488950579.5	20	488942049	488959110	"Gb_16511"
1	110	504294878.5	20	504292788	504296969	"Gb_09464"
1	2119	415245218	20	415223765	415266671	"Gb_20792"
1	2852	408330528.5	20	408251174	408409883	"Gb_20375"
2	2873	552324635.5	21	552264762	552384509	"Gb_18285"
2	2872	551692054	21	551667813	551716295	"Gb_18297"
3	4269	95645634	21	95636010	95655258	"Gb_35196"
2	4269	446018703.5	21	446015350	446022057	"Gb_40860"
2	1537	446625594.5	21	446623818	446627371	"Gb_09800"
2	1537	448707427	21	448677990	448736864	"Gb_09808"
5	3509	52050693	21	51840080	52261306	"Gb_03413"
4	3904	269335365.5	22	269316417	269354314	"Gb_31163"
3	79	310585986	22	310585066	310586906	"Gb_34416"
3	1346	656838426.5	22	656633678	657043175	"Gb_29280"
11	150	133005559.5	22	132973366	133037753	"Gb_33416"
3	150	655424175.5	22	655423204	655425147	"Gb_30482"
3	1345	622093568	22	622092892	622094244	"Gb_10897"
3	9530	622481856	22	622481257	622482455	"Gb_08860"
7	2425	319262049.5	23	319260381	319263718	"Gb_24008"
2	1397	98338873.5	24	98323038	98354709	"Gb_29957"
2	1364	101989160.5	24	101985502	101992819	"Gb_11589"
2	1389	102465947.5	24	102444010	102487885	"Gb_34800"
11	1117	35752687	24	35721102	35784272	"Gb_15747"
8	1089	219261449	24	219259442	219263456	"Gb_39303"
2	1089	120857633.5	24	120856014	120859253	"Gb_11104"
11	1362	277016533.5	24	277016072	277016995	"Gb_27774"
10	1033	459793541	24	459766919	459820163	"Gb_00177"
11	1033	9592235	24	9590543	9593927	"Gb_21846"
11	1060	45560547	24	45559672	45561422	"Gb_00233"
7	618	267029762.5	25	267029079	267030446	"Gb_26781"
9	4345	697180157.5	25	697180011	697180304	"Gb_22852"
3	4512	635042504	25	634942816	635142192	"Gb_25943"
5	1766	533860920	26	533858455	533863385	"Gb_23910"
1	615	825655838.5	26	825654695	825656982	"Gb_24708"
5	931	619296347	26	619296031	619296663	"Gb_28410"
5	5662	611183598.5	26	611133431	611233766	"Gb_02140"
5	1183	630803108.5	26	630802935	630803282	"Gb_30325"
5	10157	527935156	26	527934154	527936158	"Gb_41773"
10	2766	204564984	27	204545272	204584696	"Gb_00708"
4	2766	174540872.5	27	174519081	174562664	"Gb_16386"
4	1073	183096194.5	27	183095491	183096898	"Gb_23518"
5	1403	659754805	27	659753622	659755988	"Gb_33996"
5	3368	363216160	27	362977180	363455140	"Gb_35553"
5	1115	366084499	27	366063291	366105707	"Gb_34283"
5	1360	373919470.5	27	373918773	373920168	"Gb_40293"
5	2473	205715510.5	27	205714249	205716772	"Gb_14858"
5	3786	210172409	27	210042835	210301983	"Gb_31695"
10	2740	620496468	27	620493451	620499485	"Gb_17099"
4	2740	15149132	27	15147814	15150450	"Gb_38847"
2	2740	351751979	27	351749792	351754166	"Gb_07512"
11	1078	273178163	28	273066997	273289329	"Gb_13772"
3	1379	518191276.5	28	518189714	518192839	"Gb_04017"
2	5618	648754566	28	648753731	648755401	"Gb_22882"
2	4492	652036605.5	28	651849676	652223535	"Gb_39080"
4	253	231210056.5	28	231205965	231214148	"Gb_22699"
4	1027	231867265.5	28	231864741	231869790	"Gb_39834"
4	277	229408430.5	28	229407066	229409795	"Gb_18943"
4	10862	228480984.5	28	228480046	228481923	"Gb_11901"
12	550	218520099	29	218379596	218660602	"Gb_30141"
12	985	36482314	29	36481554	36483074	"Gb_01609"
12	37	41769171.5	29	41744872	41793471	"Gb_09752"
12	1169	180024230	29	179890949	180157511	"Gb_25229"
12	1169	192915233.5	29	192844227	192986240	"Gb_10012"
12	1131	171387454.5	29	171134368	171640541	"Gb_13142"
12	8672	176058942.5	29	176055367	176062518	"Gb_10640"
12	5945	206283320	29	206259552	206307088	"Gb_30788"
12	2331	222825259	29	222824146	222826372	"Gb_09260"
12	1149	214724752	29	214629325	214820179	"Gb_33239"
12	2495	216424555	29	216381734	216467376	"Gb_33235"
3	3536	470373402	30	470349694	470397110	"Gb_14095"
3	1544	476414262	30	476394589	476433935	"Gb_15393"
2	854	301147883	31	301037529	301258237	"Gb_25378"
2	4310	303202636.5	31	303037277	303367996	"Gb_02814"
1	3653	789112758.5	32	788991229	789234288	"Gb_16686"
1	2199	792255315.5	32	792127584	792383047	"Gb_14931"
6	2199	132242625.5	32	132228529	132256722	"Gb_21713"
1	2199	789900664.5	32	789826697	789974632	"Gb_35388"
1	3911	787329779	32	787267476	787392082	"Gb_02313"
11	6170	634776724	32	634704314	634849134	"Gb_04997"
11	8838	634524871	32	634523350	634526392	"Gb_04994"
7	794	367131927.5	33	367057379	367206476	"Gb_16302"
7	5830	374891306	33	374752657	375029955	"Gb_12362"
7	4385	393735296.5	33	393542269	393928324	"Gb_10616"
7	5831	378561097	33	378560916	378561278	"Gb_08915"
7	3343	428390129.5	33	428340900	428439359	"Gb_30577"
7	4236	416732409	33	416731156	416733662	"Gb_35746"
11	4236	358180062.5	33	358178027	358182098	"Gb_11963"
7	4235	425636847	33	425540019	425733675	"Gb_40341"
7	6270	402997810.5	33	402906863	403088758	"Gb_27063"
12	6713	628137168.5	34	628136443	628137894	"Gb_36093"
12	4249	625227758	34	625226095	625229421	"Gb_29224"
12	2146	615224333.5	34	615113605	615335062	"Gb_10370"
12	3454	618350591.5	34	618349941	618351242	"Gb_12627"
12	3454	618589155	34	618512712	618665598	"Gb_12619"
12	5524	625650462	34	625649936	625650988	"Gb_29220"
12	2147	615009248.5	34	615008602	615009895	"Gb_10372"
5	1014	718916444.5	35	718914857	718918032	"Gb_24098"
5	545	729476273	35	729423822	729528724	"Gb_16690"
2	5	568806277.5	35	568781970	568830585	"Gb_31246"
2	2002	569788149	35	569786252	569790046	"Gb_17580"
2	2328	576948100.5	35	576946955	576949246	"Gb_22435"
2	4	577430918.5	35	577351626	577510211	"Gb_22434"
4	3535	741314550	35	741313508	741315592	"Gb_29276"
2	561	539180599	35	539147559	539213639	"Gb_05693"
7	548	129751855.5	35	129734551	129769160	"Gb_16853"
7	2367	120578835.5	35	120507643	120650028	"Gb_26182"
2	773	545542542.5	36	545541284	545543801	"Gb_27949"
4	2874	652475526	36	652444304	652506748	"Gb_20939"
4	2166	661828402	36	661787856	661868948	"Gb_01303"
2	4774	562276071	36	562164221	562387921	"Gb_40028"
2	713	531992750.5	36	531838948	532146553	"Gb_24495"
2	713	540642851.5	36	540586515	540699188	"Gb_38396"
2	1486	535359472	36	535320079	535398865	"Gb_02704"
2	940	532366063.5	36	532364489	532367638	"Gb_24488"
3	940	673065927	36	673059511	673072343	"Gb_05418"
2	5462	532832573.5	36	532711123	532954024	"Gb_08869"
2	2305	727003227.5	37	726902955	727103500	"Gb_16992"
9	2305	169670644	37	169657958	169683330	"Gb_08270"
9	2305	180724681.5	37	180658606	180790757	"Gb_01914"
9	3067	181711460.5	37	181710571	181712350	"Gb_23711"
2	3067	726459112.5	37	726458543	726459682	"Gb_22367"
8	460	394201836	37	394201098	394202574	"Gb_01723"
8	459	386332378.5	37	386136021	386528736	"Gb_21365"
3	455	559540011.5	37	559505714	559574309	"Gb_03319"
9	1589	500628120	37	500561223	500695017	"Gb_32245"
10	2720	343687931.5	38	343639539	343736324	"Gb_06339"
6	1052	24794705.5	38	24793082	24796329	"Gb_38130"
1	1052	345790122.5	38	345750677	345829568	"Gb_40475"
1	1035	328038881.5	38	328038736	328039027	"Gb_34841"
1	1035	327933255.5	38	327932944	327933567	"Gb_34842"
1	725	350488130.5	38	350487298	350488963	"Gb_01398"
1	1054	347396925.5	38	347230761	347563090	"Gb_39825"
4	3426	352477933.5	38	352476705	352479162	"Gb_05441"
10	2728	610920074.5	38	610918915	610921234	"Gb_05057"
4	2728	80265102.5	38	80264679	80265526	"Gb_21296"
9	4282	454624762.5	39	454513024	454736501	"Gb_11109"
3	3089	159411804	39	159334830	159488778	"Gb_08881"
7	840	240397640.5	40	240360025	240435256	"Gb_02960"
7	3878	239139543	40	239045456	239233630	"Gb_22473"
7	1269	219974077	40	219973148	219975006	"Gb_36979"
7	4810	212220404.5	40	212219164	212221645	"Gb_36297"
7	4289	584651337.5	40	584619780	584682895	"Gb_22708"
11	5629	68440863	41	68439816	68441910	"Gb_27847"
7	5629	487972895.5	41	487928140	488017651	"Gb_15677"
11	5439	73473265.5	41	73446823	73499708	"Gb_33600"
12	4206	328362770	41	328280947	328444593	"Gb_11524"
12	1958	326578507	41	326578216	326578798	"Gb_10580"
12	1958	146397134.5	41	146394751	146399518	"Gb_01952"
12	5228	156166585.5	41	156164850	156168321	"Gb_08547"
12	1201	155618147.5	41	155617356	155618939	"Gb_08535"
12	1199	97170017	41	97128296	97211738	"Gb_27516"
12	6855	103129079.5	41	103127790	103130369	"Gb_40006"
12	6966	106959943.5	41	106958606	106961281	"Gb_29033"
12	9270	44618536.5	41	44592207	44644866	"Gb_40358"
9	3110	448117215	42	448016937	448217493	"Gb_03347"
9	435	535398657	42	535397885	535399429	"Gb_02796"
9	185	670338559	42	670334504	670342614	"Gb_07921"
4	185	431543365.5	42	431543252	431543479	"Gb_30691"
9	183	665773040.5	42	665770277	665775804	"Gb_39786"
9	2243	630977759.5	42	630973593	630981926	"Gb_01241"
2	3388	143229027	43	143117619	143340435	"Gb_15365"
2	5884	124218812	43	124165463	124272161	"Gb_21166"
7	1374	524727717.5	43	524727472	524727963	"Gb_24628"
2	1374	96405031.5	43	96402042	96408021	"Gb_04397"
2	8604	768650267	43	768632973	768667561	"Gb_28216"
3	4854	684103000	44	684011456	684194544	"Gb_02119"
3	2001	686497216.5	44	686386272	686608161	"Gb_23882"
3	4830	688980983.5	44	688979331	688982636	"Gb_23877"
3	551	744853049	44	744840992	744865106	"Gb_26640"
3	641	742515775	44	742313601	742717949	"Gb_03750"
3	638	747334483.5	44	747328711	747340256	"Gb_01152"
3	638	747390891.5	44	747390634	747391149	"Gb_01150"
3	10744	749874013	44	749864053	749883973	"Gb_13741"
4	915	435973213.5	45	435970690	435975737	"Gb_00678"
6	1704	457518378.5	45	457301345	457735412	"Gb_29192"
6	3193	359203888.5	45	359201773	359206004	"Gb_20474"
6	897	358062764	45	358039869	358085659	"Gb_20472"
9	211	667990019.5	46	667898478	668081561	"Gb_10239"
9	436	533477091	46	533474770	533479412	"Gb_39850"
3	1026	340891834	46	340890403	340893265	"Gb_21078"
5	3680	363631868.5	46	363612601	363651136	"Gb_35557"
5	1897	360379315	46	360376265	360382365	"Gb_16343"
2	3477	280197263	47	280173325	280221201	"Gb_40581"
2	565	133190135	47	133150666	133229604	"Gb_29004"
2	7587	231010269.5	47	230764000	231256539	"Gb_21332"
2	1378	143875410	47	143769392	143981428	"Gb_07456"
2	1378	136571148	47	136461294	136681002	"Gb_21986"
2	2049	135421020.5	47	135418967	135423074	"Gb_41222"
2	5434	135123230.5	47	135006186	135240275	"Gb_41219"
10	2827	102458230.5	48	102457686	102458775	"Gb_30901"
10	2785	93700550.5	48	93698122	93702979	"Gb_41470"
10	410	77763421	48	77669841	77857001	"Gb_28463"
10	1264	64034723.5	48	64007606	64061841	"Gb_04126"
10	6190	101632184	48	101631684	101632684	"Gb_15934"
1	1964	651166767	48	651164226	651169308	"Gb_14741"
1	1959	651678737	48	651633839	651723635	"Gb_14739"
1	1240	305233869	48	305109995	305357743	"Gb_26129"
9	2220	616294553.5	49	616265442	616323665	"Gb_00318"
5	181	372195935.5	49	372195745	372196126	"Gb_24331"
9	181	620646540	49	620639180	620653900	"Gb_04365"
9	1743	668733695.5	49	668731591	668735800	"Gb_01245"
9	9298	667315524	49	667310111	667320937	"Gb_13270"
2	6263	375558752.5	50	375557391	375560114	"Gb_41333"
1	6263	854725481	50	854723955	854727007	"Gb_15002"
1	5631	851031264	50	851005080	851057448	"Gb_17179"
1	1350	846636766	50	846636234	846637298	"Gb_32002"
1	3637	846380282	50	846303560	846457004	"Gb_13536"
1	2709	831112225	50	831024048	831200402	"Gb_40232"
1	2709	834564112.5	50	834561644	834566581	"Gb_17897"
1	2709	839286279	50	839285051	839287507	"Gb_24342"
1	981	752116623.5	50	752056657	752176590	"Gb_38019"
1	237	769538095.5	50	769536689	769539502	"Gb_36720"
11	237	49498929.5	50	49497667	49500192	"Gb_17724"
5	1122	427122204	50	427121234	427123174	"Gb_36556"
5	3289	432712949	50	432707324	432718574	"Gb_24881"
1	4243	832466026	50	832465728	832466324	"Gb_23592"
1	6388	854982377.5	50	854947304	855017451	"Gb_15001"
1	3778	384315322	51	384122040	384508604	"Gb_15026"
1	4761	598447714	51	598371088	598524340	"Gb_10689"
1	1036	348718331.5	51	348716950	348719713	"Gb_21668"
1	1036	345365153.5	51	345219951	345510356	"Gb_40471"
1	3370	331097924.5	51	331059912	331135937	"Gb_17809"
3	6745	62826296	52	62675867	62976725	"Gb_16012"
9	7867	123194262	52	123191393	123197131	"Gb_15997"
3	7867	62401543.5	52	62377089	62425998	"Gb_16015"
3	1574	60504473.5	52	60501994	60506953	"Gb_38761"
3	5342	59998103	52	59997510	59998696	"Gb_11139"
3	265	60020042	52	60017431	60022653	"Gb_11136"
3	3055	63728811.5	52	63726891	63730732	"Gb_11314"
3	3055	63914616.5	52	63913963	63915270	"Gb_11319"
3	155	64278313	52	64231164	64325462	"Gb_11317"
3	1795	65273368.5	52	65271524	65275213	"Gb_33642"
3	2313	65501057.5	52	65404693	65597422	"Gb_33641"
3	3056	66416410.5	52	66272803	66560018	"Gb_04260"
3	8950	23532178.5	52	23530250	23534107	"Gb_19764"
5	1926	175616599.5	53	175528898	175704301	"Gb_09981"
5	853	172061911.5	53	171991338	172132485	"Gb_07028"
5	5335	170179538.5	53	170179398	170179679	"Gb_31613"
5	852	7878481	53	7823313	7933649	"Gb_14708"
5	851	11423877.5	53	11394989	11452766	"Gb_07669"
5	2298	12863181	53	12766117	12960245	"Gb_08572"
5	1661	15203146.5	53	15202992	15203301	"Gb_41000"
5	10176	17068466.5	53	17066134	17070799	"Gb_40426"
5	1842	19573972	53	19514238	19633706	"Gb_24378"
1	1841	1060986573.5	53	1060961124	1061012023	"Gb_23374"
1	1890	NA	53	1079079419	1079080865	"Gb_40258"
1	1890	NA	53	1079079294	1079081350	"Gb_40264"
1	1889	NA	53	1083756834	1083760061	"Gb_19167"
10	1020	58891939	54	58855577	58928301	"Gb_40272"
10	28	51476127.5	54	51258185	51694070	"Gb_15844"
4	219	199314802	54	199313177	199316427	"Gb_38352"
5	169	373526016	54	373523366	373528666	"Gb_40282"
6	527	189911336.5	55	189910665	189912008	"Gb_13584"
11	527	319576879.5	55	319574543	319579216	"Gb_09524"
11	527	546501058.5	55	546498575	546503542	"Gb_26338"
11	120	320820525	55	320758588	320882462	"Gb_09525"
11	120	546155610.5	55	546072106	546239115	"Gb_06732"
1	1550	867174572.5	55	867172868	867176277	"Gb_31218"
6	1277	32877803	56	32831681	32923925	"Gb_14520"
6	1285	32555143.5	56	32501047	32609240	"Gb_00666"
6	4832	26531527	56	26528503	26534551	"Gb_06821"
6	5485	52128791.5	56	52126774	52130809	"Gb_17555"
6	2577	59127199	56	59125612	59128786	"Gb_35297"
8	1531	514446735	58	514445570	514447900	"Gb_38052"
8	4360	336694653.5	58	336463594	336925713	"Gb_37508"
8	1532	347206298	58	347205648	347206948	"Gb_21220"
1	1053	346749832.5	59	346745538	346754127	"Gb_40480"
1	1041	381034409.5	59	380996320	381072499	"Gb_15023"
2	4242	685737463	60	685627417	685847509	"Gb_07655"
2	3959	684644128	60	684642977	684645279	"Gb_07654"
2	4840	683729208.5	60	683728522	683729895	"Gb_22585"
2	2756	693292024.5	60	693287203	693296846	"Gb_19837"
2	3967	699137076	60	699010822	699263330	"Gb_19824"
2	3791	700596818.5	60	700596079	700597558	"Gb_03732"
2	3791	698279983	60	698257890	698302076	"Gb_18434"
2	2753	715630721.5	60	715608732	715652711	"Gb_33346"
2	1365	766728629.5	60	766728085	766729174	"Gb_28232"
2	1365	766650731	60	766646826	766654636	"Gb_28231"
2	4288	612450877	60	612447927	612453827	"Gb_31868"
2	5636	98797544.5	60	98782891	98812198	"Gb_05917"
2	2452	109421008.5	60	109419730	109422287	"Gb_14801"
11	1754	627174945	61	627172996	627176894	"Gb_09644"
11	352	626333512	61	626332394	626334630	"Gb_09634"
2	1538	445465178.5	61	445465026	445465331	"Gb_40856"
6	1369	331076731.5	61	331072381	331081082	"Gb_02180"
6	1381	331373941.5	61	331373160	331374723	"Gb_02182"
9	563	416082886.5	62	416019773	416146000	"Gb_36463"
5	427	51083552.5	62	50943264	51223841	"Gb_30820"
9	1904	425419113.5	62	425418736	425419491	"Gb_35180"
9	4311	415804211	62	415778676	415829746	"Gb_36462"
5	894	219163256.5	63	219159020	219167493	"Gb_10224"
5	1917	383424645	63	383253205	383596085	"Gb_33676"
5	170	378534295	63	378533215	378535375	"Gb_29824"
5	2255	378186178.5	63	377930627	378441730	"Gb_29835"
5	1714	358253561	63	358229272	358277850	"Gb_20442"
5	2269	650475767	63	650289774	650661760	"Gb_12386"
5	3168	657132308.5	63	657088172	657176445	"Gb_39361"
6	849	604540570.5	64	604520584	604560557	"Gb_16099"
6	167	631491825.5	64	631490692	631492959	"Gb_29764"
6	341	173498129.5	65	173368076	173628183	"Gb_03680"
1	341	652664447.5	65	652663411	652665484	"Gb_14719"
12	2588	623512830.5	65	623511554	623514107	"Gb_24417"
12	2589	624631103	65	624568275	624693931	"Gb_29233"
6	505	477572363.5	66	477571726	477573001	"Gb_12907"
7	505	30820039.5	66	30819559	30820520	"Gb_31193"
6	381	64402336.5	66	64400559	64404114	"Gb_31755"
3	1977	443685279.5	66	443672117	443698442	"Gb_40890"
4	1977	500249887.5	66	500210100	500289675	"Gb_03500"
1	3362	766576024	67	766511875	766640173	"Gb_27390"
1	1142	793917255.5	67	793822150	794012361	"Gb_36147"
8	991	678512206.5	68	678511277	678513136	"Gb_17416"
8	3733	677881798.5	68	677881224	677882373	"Gb_14193"
8	2024	685774308	68	685547768	686000848	"Gb_00397"
8	992	380536698	68	380536294	380537102	"Gb_37623"
8	1988	381618328.5	68	381618074	381618583	"Gb_37616"
8	13	454265626	68	454228259	454302993	"Gb_30667"
8	9091	454983360	68	454982356	454984364	"Gb_12938"
3	5713	22219605.5	69	22218594	22220617	"Gb_11012"
3	9172	23431614	69	23399103	23464125	"Gb_19769"
3	10129	27752070	69	27751877	27752263	"Gb_35973"
3	5714	79323616.5	69	79278374	79368859	"Gb_40699"
3	6731	72106480	69	72105520	72107440	"Gb_12699"
9	11	237195	70	224371	250019	"Gb_40879"
12	9238	358790894.5	70	358788903	358792886	"Gb_40497"
5	3677	59525541.5	70	59520099	59530984	"Gb_14191"
1	3677	565415952.5	70	565414298	565417607	"Gb_38936"
9	3677	21407329.5	70	21313127	21501532	"Gb_30584"
9	3677	690819641.5	70	690817044	690822239	"Gb_38139"
12	2519	359732497.5	70	359730600	359734395	"Gb_40501"
9	847	666355056	71	666110371	666599741	"Gb_39788"
8	1986	408617634.5	71	408615376	408619893	"Gb_06380"
8	232	385473384.5	71	385410875	385535894	"Gb_21359"
8	2022	382480411.5	71	382416502	382544321	"Gb_05096"
8	2516	699597913	71	699597294	699598532	"Gb_14501"
11	2152	314719416.5	72	314719043	314719790	"Gb_38276"
2	5141	495244383.5	72	495242270	495246497	"Gb_38601"
11	3340	548809245.5	72	548808476	548810015	"Gb_19102"
2	716	445703660.5	72	445701134	445706187	"Gb_40858"
2	743	444199233	72	444183673	444214793	"Gb_00154"
2	2870	445124828.5	72	445119711	445129946	"Gb_01078"
8	1310	38753924.5	75	38751786	38756063	"Gb_07382"
8	6258	39157480	75	39156612	39158348	"Gb_07398"
8	10179	39275803	75	39269692	39281914	"Gb_07397"
8	1308	42790558.5	75	42790146	42790971	"Gb_18452"
8	1308	106788742	75	106700014	106877470	"Gb_32230"
1	2859	921820821	76	921818962	921822680	"Gb_24464"
1	3244	514026003.5	76	514021540	514030467	"Gb_24669"
10	4298	79561091.5	77	79501716	79620467	"Gb_38316"
11	1207	610640841.5	77	610515536	610766147	"Gb_21527"
1	1412	435088207	77	435084580	435091834	"Gb_04306"
5	203	91942257	78	91927002	91957512	"Gb_02549"
5	1745	112349703	78	112285568	112413838	"Gb_04912"
5	1893	111550899	78	111530498	111571300	"Gb_04916"
1	1845	175033719.5	78	174904343	175163096	"Gb_23346"
1	3356	246854905	78	246808003	246901807	"Gb_13422"
1	5193	237710584.5	78	237709628	237711541	"Gb_25472"
1	871	NA	78	1128314885	1128439708	"Gb_17059"
10	6405	62586463	79	62563648	62609278	"Gb_35844"
3	3472	522598215	79	522597047	522599383	"Gb_11507"
7	3472	192067992.5	79	192066839	192069146	"Gb_05835"
3	5112	513863933.5	79	513863694	513864173	"Gb_40443"
3	1856	474730756	79	474727793	474733719	"Gb_16184"
7	2000	339717858.5	80	339691692	339744025	"Gb_28147"
7	5457	432470296	80	432469652	432470940	"Gb_08685"
7	3365	433768218	80	433716987	433819449	"Gb_23600"
7	2327	338840987.5	80	338654378	339027597	"Gb_19065"
7	5467	350472133.5	80	350470362	350473905	"Gb_28170"
5	2912	584111731	81	583986212	584237250	"Gb_06147"
8	1024	330589602.5	81	330544632	330634573	"Gb_13248"
8	2165	323644930.5	81	323562107	323727754	"Gb_34330"
8	3264	526411919.5	81	526364897	526458942	"Gb_18269"
8	1469	453499696	81	453440346	453559046	"Gb_31563"
8	1932	458863487.5	81	458814894	458912081	"Gb_34077"
4	2737	173402368	82	173250676	173554060	"Gb_29950"
5	1404	663116695.5	82	663104864	663128527	"Gb_05634"
5	1095	377058394.5	82	377037766	377079023	"Gb_11489"
5	2480	374266551	82	374127934	374405168	"Gb_40287"
4	297	214844621	82	214842014	214847228	"Gb_38457"
9	1821	503452841.5	83	503452474	503453209	"Gb_39963"
9	2903	500156531	83	500061295	500251767	"Gb_06587"
4	4664	618940870.5	84	618922109	618959632	"Gb_35816"
4	2942	623310844.5	84	623189028	623432661	"Gb_32562"
5	4022	46758660	84	46758164	46759156	"Gb_39727"
8	255	171059356	87	171018070	171100642	"Gb_33908"
2	2757	688842762	88	688804627	688880897	"Gb_26435"
2	8845	694174161	88	694157071	694191251	"Gb_37601"
2	1407	698697617	88	698661981	698733253	"Gb_18435"
2	3434	713073033	88	713072433	713073633	"Gb_27127"
2	4603	661139626	88	661138453	661140799	"Gb_17403"
4	3205	218568878	89	218566712	218571044	"Gb_23602"
5	1627	220650234	89	220618161	220682307	"Gb_02116"
4	1692	740911621	90	740884716	740938526	"Gb_10526"
4	1693	736557071	90	736360922	736753220	"Gb_27551"
4	1659	747632207.5	90	747631825	747632590	"Gb_22644"
4	1882	737291532.5	90	737266950	737316115	"Gb_27557"
1	1923	61468348	90	61371346	61565350	"Gb_09312"
1	872	79751481	90	79749750	79753212	"Gb_09601"
4	964	574173948	92	574172630	574175266	"Gb_37545"
11	964	152234429.5	92	152232774	152236085	"Gb_08624"
4	1127	503906443	92	503854424	503958462	"Gb_31787"
11	975	150704123.5	92	150702854	150705393	"Gb_24697"
5	534	506471841	94	506459112	506484570	"Gb_06607"
5	6250	443240566	94	443166334	443314798	"Gb_26617"
5	933	441136694.5	94	441075033	441198356	"Gb_29434"
5	10858	440203402	94	440201777	440205027	"Gb_35754"
12	792	85218172	95	85216836	85219508	"Gb_39683"
7	31	563718577	96	563717412	563719742	"Gb_27566"
7	236	566861891.5	96	566857979	566865804	"Gb_12518"
3	2090	362037063	98	362013178	362060948	"Gb_29854"
8	142	376599207	98	376539564	376658850	"Gb_02292"
3	142	370598274.5	98	370596327	370600222	"Gb_08517"
1	1524	377844246	100	377743051	377945441	"Gb_10258"
1	3450	387951635.5	100	387950322	387952949	"Gb_35793"
1	759	481576391	100	481574997	481577785	"Gb_36301"
5	2270	645873074	103	645872887	645873261	"Gb_15345"
3	1919	21060869.5	103	21060106	21061633	"Gb_38604"
4	1919	282144583	103	282144198	282144968	"Gb_21938"
8	7344	404928675.5	104	404927584	404929767	"Gb_37955"
8	233	401863331	104	401862703	401863959	"Gb_06553"
8	3833	392213589	104	392183671	392243507	"Gb_11299"
4	1455	62157789.5	105	62077397	62238182	"Gb_38344"
8	9264	612994434	106	612957260	613031608	"Gb_40483"
8	1940	579399210.5	106	579398410	579400011	"Gb_27091"
8	2115	634270412.5	106	634127590	634413235	"Gb_28479"
8	234	649474109.5	106	649418555	649529664	"Gb_02875"
8	553	61031530.5	107	61023678	61039383	"Gb_25760"
8	2527	19569494	107	19561429	19577559	"Gb_00630"
11	6642	280893090	107	280605516	281180664	"Gb_31209"
7	9515	265819513.5	108	265744304	265894723	"Gb_26787"
7	1300	266744521	108	266678498	266810544	"Gb_26778"
7	3347	595006537	108	595006053	595007021	"Gb_10725"
7	827	596108432	108	596107836	596109028	"Gb_06170"
7	4238	304461267	108	304459064	304463470	"Gb_02099"
8	4238	661313095.5	108	661311313	661314878	"Gb_35631"
8	4279	20973649.5	108	20970825	20976474	"Gb_06391"
8	801	16285919.5	108	16283845	16287994	"Gb_16632"
10	2891	597532005.5	110	597530713	597533298	"Gb_13644"
9	2891	178634149	110	178633002	178635296	"Gb_13966"
10	2891	173521568.5	110	173520495	173522642	"Gb_32252"
5	1171	54659601	111	54524015	54795187	"Gb_19844"
6	1553	54449688.5	111	54448470	54450907	"Gb_23674"
5	2707	116214344.5	112	116113931	116314758	"Gb_10723"
4	2092	88794911.5	112	88761181	88828642	"Gb_25982"
4	3809	110974622	112	110973953	110975291	"Gb_40146"
6	1368	332991909.5	114	332820437	333163382	"Gb_39400"
6	5451	328283451	114	328282793	328284109	"Gb_13152"
6	2459	329680173.5	114	329677978	329682369	"Gb_41257"
6	1097	328609888.5	114	328573963	328645814	"Gb_39590"
4	3774	302421024.5	114	302419898	302422151	"Gb_10050"
4	2761	303263280	114	303261187	303265373	"Gb_10055"
4	1477	248473485	114	248472682	248474288	"Gb_08186"
2	1208	509390741.5	115	509389743	509391740	"Gb_02773"
4	6576	699855105	115	699854279	699855931	"Gb_01642"
6	4394	48570684.5	116	48536203	48605166	"Gb_14322"
6	1276	45058367	116	45056622	45060112	"Gb_16825"
6	3885	310061466.5	117	310057305	310065628	"Gb_25602"
6	3886	315866780.5	117	315866339	315867222	"Gb_41795"
6	560	316213046	117	316066540	316359552	"Gb_41794"
6	3670	319763628	117	319711790	319815466	"Gb_16496"
6	3671	314458149	117	314457200	314459098	"Gb_15662"
7	3256	29343709.5	118	29343035	29344384	"Gb_36064"
7	762	31267699.5	118	31266876	31268523	"Gb_24788"
6	1494	539385631.5	118	539381820	539389443	"Gb_25776"
2	5589	594163178	119	594095841	594230515	"Gb_37860"
9	5588	506985721.5	119	506983756	506987687	"Gb_00487"
12	5588	625396036	119	625372486	625419586	"Gb_29230"
2	3597	381358089	119	381354553	381361625	"Gb_15884"
2	347	302827079.5	120	302826987	302827172	"Gb_02813"
2	4142	295916249	120	295914390	295918108	"Gb_32866"
1	957	770872267.5	121	770697195	771047340	"Gb_39888"
1	957	772510741	121	772412095	772609387	"Gb_38660"
1	3519	746934875.5	121	746932515	746937236	"Gb_02594"
1	567	756578794	121	756577992	756579596	"Gb_04185"
1	10709	757366111.5	121	757342915	757389308	"Gb_38114"
9	4577	696953386.5	123	696951765	696955008	"Gb_02895"
9	4417	688581592	123	688429704	688733480	"Gb_18894"
2	4932	46624067	124	46623738	46624396	"Gb_27800"
2	1939	605441330	124	605397635	605485025	"Gb_18524"
2	3609	651189540	124	651082749	651296331	"Gb_17412"
2	1515	661530897	124	661501621	661560173	"Gb_00971"
1	71	149014741.5	125	149013488	149015995	"Gb_01745"
1	2191	145626053	125	145593654	145658452	"Gb_13280"
1	687	195416874.5	125	195345815	195487934	"Gb_08784"
10	1625	255026814	126	255025948	255027680	"Gb_11676"
10	2934	256155639	126	256119291	256191987	"Gb_24528"
3	1857	468711593.5	127	468705357	468717830	"Gb_39263"
3	6623	472485476	127	472476316	472494636	"Gb_24062"
5	632	418418012	128	418373871	418462153	"Gb_03562"
5	3364	567459187	128	567301378	567616996	"Gb_05040"
5	996	458654094	128	458650128	458658060	"Gb_12160"
10	996	575802746	128	575799612	575805880	"Gb_40897"
5	1546	249783774.5	129	249664761	249902788	"Gb_40667"
3	1008	285569007	130	285529061	285608953	"Gb_40711"
4	1084	85824674	131	85805685	85843663	"Gb_38815"
4	6404	276738566.5	131	276737418	276739715	"Gb_22526"
3	90	288632195.5	132	288614452	288649939	"Gb_26843"
3	78	212112796.5	132	212109740	212115853	"Gb_07955"
3	78	215051339	132	215017242	215085436	"Gb_33925"
3	1328	203010373	132	202960870	203059876	"Gb_31916"
3	6876	202441079	132	202440666	202441492	"Gb_31905"
12	3760	65343083	133	65317618	65368548	"Gb_37370"
12	1170	67524894.5	133	67523225	67526564	"Gb_39222"
12	1170	64148834	133	64147337	64150331	"Gb_18565"
12	5440	147781450.5	134	147772796	147790105	"Gb_01968"
12	3899	51013168	134	51011274	51015062	"Gb_34864"
12	5590	43807848.5	134	43798878	43816819	"Gb_35087"
1	2127	347995995	135	347995465	347996525	"Gb_09983"
1	9358	486689597	135	486686413	486692781	"Gb_25244"
4	1741	80953525	136	80953030	80954020	"Gb_21286"
5	5719	356424767	136	356349632	356499902	"Gb_27628"
4	892	116968902	136	116966098	116971706	"Gb_26958"
4	893	128418209.5	136	128417758	128418661	"Gb_00686"
4	893	128379144	136	128378814	128379474	"Gb_00687"
4	893	126966388	136	126965118	126967658	"Gb_00702"
4	1898	228283699	136	228270473	228296925	"Gb_20609"
4	2718	162724343	136	162723676	162725010	"Gb_20132"
7	484	437930317	137	437860299	438000335	"Gb_04033"
4	1085	435645632	137	435635819	435655445	"Gb_00676"
3	555	116234602	138	116139861	116329343	"Gb_01425"
3	2510	316941495.5	138	316896753	316986238	"Gb_07780"
1	3400	467508976	139	467474534	467543418	"Gb_06092"
10	1723	220762535	139	220762141	220762929	"Gb_06443"
10	1748	670898186	139	670850358	670946014	"Gb_03781"
6	1748	363843706	139	363841201	363846211	"Gb_36688"
10	1838	677355391.5	139	677226765	677484018	"Gb_08675"
10	168	630103929.5	139	630093243	630114616	"Gb_07909"
12	2323	496959360	140	496902886	497015834	"Gb_17396"
8	2323	567461875.5	140	567460759	567462992	"Gb_23954"
8	2323	567458234	140	567453704	567462764	"Gb_23950"
5	5655	495456735.5	140	495455597	495457874	"Gb_19321"
12	5585	106317777	141	106231604	106403950	"Gb_29637"
12	6204	99666643	141	99666036	99667250	"Gb_31432"
12	5581	93429741.5	141	93284275	93575208	"Gb_12066"
12	886	87519034	141	87438094	87599974	"Gb_12056"
3	1344	642515950.5	142	642515539	642516362	"Gb_10031"
5	3516	728495831.5	143	728494101	728497562	"Gb_22696"
9	3997	702502804.5	143	702443785	702561824	"Gb_16961"
7	4129	528251442	144	528169470	528333414	"Gb_26979"
12	969	230744077.5	144	230608521	230879634	"Gb_09913"
12	3473	178495570.5	144	178436238	178554903	"Gb_31921"
11	1961	78151321	145	78150813	78151829	"Gb_03362"
2	5559	628219246.5	145	628218723	628219770	"Gb_11396"
2	2445	622310574	145	622263831	622357317	"Gb_18841"
2	9522	617703325.5	145	617662092	617744559	"Gb_23447"
7	2339	262061530.5	146	262058938	262064123	"Gb_02476"
4	2981	78059736	146	77993517	78125955	"Gb_21290"
4	303	84824754	146	84823661	84825847	"Gb_38819"
10	303	606270737	146	606267761	606273713	"Gb_18035"
3	3943	354678756.5	147	354677122	354680391	"Gb_09370"
3	675	351979105.5	147	351976622	351981589	"Gb_18862"
3	667	351440596	147	351271346	351609846	"Gb_18863"
3	667	305942169	147	305939716	305944622	"Gb_14221"
3	812	308876040	147	308840262	308911818	"Gb_34888"
3	665	311493163	147	311489626	311496700	"Gb_03688"
3	8846	311820922.5	147	311820393	311821452	"Gb_03689"
9	3714	187035916.5	149	187033912	187037921	"Gb_04102"
2	855	301411030.5	149	301399469	301422592	"Gb_25382"
10	6593	160778596	150	160667529	160889663	"Gb_22027"
10	1416	158122093	150	158118950	158125236	"Gb_08295"
10	8619	66331576.5	150	66328599	66334554	"Gb_04135"
4	5437	146152724	150	146150113	146155335	"Gb_05670"
2	594	229582302.5	151	229515814	229648791	"Gb_09240"
2	1375	86215870	151	86214212	86217528	"Gb_18552"
9	2053	48587186.5	151	48570811	48603562	"Gb_12290"
9	2053	40762189	151	40761798	40762580	"Gb_26712"
9	6964	43550813.5	151	43549269	43552358	"Gb_34627"
9	9224	47673613	151	47529008	47818218	"Gb_13408"
6	2646	319165700	152	319050793	319280607	"Gb_16498"
6	2035	324985545	152	324984317	324986773	"Gb_39451"
6	2035	324931580	152	324929313	324933847	"Gb_39452"
6	9283	325212156.5	152	325045971	325378342	"Gb_39454"
4	7644	657585747.5	154	657585046	657586449	"Gb_06474"
4	3618	661174268.5	154	661173440	661175097	"Gb_01297"
7	610	577117518	155	577059714	577175322	"Gb_34910"
2	610	550325013	155	550323750	550326276	"Gb_18293"
7	1989	575781618.5	155	575778465	575784772	"Gb_20289"
7	1989	636371392	155	636368913	636373871	"Gb_40156"
3	50	215449659.5	156	215448237	215451082	"Gb_33922"
3	3359	323608691.5	156	323475480	323741903	"Gb_07736"
5	6651	23710166.5	157	23705006	23715327	"Gb_19081"
5	1107	22537103.5	157	22468391	22605816	"Gb_19077"
12	5990	27388493.5	157	27387761	27389226	"Gb_29632"
5	5990	11889037	157	11888571	11889503	"Gb_08577"
5	1927	173698826.5	157	173696825	173700828	"Gb_07029"
5	1927	176727177	157	176713041	176741313	"Gb_10139"
5	332	177027581.5	157	176943084	177112079	"Gb_10140"
5	1105	180870294.5	157	180869602	180870987	"Gb_34533"
10	1221	112977830.5	158	112977495	112978166	"Gb_30976"
10	1221	672445149	158	672444815	672445483	"Gb_11191"
10	6705	63553200	158	63551134	63555266	"Gb_04121"
10	6705	72350977.5	158	72349153	72352802	"Gb_28018"
5	2138	161422057	159	161421791	161422323	"Gb_15834"
5	2138	160226770.5	159	160225750	160227791	"Gb_28915"
5	2138	159894337.5	159	159894038	159894637	"Gb_29842"
6	2966	286481475.5	160	286481144	286481807	"Gb_35902"
6	2967	293286918	160	292975453	293598383	"Gb_29405"
6	3118	290818060.5	160	290816936	290819185	"Gb_12424"
6	3487	421484883.5	160	421484452	421485315	"Gb_40679"
8	1610	650125331.5	161	650027912	650222751	"Gb_02879"
5	2914	538718843.5	161	538717781	538719906	"Gb_32072"
8	2390	590776854	161	590774300	590779408	"Gb_29566"
8	2390	567678829.5	161	567602989	567754670	"Gb_23951"
8	2960	587425685.5	161	587424384	587426987	"Gb_41153"
8	836	35577244	163	35527037	35627451	"Gb_09954"
8	837	32826666.5	163	32788272	32865061	"Gb_32128"
9	837	467800049	163	467796840	467803258	"Gb_08617"
7	552	577508867	164	577374764	577642970	"Gb_34913"
9	9258	455567885	165	455527616	455608154	"Gb_35799"
9	506	195977081.5	166	195968276	195985887	"Gb_35063"
10	910	216086743.5	166	216046060	216127427	"Gb_28814"
10	1762	674639020	166	674633912	674644128	"Gb_31273"
10	1562	633264500	166	633073974	633455026	"Gb_24172"
10	1820	623269519	166	623178563	623360475	"Gb_33072"
10	5167	628578544	166	628574840	628582248	"Gb_23038"
4	5167	7806335	166	7805313	7807357	"Gb_29537"
9	657	508432541	167	508431829	508433253	"Gb_00481"
2	701	108035770.5	168	108033918	108037623	"Gb_14813"
2	737	659930722	168	659907263	659954181	"Gb_17044"
8	1767	476125081.5	169	476123461	476126702	"Gb_38343"
8	1791	479575894.5	169	479575136	479576653	"Gb_23856"
8	256	660393665	169	660393016	660394314	"Gb_32966"
1	4769	1002929306.5	170	1002909047	1002949566	"Gb_00377"
1	736	997055283	170	997055136	997055430	"Gb_35133"
2	125	5847414.5	170	5773898	5920931	"Gb_34494"
2	1947	2948964	170	2873271	3024657	"Gb_29796"
2	706	14070302	170	13943358	14197246	"Gb_26889"
2	5144	13388537.5	170	13388319	13388756	"Gb_26884"
3	77	204816857.5	172	204815845	204817870	"Gb_31913"
9	1331	264669922.5	174	264669308	264670537	"Gb_13865"
9	4582	595088436.5	174	595002471	595174402	"Gb_28125"
4	288	16205769	175	16203406	16208132	"Gb_30131"
3	3393	418970778.5	176	418968762	418972795	"Gb_31834"
7	2227	385282716	176	385280781	385284651	"Gb_39488"
7	4811	413505822.5	176	413505727	413505918	"Gb_41701"
7	5753	401329251	176	401235222	401423280	"Gb_00946"
7	1474	395218746	176	395127569	395309923	"Gb_03288"
7	9341	401811042	176	401751132	401870952	"Gb_16837"
8	5792	6657842	177	6601579	6714105	"Gb_12275"
8	5522	51362461	177	51360676	51364246	"Gb_17874"
8	4293	50919918	177	50916615	50923221	"Gb_14334"
8	1311	45443697.5	177	45301483	45585912	"Gb_01387"
8	4276	44997793	177	44997149	44998437	"Gb_01389"
8	4276	45145893	177	45145407	45146379	"Gb_01388"
8	5521	9120842	177	9117138	9124546	"Gb_32213"
8	6013	8636699.5	177	8564838	8708561	"Gb_40058"
12	771	546000732.5	178	545775319	546226146	"Gb_29521"
12	719	542900280.5	178	542898188	542902373	"Gb_40051"
12	1483	561266367.5	178	561202606	561330129	"Gb_03735"
8	3	390111619.5	179	390110316	390112923	"Gb_29741"
7	3408	9738338.5	180	9735094	9741583	"Gb_40551"
2	154	471142222.5	180	471141971	471142474	"Gb_30618"
3	154	709272545	180	709272361	709272729	"Gb_10402"
8	3741	64467005.5	181	64465100	64468911	"Gb_26012"
8	2565	64680620.5	181	64662767	64698474	"Gb_26018"
8	3644	17842958	181	17842463	17843453	"Gb_02909"
8	3644	18053192	181	18051932	18054452	"Gb_02908"
10	1569	445924683.5	183	445923313	445926054	"Gb_06928"
3	1569	250475542	183	250388702	250562382	"Gb_15226"
10	1059	649970266	183	649969356	649971176	"Gb_40949"
7	5995	392043655.5	184	391850459	392236852	"Gb_05379"
3	1351	423873532	184	423873122	423873942	"Gb_28134"
3	1351	408222749.5	184	408222304	408223195	"Gb_26428"
3	143	412924495.5	184	412787214	413061777	"Gb_33318"
5	8	442375770.5	185	442374242	442377299	"Gb_06534"
2	5701	318442570.5	186	318440872	318444269	"Gb_36974"
2	4868	349448305	188	349368870	349527740	"Gb_13624"
2	6071	352848771.5	188	352848078	352849465	"Gb_00416"
2	4869	339198714	188	339196358	339201070	"Gb_04568"
2	6473	339002764	188	338997302	339008226	"Gb_04569"
2	1516	15471399.5	189	15310193	15632606	"Gb_21177"
2	1468	672477327	189	672407462	672547192	"Gb_18677"
2	1517	670548427	189	670408114	670688740	"Gb_11945"
2	2584	182207102.5	191	182074162	182340043	"Gb_12284"
7	1212	428887702.5	192	428885812	428889593	"Gb_08809"
7	1212	206562271.5	192	206561489	206563054	"Gb_30433"
7	795	239786241.5	192	239652142	239920341	"Gb_01940"
7	5541	723981867	192	723981436	723982298	"Gb_03039"
7	5541	724135253.5	192	724100151	724170356	"Gb_03040"
7	3666	715670472	192	715541356	715799588	"Gb_12825"
1	311	998093033.5	193	997985230	998200837	"Gb_35139"
1	2460	983528894	193	983526987	983530801	"Gb_29928"
5	1392	5150239.5	193	5148154	5152325	"Gb_10773"
5	1391	18292584.5	193	18290731	18294438	"Gb_24383"
5	10860	22682144	193	22681577	22682711	"Gb_19078"
4	3981	715623331.5	194	715621309	715625354	"Gb_26371"
5	2316	625921625	195	625918521	625924729	"Gb_21223"
1	1697	NA	195	1092236182	1092238286	"Gb_23230"
1	5862	NA	195	1083245452	1083252595	"Gb_19169"
1	4824	NA	195	1085223596	1085382985	"Gb_04225"
6	3443	323999308.5	197	323957178	324041439	"Gb_10933"
6	2580	323764273.5	197	323691005	323837542	"Gb_02925"
6	2648	327024812.5	197	326999001	327050624	"Gb_13264"
6	8850	321403691	197	321403428	321403954	"Gb_20563"
9	1816	62352371	200	62334755	62369987	"Gb_14318"
9	1773	61306784.5	200	61294590	61318979	"Gb_14317"
11	1772	5729358	200	5605147	5853569	"Gb_30378"
11	3485	85551180	200	85547729	85554631	"Gb_07831"
8	4335	659833913	201	659829361	659838465	"Gb_32183"
8	1930	585390978.5	203	585327569	585454388	"Gb_41150"
8	945	548643060.5	203	548641613	548644508	"Gb_26152"
8	1931	534582563.5	203	534578582	534586545	"Gb_26114"
8	1931	533033978	203	532854773	533213183	"Gb_37120"
8	2111	530268417	203	530179719	530357115	"Gb_16157"
8	9262	520519976	203	520390823	520649129	"Gb_01222"
3	3581	309180920	204	309178947	309182893	"Gb_34884"
3	666	309870125	204	309869384	309870866	"Gb_34406"
3	2089	356010150.5	204	356005299	356015002	"Gb_21315"
12	2371	569208332.5	206	569207780	569208885	"Gb_30731"
12	2371	569277223	206	569276715	569277731	"Gb_30730"
12	1136	566220003	206	566118283	566321723	"Gb_41703"
7	2538	568282710	206	568062059	568503361	"Gb_13298"
3	3233	519957969.5	207	519845973	520069966	"Gb_36362"
8	3817	50571856.5	209	50504660	50639053	"Gb_14335"
4	3784	259498768	211	259466933	259530603	"Gb_06580"
4	2655	256842197.5	211	256787387	256897008	"Gb_06578"
4	4392	37378109.5	211	37377714	37378505	"Gb_38558"
4	1528	248694163.5	211	248693798	248694529	"Gb_08187"
4	9525	250084531	211	250041011	250128051	"Gb_30748"
9	2606	147639009	213	147582049	147695969	"Gb_18396"
3	572	619114442.5	214	619112952	619115933	"Gb_02066"
10	1358	488082239.5	215	488066924	488097555	"Gb_37362"
6	746	521893096.5	216	521767614	522018579	"Gb_13615"
6	215	452409731.5	216	452408615	452410848	"Gb_30295"
3	1783	500795015	217	500630258	500959772	"Gb_19277"
3	1782	498827996	217	498827608	498828384	"Gb_19266"
3	449	497096293.5	217	497095843	497096744	"Gb_33038"
3	2944	496327001.5	217	496279921	496374082	"Gb_11848"
5	1626	49159187.5	219	49158786	49159589	"Gb_39726"
5	3470	48353762	219	48294598	48412926	"Gb_39721"
5	3469	40283136.5	219	40245717	40320556	"Gb_17521"
5	3469	40625518.5	219	40624920	40626117	"Gb_30113"
5	4028	39838760.5	219	39803274	39874247	"Gb_20640"
2	543	235531747	220	235388398	235675096	"Gb_20817"
2	5539	141060937.5	220	141060510	141061365	"Gb_23309"
2	5539	236024951.5	220	236024445	236025458	"Gb_20818"
2	1150	142573393	220	142562055	142584731	"Gb_15362"
2	2048	144522473	220	144519822	144525124	"Gb_07458"
2	1393	144640907.5	220	144636386	144645429	"Gb_07455"
4	1648	94621805	221	94481690	94761920	"Gb_13304"
4	497	95550918.5	221	95541907	95559930	"Gb_11567"
4	1915	352257044.5	221	352255978	352258111	"Gb_05440"
4	4132	360280820	221	360279913	360281727	"Gb_37901"
4	2274	304417196.5	221	304406957	304427436	"Gb_28735"
5	2743	711891055	222	711889593	711892517	"Gb_21242"
3	45	560202606	223	560128439	560276773	"Gb_17543"
3	45	559133889.5	223	559014503	559253276	"Gb_08623"
8	18	396297007.5	223	396295715	396298300	"Gb_03331"
8	3250	337371235.5	226	337188394	337554077	"Gb_37507"
8	2157	359826774	226	359821355	359832193	"Gb_18405"
8	3608	354451020	226	354322105	354579935	"Gb_07642"
3	2869	516710219	227	516554916	516865522	"Gb_14386"
1	1881	220657077.5	228	220655932	220658223	"Gb_10452"
6	2249	445051748.5	229	445049784	445053713	"Gb_19359"
6	490	442733934	229	442731847	442736021	"Gb_15945"
6	9043	441990300	229	441987782	441992818	"Gb_15942"
4	673	243891120.5	230	243740991	244041250	"Gb_36286"
9	3685	196325638.5	231	196286320	196364957	"Gb_35057"
8	1984	77770926	232	77609777	77932075	"Gb_25576"
3	4227	353895420.5	234	353893277	353897564	"Gb_09366"
1	144	NA	235	1128004617	1128028519	"Gb_17071"
1	681	103536982	235	103347365	103726599	"Gb_03820"
6	10861	138083563.5	235	138082629	138084498	"Gb_02374"
1	10861	91151375.5	235	91150544	91152207	"Gb_07440"
1	10861	NA	235	1108172732	1108175757	"Gb_24155"
7	6182	303765152.5	237	303566453	303963852	"Gb_39410"
8	613	21984659.5	237	21984375	21984944	"Gb_30879"
3	450	494231421.5	238	494229751	494233092	"Gb_26660"
3	448	489035337.5	238	489034363	489036312	"Gb_16516"
11	448	165437655.5	238	165434147	165441164	"Gb_36524"
3	2953	492048225	238	492008877	492087573	"Gb_40802"
5	6483	720706090	239	720704270	720707910	"Gb_35737"
5	1568	614824258.5	239	614776501	614872016	"Gb_28897"
11	2772	439070244.5	241	439007451	439133038	"Gb_39311"
10	1400	548230424	242	548217002	548243846	"Gb_33378"
10	3953	544685628.5	242	544631080	544740177	"Gb_25336"
10	1363	661519252	242	661452961	661585543	"Gb_14414"
10	1222	141078870.5	243	141078391	141079350	"Gb_18605"
10	2846	148616163	243	148524544	148707782	"Gb_23733"
3	128	517482747.5	244	517449484	517516011	"Gb_14388"
3	4875	697870056	245	697869470	697870642	"Gb_10627"
2	2571	301962898.5	247	301850340	302075457	"Gb_19683"
8	950	13422827.5	248	13406148	13439507	"Gb_06010"
12	1826	557800671.5	249	557745497	557855846	"Gb_41012"
12	269	556270355.5	249	556269212	556271499	"Gb_36988"
