9	901	91832972.5	0	91826086	91839859	"gene31773"
9	1840	8760888	0	8760719	8761057	"gene31246"
9	3188	8302829	0	8273835	8331823	"gene31244"
9	1839	3838392	0	3832700	3844084	"gene31218"
10	3472	225495039.5	1	225481969	225508110	"gene35572"
1	3472	662197348.5	1	662196003	662198694	"gene3507"
10	3233	227532411	1	227526569	227538253	"gene35577"
10	1379	228883679	1	228882151	228885207	"gene35591"
10	1857	174280457	1	174269034	174291880	"gene35360"
2	6623	172451357.5	1	172450391	172452324	"gene6041"
10	6623	180818305.5	1	180810748	180825863	"gene35368"
10	1856	184625958	1	184622656	184629260	"gene35378"
10	1856	186154362.5	1	186152083	186156642	"gene35393"
2	969	270094514	1	270093972	270095056	"gene6430"
1	960	274494678.5	1	274487431	274501926	"gene1610"
1	1881	896270957	1	896269680	896272234	"gene4535"
10	449	219787955	1	219787514	219788396	"gene35542"
10	958	217934363.5	1	217924716	217944011	"gene35532"
4	789	185469100.5	2	185468055	185470146	"gene14476"
4	1531	183999034.5	2	183997863	184000206	"gene14464"
4	4252	193233354.5	2	193108697	193358012	"gene14513"
4	3264	195231136.5	2	195212289	195249984	"gene14526"
4	788	195432506.5	2	195400446	195464567	"gene14527"
4	1774	227014404	2	227012828	227015980	"gene14652"
4	1469	29958336.5	2	29950762	29965911	"gene13622"
4	1932	27229479	2	27210185	27248773	"gene13595"
6	2279	373438937.5	3	373418466	373459409	"gene22786"
6	3104	374982861.5	3	374936785	375028938	"gene22791"
6	2948	439193516.5	3	439186754	439200279	"gene23176"
6	2898	440498365	3	440497283	440499447	"gene23180"
6	3079	439013497	3	439010859	439016135	"gene23172"
8	398	95545605	3	95544818	95546392	"gene28392"
6	398	625319423.5	3	625315965	625322882	"gene24060"
2	1216	294691685.5	3	294625996	294757375	"gene6512"
2	1200	292352603.5	3	292342332	292362875	"gene6503"
2	5228	19738465.5	3	19735916	19741015	"gene5243"
5	4206	526817273	3	526816252	526818294	"gene19761"
2	4206	354109433.5	3	354107944	354110923	"gene6720"
2	5439	797390679.5	3	797384188	797397171	"gene8836"
2	5629	832636391	3	832633018	832639764	"gene9002"
3	5629	211428845	3	211416243	211441447	"gene10295"
2	1117	858216000	4	858212695	858219305	"gene9126"
5	5636	383453757	4	383423733	383483781	"gene19166"
11	4288	142935595	4	142932980	142938210	"gene38574"
11	2753	2369236	4	2354776	2383696	"gene37558"
7	499	179702645.5	5	179698063	179707228	"gene25408"
7	1865	48079845.5	5	48041730	48117961	"gene24801"
6	2949	379583022	5	379581769	379584275	"gene22828"
6	2402	377002888	5	377000892	377004884	"gene22802"
6	2897	376200978	5	376199854	376202102	"gene22797"
6	3352	423778362	5	423777600	423779124	"gene23092"
6	6106	420330274	5	420330111	420330437	"gene23071"
6	186	420151828.5	5	420150067	420153590	"gene23069"
6	3355	415044198.5	5	414968609	415119788	"gene23044"
6	3698	412320666.5	5	412313021	412328312	"gene23034"
9	2377	628855045	5	628852332	628857758	"gene34235"
3	2377	804514537.5	5	804497272	804531803	"gene13235"
3	32	799870310	5	799846041	799894579	"gene13213"
3	939	804810832.5	5	804780120	804841545	"gene13237"
4	1809	680074753	6	680070080	680079426	"gene17019"
4	1809	628432788	6	628425004	628440572	"gene16705"
4	1809	628554060.5	6	628550597	628557524	"gene16707"
4	1634	677905560	6	677889637	677921483	"gene17012"
4	1810	677720610.5	6	677695789	677745432	"gene17011"
4	1794	676206948	6	676195841	676218055	"gene16994"
4	6483	660886565	6	660885473	660887657	"gene16914"
4	1183	634647932	6	634647760	634648104	"gene16734"
4	931	648876225.5	6	648875911	648876540	"gene16834"
6	462	438931038	7	438930731	438931345	"gene23171"
6	6787	373370674.5	7	373370405	373370944	"gene22785"
6	187	365418430	7	365364930	365471930	"gene22746"
8	1911	210161417	7	210161155	210161679	"gene28980"
6	1911	661259573	7	661250458	661268688	"gene24388"
6	1709	637813909.5	7	637813382	637814437	"gene24148"
6	3357	343061392.5	7	343054801	343067984	"gene22617"
6	1671	346444278	7	346429336	346459220	"gene22646"
6	503	518422414.5	7	518413992	518430837	"gene23541"
6	176	508137925	7	508132127	508143723	"gene23475"
6	504	476667858.5	7	476666886	476668831	"gene23319"
9	881	57780292	8	57779173	57781411	"gene31539"
9	168	127479426	8	127478666	127480186	"gene31991"
9	899	33408781	8	33396931	33420631	"gene31387"
9	899	42818549	8	42804017	42833081	"gene31464"
2	1131	34324743	9	34316355	34333131	"gene5305"
2	8672	35855442.5	9	35841368	35869517	"gene5316"
2	5945	241984682	9	241980941	241988423	"gene6331"
4	6395	258664056.5	9	258663448	258664665	"gene14809"
4	2112	186290777	9	186276352	186305202	"gene14483"
1	3288	192015798.5	10	192014165	192017432	"gene1038"
1	3408	187342911.5	10	187341728	187344095	"gene1017"
1	3639	186187579	10	186182194	186192964	"gene1007"
10	154	30089743	10	30087971	30091515	"gene34601"
10	815	49225438.5	10	49224340	49226537	"gene34698"
10	3778	554703594	11	554701098	554706090	"gene37055"
10	1041	558263376	11	558231598	558295154	"gene37066"
10	5763	557876345.5	11	557875054	557877637	"gene37064"
10	1054	586227992.5	11	586225378	586230607	"gene37196"
9	1054	203855810.5	11	203854928	203856693	"gene32303"
10	1052	587494201	11	587485894	587502508	"gene37203"
5	9142	641564620	11	641492055	641637185	"gene20371"
11	1393	93236757.5	12	93235646	93237869	"gene38311"
11	2048	93549442.5	12	93542517	93556368	"gene38312"
11	5434	90229377	12	90209812	90248942	"gene38291"
11	7587	49049862.5	12	49019423	49080302	"gene38004"
11	594	49823646.5	12	49821992	49825301	"gene38014"
11	3609	106844605.5	12	106844282	106844929	"gene38397"
6	2720	505431556.5	13	505419898	505443215	"gene23459"
10	1036	587926208.5	13	587922253	587930164	"gene37207"
10	1036	585829884.5	13	585820723	585839046	"gene37193"
10	3370	608148663	13	608137359	608159967	"gene37311"
10	1035	607104362.5	13	607104108	607104617	"gene37304"
10	1035	607094333.5	13	607092801	607095866	"gene37303"
10	1053	586771900	13	586768603	586775197	"gene37201"
10	725	585387209	13	585374318	585400100	"gene37186"
3	7644	718020087.5	14	718018560	718021615	"gene12759"
5	4774	64368709	14	64365032	64372386	"gene17638"
5	713	126972054	14	126956881	126987227	"gene18039"
5	713	145538220.5	14	145527452	145548989	"gene18122"
5	1486	136438112	14	136435935	136440289	"gene18087"
5	940	127170347.5	14	127168681	127172014	"gene18041"
7	9071	609224368.5	16	609209710	609239027	"gene27369"
7	5779	615921894.5	16	615919658	615924131	"gene27395"
7	1309	627306760	16	627298963	627314557	"gene27508"
7	1312	603968971.5	16	603946332	603991611	"gene27330"
7	10179	626680765	16	626673523	626688007	"gene27499"
7	6258	626522407	16	626521483	626523331	"gene27496"
7	801	646487652.5	16	646480018	646495287	"gene27695"
7	801	105875703.5	16	105873863	105877544	"gene25092"
6	6745	33246934.5	17	33221311	33272558	"gene20997"
6	7867	32679754	17	32677101	32682407	"gene20993"
6	1574	31015660.5	17	31009593	31021728	"gene20976"
6	3055	35282851.5	17	35281091	35284612	"gene21016"
6	155	35503591.5	17	35498185	35508998	"gene21017"
6	1795	36806368	17	36805328	36807408	"gene21023"
6	2313	37885753.5	17	37858224	37913283	"gene21033"
6	3056	14681705	17	14656312	14707098	"gene20792"
3	4129	145913379.5	18	145900519	145926240	"gene9963"
3	3017	431073729	18	430964642	431182816	"gene11211"
1	467	288311849.5	18	288309155	288314544	"gene1669"
3	3666	10902098	19	10720492	11083704	"gene9282"
3	840	497246317	19	497244323	497248311	"gene11459"
3	795	497862486.5	19	497695202	498029771	"gene11461"
3	3482	489735097	19	489734696	489735498	"gene11432"
3	3343	378208125	19	378183949	378232301	"gene10943"
3	4235	264398323	19	264348434	264448212	"gene10517"
7	2227	502410116	19	502404729	502415503	"gene26842"
3	2227	326678678	19	326675190	326682166	"gene10745"
10	3393	293599830	19	293588631	293611029	"gene35839"
10	2852	534515032	20	534505076	534524988	"gene36918"
10	2851	531631069.5	20	531617162	531644977	"gene36899"
10	2119	530894107.5	20	530860454	530927761	"gene36887"
10	2119	530935449.5	20	530929203	530941696	"gene36889"
10	110	492430878	20	492428721	492433035	"gene36685"
10	766	505713890	20	505708522	505719258	"gene36760"
10	703	551922668	20	551914981	551930355	"gene37036"
10	1525	563045050.5	20	563042352	563047749	"gene37070"
6	2589	663133814	23	663132517	663135111	"gene24403"
11	2589	336687486	23	336670603	336704369	"gene39446"
11	2588	337711022	23	337674684	337747360	"gene39456"
3	3976	673925296.5	23	673922763	673927830	"gene12510"
6	6190	603462277.5	23	603462053	603462502	"gene23936"
4	579	54238193.5	24	54229021	54247366	"gene13763"
4	233	56344195.5	24	56343890	56344501	"gene13778"
4	1986	55837238.5	24	55812842	55861635	"gene13776"
3	1269	491960211.5	25	491959286	491961137	"gene11442"
3	4289	106451116.5	25	106446177	106456056	"gene9793"
3	5830	252769127	25	252754883	252783371	"gene10481"
8	5437	95297670	27	95290085	95305255	"gene28391"
6	5437	624761075.5	27	624758937	624763214	"gene24057"
6	6705	624441600	27	624422432	624460768	"gene24055"
6	2576	623524506	27	623518057	623530955	"gene24047"
6	8619	623980715.5	27	623922890	624038541	"gene24052"
8	1237	90090660	27	90081843	90099477	"gene28378"
6	1237	624168119	27	624152646	624183592	"gene24053"
6	1222	588697395	27	588697199	588697591	"gene23853"
6	1280	485379093	27	485354861	485403325	"gene23358"
6	1282	535459182	27	535454463	535463901	"gene23618"
6	3453	502388056	27	502387530	502388582	"gene23441"
6	3453	504698822	27	504682747	504714897	"gene23456"
6	2846	488660766.5	27	488650240	488671293	"gene23390"
6	5230	493398487	27	493398296	493398678	"gene23403"
10	5112	231174613	28	231173909	231175317	"gene35602"
10	1673	230681824.5	28	230674851	230688798	"gene35600"
2	1869	693763969.5	28	693762903	693765036	"gene8313"
10	4854	48743165.5	29	48738762	48747569	"gene34695"
10	4830	45878290.5	29	45875373	45881208	"gene34676"
10	4512	73529406.5	29	73524206	73534607	"gene34850"
10	10228	67911963.5	29	67899689	67924238	"gene34806"
11	3067	5235126.5	31	5234581	5235672	"gene37586"
9	2305	568512913.5	31	568499125	568526702	"gene33844"
9	2305	564985437.5	31	564981052	564989823	"gene33827"
11	2305	5548894	31	5462130	5635658	"gene37588"
4	459	313241163.5	31	313200946	313281381	"gene15066"
10	455	195867454.5	31	195860315	195874594	"gene35442"
7	167	4877331	32	4876082	4878580	"gene24564"
7	849	7572919	32	7566631	7579207	"gene24585"
7	848	10029878	32	10016018	10043738	"gene24596"
9	1835	203471493	32	203462039	203480947	"gene32302"
9	1835	210525431	32	210497935	210552927	"gene32332"
3	5467	284214187.5	33	284148657	284279718	"gene10578"
3	2000	273149146	33	273067717	273230575	"gene10550"
3	2327	272788464	33	272780584	272796344	"gene10547"
3	3365	373142034	33	373139936	373144132	"gene10923"
10	2789	473938958.5	34	473923506	473954411	"gene36598"
10	1459	482966267.5	34	482964956	482967579	"gene36636"
10	1412	476895652	34	476890659	476900645	"gene36612"
3	1207	820008564	34	820005870	820011258	"gene13292"
6	1264	623801509.5	34	623737302	623865717	"gene24051"
6	410	622475956	34	622475289	622476623	"gene24042"
6	2827	601722562.5	34	601722309	601722816	"gene23923"
5	2473	531488475.5	35	531476286	531500665	"gene19777"
8	2740	214942901.5	35	214941433	214944370	"gene29017"
5	2740	344180687	35	344179070	344182304	"gene19003"
8	3369	213135262	35	213134888	213135636	"gene29003"
10	450	212270180	36	212268503	212271857	"gene35503"
4	464	683814988	36	683784559	683845417	"gene17049"
11	2146	360613816	37	360613101	360614531	"gene39542"
11	3454	358251771	37	358237702	358265840	"gene39522"
11	2147	360403187.5	37	360402424	360403951	"gene39541"
4	1766	423310608.5	39	423305694	423315523	"gene15548"
4	1931	206766523	39	206668462	206864584	"gene14591"
4	2111	202040998.5	39	201989016	202092981	"gene14563"
4	9262	186628534.5	39	186603001	186654068	"gene14488"
4	930	685102250	40	685097376	685107124	"gene17058"
4	5366	568986645	40	568984104	568989186	"gene16378"
4	10136	565191194	40	565177874	565204514	"gene16364"
4	4330	599134529.5	40	599011979	599257080	"gene16565"
4	7591	607951382.5	40	607944822	607957943	"gene16604"
3	3348	86217610	41	86201553	86233667	"gene9695"
3	798	426903526.5	41	426901862	426905191	"gene11185"
3	4562	427323496.5	41	427320531	427326462	"gene11191"
3	6182	413486574.5	41	413464122	413509027	"gene11128"
4	4238	67584724	41	67581652	67587796	"gene13864"
3	4238	411817831	41	411815512	411820150	"gene11123"
6	1520	652647579	42	652635788	652659370	"gene24297"
10	424	238464280.5	42	238447003	238481558	"gene35636"
11	3451	260174072	42	260173918	260174226	"gene39064"
3	1374	141036264	44	141036032	141036496	"gene9937"
11	5618	168579602	44	168579232	168579972	"gene38693"
11	4492	169076177.5	44	169066741	169085614	"gene38696"
11	3967	75695610.5	44	75662092	75729129	"gene38175"
11	3791	76233375.5	44	76221216	76245535	"gene38180"
11	3791	74851462.5	44	74795794	74907131	"gene38168"
11	1407	74991838.5	44	74983962	74999715	"gene38170"
11	10188	74296948	44	74296532	74297364	"gene38164"
10	96	212965674.5	45	212953931	212977418	"gene35507"
11	754	243150100	45	243149163	243151037	"gene38977"
6	754	340905050.5	45	340903937	340906164	"gene22602"
11	1493	244632039	45	244627117	244636961	"gene38989"
4	4335	67062728.5	46	67053561	67071896	"gene13861"
4	1940	252795286	46	252794062	252796510	"gene14778"
4	1930	255697938	46	255691505	255704371	"gene14801"
4	1930	254967794	46	254963565	254972023	"gene14796"
4	5805	258753940	46	258753714	258754166	"gene14810"
8	2732	7690952	47	7687299	7694605	"gene27837"
8	3384	187276437	47	187249922	187302952	"gene28862"
8	2413	190213389	47	190047862	190378916	"gene28874"
8	2414	189585476.5	47	189575878	189595075	"gene28871"
8	2415	190585604.5	47	190582038	190589171	"gene28876"
8	6558	192398170	47	192390155	192406185	"gene28891"
8	2417	192681728	47	192681411	192682045	"gene28895"
8	1082	132460920	47	132389905	132531935	"gene28566"
9	2728	191428338	47	191427878	191428798	"gene32266"
8	2728	135576538	47	135570686	135582390	"gene28583"
8	1083	137299940	47	137283749	137316131	"gene28596"
8	3809	101041905.5	47	101038937	101044874	"gene28432"
8	3904	15398442	48	15386100	15410784	"gene27873"
11	4249	335980947.5	49	335973089	335988806	"gene39436"
5	3597	312692799	49	312689444	312696154	"gene18866"
1	876	686432311.5	50	686430125	686434498	"gene3626"
1	2266	683653179	50	683633832	683672526	"gene3607"
1	3206	678563284.5	50	678474639	678651930	"gene3577"
5	1696	499357681.5	50	499351693	499363670	"gene19651"
5	1926	495104105	50	495063904	495144306	"gene19626"
4	852	488911458.5	50	488896247	488926670	"gene15873"
4	507	490023843	50	490021474	490026212	"gene15884"
1	352	149794657.5	51	149793614	149795701	"gene772"
1	3126	149516122	51	149511865	149520379	"gene771"
1	1754	148947832.5	51	148935882	148959783	"gene764"
1	1754	148972600	51	148968939	148976261	"gene765"
6	258	89598128	53	89590335	89605921	"gene21375"
6	1797	89465865.5	53	89464942	89466789	"gene21374"
6	1798	88162167	53	88156923	88167411	"gene21366"
7	266	639265060.5	53	639263350	639266771	"gene27621"
7	3058	639058858	53	639046005	639071711	"gene27617"
2	1170	136305866	54	136299196	136312536	"gene5826"
2	35	272509522.5	54	272490425	272528620	"gene6433"
2	985	188274782.5	54	188267317	188282248	"gene6117"
2	37	195148944	54	195135882	195162006	"gene6143"
9	303	194963597	55	194957951	194969243	"gene32283"
8	303	141526983	55	141523406	141530560	"gene28600"
8	2092	143682593	55	143662412	143702774	"gene28611"
1	822	817754335.5	55	817745007	817763664	"gene4178"
6	2510	186009243.5	56	185994496	186023991	"gene21900"
6	2335	195204560.5	56	195136519	195272602	"gene21956"
4	3545	505028144	57	505020927	505035361	"gene15970"
4	3542	503210270.5	57	503203587	503216954	"gene15957"
4	223	612228804	57	612223238	612234370	"gene16624"
9	2439	71199673	59	71194275	71205071	"gene31630"
8	2766	45417276	60	45415108	45419444	"gene28106"
8	1359	44334447.5	60	44334151	44334744	"gene28095"
4	1404	697268368	60	697259383	697277353	"gene17140"
8	2480	383513045	60	383364467	383661623	"gene29690"
8	297	27193687	60	27192860	27194514	"gene27994"
10	1524	563257769.5	62	563236687	563278852	"gene37075"
8	4577	609403951.5	63	609397433	609410470	"gene30844"
8	4417	495536499	63	495492700	495580298	"gene30199"
4	997	599913802	64	599912814	599914790	"gene16573"
9	2149	532212745	65	532207361	532218129	"gene33693"
8	3997	647277422.5	66	647254524	647300321	"gene31161"
8	1743	516703948	67	516701227	516706669	"gene30349"
8	185	512666962	67	512664235	512669689	"gene30315"
8	9298	527164184	67	527159819	527168549	"gene30402"
8	9298	534010120.5	67	534008703	534011538	"gene30445"
8	211	523524602	67	523506680	523542524	"gene30387"
8	183	529544089.5	67	529542103	529546076	"gene30414"
8	847	528843843	67	528826619	528861067	"gene30410"
3	847	429238936	67	429235300	429242572	"gene11197"
11	4769	101466567.5	69	101457059	101476076	"gene38365"
11	736	104025199	69	103891792	104158606	"gene38379"
11	125	115189639	69	115174515	115204763	"gene38446"
11	1947	116231118	69	116225376	116236860	"gene38453"
11	1468	33158961	69	33153596	33164326	"gene37885"
3	1101	402706582	70	402703009	402710155	"gene11069"
3	1101	402625360.5	70	402566309	402684412	"gene11068"
3	2425	403086867	70	403079799	403093935	"gene11071"
1	548	607986629	72	607973547	607999711	"gene3273"
5	5	68529878.5	72	68529293	68530464	"gene17655"
5	2002	71254431.5	72	71253341	71255522	"gene17675"
5	2328	102686295	72	102685165	102687425	"gene17869"
5	4	101406081	72	101376813	101435349	"gene17863"
10	3535	448985293	72	448984873	448985713	"gene36496"
3	3535	643419250.5	72	643418204	643420297	"gene12354"
7	3741	608069395	73	608066634	608072156	"gene27358"
7	2565	607240601	73	607238875	607242327	"gene27355"
7	3644	643912933.5	73	643877221	643948646	"gene27669"
7	612	643327439	73	643292011	643362867	"gene27658"
7	2527	642519185	73	642516525	642521845	"gene27653"
7	1990	607598951.5	73	607592105	607605798	"gene27357"
8	453	485202299	75	485195969	485208629	"gene30145"
3	905	774340547.5	76	774336988	774344107	"gene13066"
3	859	642617764	76	642611743	642623785	"gene12346"
3	2232	761363090	76	761327763	761398417	"gene12981"
3	2232	732080827.5	76	732054776	732106879	"gene12851"
5	6201	673970409	77	673879372	674061446	"gene20542"
5	3142	673179352.5	77	673174107	673184598	"gene20538"
5	3142	667330408	77	667232598	667428218	"gene20521"
4	3266	336228711.5	77	336220309	336237114	"gene15172"
4	4783	328340280.5	77	328338991	328341570	"gene15148"
10	572	111237993	78	111231957	111244029	"gene35071"
8	181	384807970	79	384807783	384808157	"gene29692"
6	1418	600839349	80	600819999	600858699	"gene23918"
6	1418	602862352	80	602827261	602897443	"gene23932"
6	1221	567599015	80	567573102	567624928	"gene23779"
9	1221	20423894	80	20423554	20424234	"gene31290"
10	1240	626119563.5	80	626090774	626148353	"gene37473"
10	10662	627709957.5	80	627707428	627712487	"gene37491"
4	3364	614684250	81	614682721	614685779	"gene16643"
4	3364	614759384.5	81	614756429	614762340	"gene16644"
4	221	459521946	81	459439359	459604533	"gene15701"
5	5589	11420755.5	81	11415362	11426149	"gene17382"
2	5440	27013122	83	27005493	27020751	"gene5268"
2	3137	303627044	83	303626454	303627634	"gene6539"
1	1923	960038791.5	84	960014877	960062706	"gene4963"
1	872	958503354.5	84	958498791	958507918	"gene4951"
1	913	816971899.5	84	816925370	817018429	"gene4173"
8	2243	568476828	85	568473265	568480391	"gene30580"
4	2912	626334026.5	87	626332993	626335060	"gene16690"
4	2912	631379269.5	87	631376227	631382312	"gene16726"
4	1767	12742896	87	12741394	12744398	"gene13532"
6	413	49207301	90	49206838	49207764	"gene21150"
6	372	26273243.5	90	26271672	26274815	"gene20910"
6	373	14888829.5	90	14887764	14889895	"gene20794"
6	373	20819798.5	90	20813540	20826057	"gene20852"
6	373	16843581	90	16843044	16844118	"gene20824"
10	732	531457834.5	92	531453131	531462538	"gene36894"
10	4159	585497841	92	585472451	585523231	"gene37188"
10	6426	584186452.5	92	584186072	584186833	"gene37176"
9	64	639110014.5	93	639093258	639126771	"gene34363"
9	11	640022298	93	640019227	640025369	"gene34376"
2	964	772452254	94	772447079	772457429	"gene8704"
2	975	758415445.5	94	758414873	758416018	"gene8637"
7	1494	48311109.5	97	48302879	48319340	"gene24803"
7	746	53268827.5	97	53264006	53273649	"gene24827"
8	6404	12733923	98	12732824	12735022	"gene27856"
5	1266	24052073	98	24050537	24053609	"gene17458"
8	1266	12287883.5	98	12283737	12292030	"gene27853"
2	1550	455287919.5	98	455273042	455302797	"gene7178"
11	3388	94416605.5	99	94381671	94451540	"gene38318"
11	1378	92057324.5	99	92054621	92060028	"gene38297"
11	1378	94182128.5	99	94148963	94215294	"gene38317"
4	9286	502525039	100	502500172	502549906	"gene15948"
3	827	85895876.5	100	85880344	85911409	"gene9690"
3	3347	86501044	100	86393380	86608708	"gene9696"
3	1300	469047753.5	100	468915149	469180358	"gene11362"
1	1697	731745283.5	101	731721863	731768704	"gene3822"
1	2316	724059515.5	101	724050141	724068890	"gene3797"
4	2316	635935121	101	635772888	636097354	"gene16736"
1	2316	723819126.5	101	723800088	723838165	"gene3794"
4	2298	489818732	101	489818292	489819172	"gene15881"
4	2298	489791987	101	489782993	489800981	"gene15880"
4	851	489429674	101	489424789	489434559	"gene15876"
5	853	462748550.5	101	462747214	462749887	"gene19485"
5	5335	463882327	101	463866481	463898173	"gene19492"
8	4066	227107505.5	102	227107245	227107766	"gene29070"
9	1277	431152378	104	431140350	431164406	"gene33228"
9	4832	424844158.5	104	424832200	424856117	"gene33201"
9	4394	414083804.5	105	414083318	414084291	"gene33161"
9	1276	415414568	105	415408119	415421017	"gene33168"
5	1208	15959567	109	15958078	15961056	"gene17403"
8	1821	488547734.5	110	488537584	488557885	"gene30155"
3	5984	345244523.5	113	345241362	345247685	"gene10825"
4	13	29019181	114	28998113	29040249	"gene13610"
4	606	28050456.5	114	28034481	28066432	"gene13605"
4	9091	27760405.5	114	27759839	27760972	"gene13602"
4	2503	22010253	114	22000698	22019808	"gene13585"
7	5124	621954066.5	115	621941079	621967054	"gene27452"
7	5522	620273755.5	115	620263067	620284444	"gene27439"
7	4293	619895251.5	115	619894598	619895905	"gene27436"
9	1363	70061165	116	70011013	70111317	"gene31623"
9	1059	91201407.5	116	91194677	91208138	"gene31770"
9	1563	30738822.5	116	30718443	30759202	"gene31373"
11	534	262171108	118	262077004	262265212	"gene39075"
4	534	454494186.5	118	454474410	454513963	"gene15673"
4	1004	460113642	118	460102922	460124362	"gene15705"
4	535	443262232.5	118	443261043	443263422	"gene15597"
4	933	544065322.5	118	544057802	544072843	"gene16242"
8	9258	439826477	119	439819701	439833253	"gene29958"
2	1215	106346755	120	106337832	106355678	"gene5642"
2	1199	104120153.5	120	104103685	104136622	"gene5631"
2	6855	102997686.5	120	102996056	102999317	"gene5620"
2	9270	199173220.5	120	199108207	199238234	"gene6170"
2	9507	196667083.5	120	196654476	196679691	"gene6151"
4	142	322913416	122	322901249	322925583	"gene15121"
8	4392	179749942.5	123	179749598	179750287	"gene28808"
8	2655	10346808.5	123	10219341	10474276	"gene27845"
8	3784	10616564.5	123	10615888	10617241	"gene27846"
3	610	104474780	124	104470902	104478658	"gene9780"
3	552	105869550	124	105833664	105905436	"gene9786"
4	2066	427180547	125	427173507	427187587	"gene15568"
4	1000	425793429.5	125	425778843	425808016	"gene15559"
4	10157	560815484	125	560807715	560823253	"gene16347"
4	9461	559214900	125	559211832	559217968	"gene16340"
4	5716	596197682.5	125	596191567	596203798	"gene16544"
4	636	596400070	125	596394375	596405765	"gene16545"
8	2981	134883518.5	126	134877530	134889507	"gene28578"
9	4114	518415207.5	128	518405537	518424878	"gene33609"
6	1419	499692621	130	499674625	499710617	"gene23424"
6	1919	66875857	133	66875466	66876248	"gene21256"
5	137	472917324	134	472917038	472917610	"gene19519"
3	2772	793352185.5	135	793332310	793372061	"gene13163"
7	3817	618244822.5	136	618238972	618250673	"gene27416"
7	9309	604573242.5	136	604561313	604585172	"gene27334"
7	9310	604862083	136	604861559	604862607	"gene27338"
7	9311	606199770.5	136	606184453	606215088	"gene27348"
7	9311	606006955	136	605890581	606123329	"gene27345"
11	771	436456433.5	137	436246908	436665959	"gene39961"
11	719	440511833.5	137	440504442	440519225	"gene39978"
5	5462	131700051.5	140	131617972	131782131	"gene18061"
8	892	98351383	141	98330197	98372569	"gene28408"
8	893	75674717	141	75673951	75675483	"gene28301"
8	893	76085883.5	141	76079822	76091945	"gene28311"
8	893	76050274	141	76047963	76052585	"gene28310"
4	1002	675278111.5	143	675263279	675292944	"gene16989"
4	2901	649574993	143	649573025	649576961	"gene16840"
4	5482	604315139.5	143	604313143	604317136	"gene16588"
1	4320	684102133.5	145	684079922	684124345	"gene3613"
5	1627	518662754.5	146	518635231	518690278	"gene19715"
5	894	520397365.5	146	520394792	520399939	"gene19726"
3	1882	756387627.5	147	756379820	756395435	"gene12964"
3	875	642481106	147	642476323	642485889	"gene12342"
1	160	135249456	147	135246498	135252414	"gene709"
1	160	143917314.5	147	143915552	143919077	"gene744"
3	160	777176733	147	777168922	777184544	"gene13084"
7	160	66732223	147	66722342	66742104	"gene24900"
10	2869	229435430.5	148	229434411	229436450	"gene35594"
3	9303	251808898.5	150	251796258	251821539	"gene10473"
3	877	62441867.5	150	62436079	62447656	"gene9587"
3	3179	59692310	150	59672338	59712282	"gene9573"
3	10857	59649744.5	150	59640529	59658960	"gene9572"
5	1745	459520729	151	459441879	459599579	"gene19470"
11	4611	24503476.5	152	24499589	24507364	"gene37806"
11	1234	26191375	152	26185354	26197396	"gene37824"
11	2584	26896810	152	26864396	26929224	"gene37829"
2	3473	36124084.5	155	36115703	36132466	"gene5318"
4	67	522415201	158	522414231	522416171	"gene16077"
7	10195	613115899.5	159	613114366	613117433	"gene27385"
7	10194	608676232.5	159	608659073	608693392	"gene27366"
7	800	608414220	159	608408072	608420368	"gene27364"
7	4279	641957504	159	641938334	641976674	"gene27647"
7	613	640839273.5	159	640838989	640839558	"gene27637"
11	1980	2050539	168	2041601	2059477	"gene37551"
11	2535	2158165	168	2154461	2161869	"gene37554"
11	1164	899431.5	168	894563	904300	"gene37536"
6	1506	49368277	169	49344615	49391939	"gene21152"
6	3974	58947660.5	169	58931355	58963966	"gene21206"
6	2838	48406310.5	170	48397242	48415379	"gene21135"
6	8950	62265899	170	62260541	62271257	"gene21216"
6	9172	62997665	170	62996477	62998853	"gene21221"
6	5713	63923402.5	170	63917524	63929281	"gene21234"
6	10206	119543409	170	119534163	119552655	"gene21617"
11	1516	109656772.5	172	109535986	109777559	"gene38417"
11	1517	32540599	172	32517774	32563424	"gene37876"
10	2791	627625140	175	627614297	627635983	"gene37490"
4	2323	244774579	176	244769518	244779640	"gene14744"
4	2390	244976851.5	176	244909949	245043754	"gene14745"
4	2960	256637540.5	176	256636664	256638417	"gene14802"
6	663	350878563.5	177	350876285	350880842	"gene22681"
8	663	434944123.5	177	434940698	434947549	"gene29918"
4	2199	403853932.5	181	403845984	403861881	"gene15439"
8	1741	136477705.5	182	136474158	136481253	"gene28589"
5	3469	615057208	183	614935345	615179071	"gene20216"
5	4028	615660695	183	615652552	615668838	"gene20224"
2	39	242967601.5	184	242953936	242981267	"gene6338"
2	953	242094069.5	184	242093386	242094753	"gene6334"
2	1169	227211023.5	184	227186799	227235248	"gene6281"
2	1169	36345356	184	36343417	36347295	"gene5320"
2	539	258307350.5	184	258306672	258308029	"gene6394"
2	550	258901484.5	184	258892039	258910930	"gene6396"
2	1149	250038986.5	184	250038192	250039781	"gene6355"
2	2495	274331863	184	274325120	274338606	"gene6442"
11	1136	410290450.5	187	410247791	410333110	"gene39776"
8	3205	29891255.5	188	29868336	29914175	"gene28018"
7	1984	584579391.5	190	584565843	584592940	"gene27241"
3	4236	253431899	193	253422007	253441791	"gene10484"
3	4811	254090587	193	254061316	254119858	"gene10488"
3	4385	345761410	193	345643824	345878996	"gene10829"
3	1474	343050948.5	193	343007732	343094165	"gene10811"
3	9341	347829431.5	193	347818585	347840278	"gene10836"
1	1730	818946454	197	818866074	819026834	"gene4186"
1	1730	819104235.5	197	819055658	819152813	"gene4188"
1	3356	831218659.5	197	831194689	831242630	"gene4238"
1	5193	836241074	197	836239083	836243065	"gene4266"
2	4687	534631294.5	199	534629050	534633539	"gene7551"
5	6473	358320643.5	199	358313289	358327998	"gene19044"
5	4869	357651499	199	357648698	357654300	"gene19043"
5	4868	353357503.5	199	353357067	353357940	"gene19021"
5	4868	353401557	199	353394162	353408952	"gene19022"
5	4304	340776270	199	340767164	340785376	"gene18989"
5	4734	331067205	199	331046605	331087805	"gene18951"
1	3914	759787624.5	202	759736975	759838274	"gene3948"
3	2084	702751556	202	702693004	702810108	"gene12679"
1	2105	938535027	202	938526511	938543543	"gene4851"
8	4582	431934663	203	431892837	431976489	"gene29908"
9	1331	458929764.5	203	458929066	458930463	"gene33343"
9	3591	459531183	203	459523691	459538675	"gene33346"
4	471	504614143.5	204	504605197	504623090	"gene15966"
1	6170	143093105	205	143011495	143174715	"gene738"
1	8838	143705603.5	205	143700949	143710258	"gene740"
1	1889	728428876.5	206	728427839	728429914	"gene3813"
1	4824	729759117	206	729757429	729760805	"gene3817"
1	1890	724805882.5	206	724805345	724806420	"gene3798"
1	1841	718702978.5	206	718686748	718719209	"gene3766"
9	2053	624196560.5	207	624194140	624198981	"gene34189"
9	2053	624101928	207	624096360	624107496	"gene34188"
9	6964	625505857	207	625501027	625510687	"gene34198"
9	10191	626732792.5	207	626727118	626738467	"gene34215"
9	9224	627240485.5	207	627214641	627266330	"gene34223"
2	5880	221154511	210	221145262	221163760	"gene6257"
2	887	271007976	210	271006710	271009242	"gene6431"
2	792	118417460	211	118415971	118418949	"gene5706"
2	9364	118357563	211	118347931	118367195	"gene5705"
1	2367	615857224	212	615837562	615876886	"gene3317"
5	224	312268908	216	312267072	312270744	"gene18865"
4	232	312598311	217	312597167	312599455	"gene15063"
4	2022	314869082.5	217	314868881	314869284	"gene15078"
4	1988	315379421.5	217	315379174	315379669	"gene15082"
4	1988	315402488.5	217	315401749	315403228	"gene15083"
4	992	318159744.5	217	318087945	318231544	"gene15093"
9	1762	28914120.5	220	28897858	28930383	"gene31352"
6	910	302442047	220	302434998	302449096	"gene22427"
9	506	504494768	220	504488609	504500927	"gene33547"
11	3714	3423187.5	220	3420209	3426166	"gene37572"
1	1396	685378661	221	685375476	685381846	"gene3624"
1	284	693635194	221	693614331	693656057	"gene3664"
1	1395	694383537.5	221	694382947	694384128	"gene3669"
9	1066	561174715.5	221	561171887	561177544	"gene33806"
9	2891	565822692.5	221	565821603	565823782	"gene33831"
6	2891	546434532.5	221	546433078	546435987	"gene23668"
5	1397	387274005.5	222	387225789	387322222	"gene19185"
5	1397	387221065	222	387216310	387225820	"gene19184"
5	1364	381340657.5	222	381334058	381347257	"gene19152"
5	1389	379820771	222	379791555	379849987	"gene19143"
7	3998	326372220.5	226	326358617	326385824	"gene25967"
2	1772	853762756	227	853760210	853765302	"gene9099"
9	1816	579610667.5	227	579607822	579613513	"gene33911"
11	1826	434443994	232	434398006	434489982	"gene39944"
11	269	435107521.5	232	435105626	435109417	"gene39952"
9	1110	28808518	234	28803428	28813608	"gene31351"
8	909	30849976.5	235	30840935	30859018	"gene28027"
8	219	37585009.5	235	37583936	37586083	"gene28050"
8	994	49027734	235	49008711	49046757	"gene28127"
2	886	115796614.5	237	115700258	115892971	"gene5687"
10	1333	34404624	238	34397651	34411597	"gene34617"
10	1334	33757435.5	238	33755437	33759434	"gene34616"
10	153	30870786	238	30869583	30871989	"gene34604"
3	1693	756636975.5	239	756558118	756715833	"gene12966"
3	199	697520492	239	697518878	697522106	"gene12656"
3	914	698489556.5	239	698489184	698489929	"gene12661"
6	2731	487065697.5	241	487055347	487076048	"gene23373"
1	2731	934358945	241	934357406	934360484	"gene4824"
1	1087	693809872.5	241	693803932	693815813	"gene3665"
5	1087	409029954.5	241	409024573	409035336	"gene19243"
8	1073	44140202	243	44087081	44193323	"gene28091"
8	1072	37176961	243	37163207	37190715	"gene28045"
