12	2119	2619956	3	2616611	2623301	"Aco000336.1"
16	2851	9474008	3	9471395	9476621	"Aco006043.1"
11	2852	11394843.5	3	11393585	11396102	"Aco005575.1"
3	1041	15013721.5	3	15009048	15018395	"Aco012832.1"
21	497	10285241.5	5	10284266	10286217	"Aco007816.1"
1	1648	15079339	5	15072685	15085993	"Aco024555.1"
21	1741	10262533.5	5	10262013	10263054	"Aco007819.1"
3	1082	13279473	5	13279192	13279754	"Aco011883.1"
8	303	10768801	5	10768494	10769108	"Aco016654.1"
3	303	13217159.5	5	13216614	13217705	"Aco011879.1"
17	303	573188	5	572650	573726	"Aco016748.1"
8	1084	10753885	5	10748212	10759558	"Aco016652.1"
14	1084	1033658.5	5	1031095	1036222	"Aco006605.1"
3	1084	13198894.5	5	13198537	13199252	"Aco011878.1"
3	1084	13195544.5	5	13191903	13199186	"Aco011877.1"
10	2092	5289265.5	5	5282845	5295686	"Aco023200.1"
8	2092	10735974.5	5	10731630	10740319	"Aco016650.1"
3	1083	13273122	5	13270792	13275452	"Aco011881.1"
3	2728	13284835.5	5	13284500	13285171	"Aco011884.1"
8	2728	10792507	5	10791580	10793434	"Aco016656.1"
8	1223	11345977.5	6	11343433	11348522	"Aco011810.1"
3	1223	14013847	6	14010662	14017032	"Aco011973.1"
7	1246	11726598	6	11723192	11730004	"Aco018351.1"
8	1246	11332582	6	11329778	11335386	"Aco011813.1"
7	150	14034082.5	7	14032166	14035999	"Aco014473.1"
12	975	4705561	7	4705104	4706018	"Aco000100.1"
1	975	2462618	7	2462104	2463132	"Aco012382.1"
7	964	447498.5	7	445635	449362	"Aco004874.1"
7	2243	1848134	8	1846147	1850121	"Aco005075.1"
9	2243	1639062	8	1637171	1640953	"Aco008696.1"
14	2243	666427	8	664946	667908	"Aco014823.1"
12	2243	12215808	8	12213347	12218269	"Aco007442.1"
3	2243	965317	8	963218	967416	"Aco013957.1"
19	3329	10212901.5	8	10211292	10214511	"Aco008416.1"
6	3329	10416367.5	8	10406605	10426130	"Aco002664.1"
3	1563	2394187.5	9	2388771	2399604	"Aco010433.1"
25	1928	2601102.5	10	2598199	2604006	"Aco010246.1"
3	3204	14292997	10	14292207	14293787	"Aco012006.1"
3	2254	3234626.5	10	3230461	3238792	"Aco028200.1"
8	1872	3129998.5	10	3124260	3135737	"Aco022953.1"
18	902	9544657.5	15	9543745	9545570	"Aco001577.1"
10	3574	2664299	15	2663795	2664803	"Aco010679.1"
1	1931	1708929.5	18	1706987	1710872	"Aco009506.1"
21	5366	43768.5	20	42433	45104	"Aco017766.1"
17	5366	11070421	20	11068676	11072166	"Aco016159.1"
15	5716	4821154.5	20	4819141	4823168	"Aco003736.1"
21	636	41431	20	40824	42038	"Aco017765.1"
21	636	31766	20	31000	32532	"Aco017764.1"
21	636	152781.5	20	150879	154684	"Aco017783.1"
17	636	11119870.5	20	11118312	11121429	"Aco016156.1"
21	997	992170	20	989434	994906	"Aco016068.1"
17	997	4437960.5	20	4435705	4440216	"Aco003635.1"
3	3228	14272197	21	14271405	14272989	"Aco012002.1"
8	2264	11542481	21	11540815	11544147	"Aco011780.1"
4	266	117786	22	115869	119703	"Aco022108.1"
22	641	8784109.5	23	8782368	8785851	"Aco009256.1"
558	5112	8136	24	7844	8428	"Aco021933.1"
7	5112	2496100.5	24	2495840	2496361	"Aco005144.1"
1	5112	44423	24	44128	44718	"Aco009733.1"
7	1673	2490509	24	2489356	2491662	"Aco005143.1"
4	1673	3414225.5	24	3412547	3415904	"Aco002200.1"
7	1869	2482376.5	24	2480934	2483819	"Aco005142.1"
9	1869	2122369	24	2120859	2123879	"Aco008753.1"
6	613	13764367	26	13764174	13764560	"Aco003090.1"
17	613	4005275.5	26	4005039	4005512	"Aco003587.1"
14	3644	11202690	26	11192390	11212990	"Aco017079.1"
5	2392	3760213.5	26	3758206	3762221	"Aco004527.1"
21	3758	3924316.5	26	3923328	3925305	"Aco022038.1"
13	2323	10218283	27	10217214	10219352	"Aco019209.1"
12	2960	2818690	27	2818416	2818964	"Aco000308.1"
11	2960	8803789.5	27	8803355	8804224	"Aco018067.1"
23	2390	4915473	27	4910888	4920058	"Aco021523.1"
14	2390	3014865	27	3010954	3018776	"Aco006348.1"
23	2390	4960037.5	27	4952817	4967258	"Aco021519.1"
4	1567	1310265.5	27	1309864	1310667	"Aco002477.1"
18	1567	7467941.5	27	7466126	7469757	"Aco001845.1"
5	725	1481354	28	1479983	1482725	"Aco015183.1"
3	725	15209360.5	28	15208066	15210655	"Aco012855.1"
8	1053	12329620	28	12325612	12333628	"Aco011670.1"
8	1036	12313751	28	12312286	12315216	"Aco011674.1"
8	1036	12373476	28	12371774	12375178	"Aco011666.1"
3	1036	15197233.5	28	15192543	15201924	"Aco012853.1"
11	752	12595793.5	29	12594905	12596682	"Aco005747.1"
10	752	1283335	29	1282557	1284113	"Aco009904.1"
8	490	2871092	32	2868977	2873207	"Aco014646.1"
3	2249	3492122	32	3450338	3533906	"Aco021562.1"
19	2146	8915534.5	34	8914092	8916977	"Aco008257.1"
19	3454	8936565	34	8936138	8936992	"Aco008259.1"
2	1301	15955000.5	35	15952523	15957478	"Aco000880.1"
7	1301	121727.5	35	119196	124259	"Aco004824.1"
14	1301	10616800	35	10614484	10619116	"Aco021190.1"
7	2709	149554	35	145527	153581	"Aco004827.1"
1	2709	2043293.5	35	2041320	2045267	"Aco012437.1"
1	3637	2028301	35	2027167	2029435	"Aco012439.1"
7	3637	114394.5	35	110783	118006	"Aco004823.1"
15	1350	4509015	35	4508005	4510025	"Aco003763.1"
7	5631	106252	35	104655	107849	"Aco004822.1"
12	6263	4940308	35	4938856	4941760	"Aco000071.1"
11	1066	10858020.5	38	10856393	10859648	"Aco005510.1"
16	1066	8978063	38	8976021	8980105	"Aco006092.1"
23	1066	3037146	38	3036440	3037852	"Aco007278.1"
10	1490	12386605.5	40	12384323	12388888	"Aco016396.1"
11	1506	9561970.5	40	9559792	9564149	"Aco005368.1"
13	5713	11688758	40	11686621	11690895	"Aco013623.1"
18	5474	9466240	41	9465992	9466488	"Aco001589.1"
15	1169	1015776	43	1010127	1021425	"Aco004151.1"
13	3473	2775728	43	2773154	2778302	"Aco012614.1"
18	3473	8691461.5	43	8690983	8691940	"Aco001690.1"
18	3473	8692325	43	8691974	8692676	"Aco001689.1"
15	1131	970057.5	43	968981	971134	"Aco004161.1"
1	1131	864889.5	43	859404	870375	"Aco009621.1"
3	1078	12772690	44	12771067	12774313	"Aco015510.1"
3	1078	15977338.5	44	15973395	15981282	"Aco012948.1"
3	1362	16014028	44	16009270	16018786	"Aco012952.1"
10	2340	11827752.5	45	11827093	11828412	"Aco016434.1"
5	2340	14134304	45	14133542	14135066	"Aco012714.1"
5	1164	13695262	45	13693250	13697274	"Aco012684.1"
11	1164	10047428.5	45	10045035	10049822	"Aco005418.1"
8	1382	9844365.5	47	9842850	9845881	"Aco013913.1"
22	1382	5927157	47	5926390	5927924	"Aco023112.1"
12	1105	2499327	47	2497526	2501128	"Aco000351.1"
1	332	21745561	47	21742824	21748298	"Aco006804.1"
23	1926	1922632.5	47	1920512	1924753	"Aco007135.1"
13	1696	2275112.5	47	2273356	2276869	"Aco012568.1"
4	1334	6054101.5	49	6052982	6055221	"Aco023468.1"
14	1334	226166	49	225129	227203	"Aco014894.1"
7	1334	14244035	49	14243040	14245030	"Aco014442.1"
12	154	12493396.5	49	12493202	12493591	"Aco007406.1"
9	154	13499290	49	13497485	13501095	"Aco009129.1"
19	154	10654791	49	10654613	10654969	"Aco008477.1"
7	154	14320132.5	49	14319986	14320279	"Aco014434.1"
19	154	10706280.5	49	10704647	10707914	"Aco008484.1"
19	5589	9020451	50	9019190	9021712	"Aco008266.1"
6	1237	14655208.5	54	14652154	14658263	"Aco018554.1"
1	1237	3112110.5	54	3110179	3114042	"Aco012316.1"
6	1483	731323	55	729352	733294	"Aco011548.1"
23	1826	3359336	55	3357631	3361041	"Aco007317.1"
14	771	2194437	55	2190876	2197998	"Aco006453.1"
2	719	2789325.5	55	2785303	2793348	"Aco016897.1"
7	464	2848232.5	56	2846589	2849876	"Aco005199.1"
15	464	333522	56	330846	336198	"Aco004259.1"
21	464	129728.5	56	128383	131074	"Aco017780.1"
1	464	251404.5	56	249272	253537	"Aco009697.1"
9	960	2678187.5	56	2676010	2680365	"Aco008813.1"
7	960	2952224	56	2949364	2955084	"Aco005210.1"
7	960	2944941.5	56	2943430	2946453	"Aco005209.1"
15	467	381389	56	378391	384387	"Aco004252.1"
4	505	14624294	56	14623728	14624860	"Aco010988.1"
13	505	997261.5	56	996558	997965	"Aco014229.1"
18	505	10166593	56	10166139	10167047	"Aco001494.1"
18	1733	9276732.5	58	9274690	9278775	"Aco001616.1"
4	858	13565470	58	13564091	13566849	"Aco011122.1"
12	858	970326.5	58	968846	971807	"Aco000567.1"
18	2232	9179383.5	58	9177367	9181400	"Aco001626.1"
14	2232	4402818	58	4395672	4409964	"Aco018678.1"
20	5230	10753412	59	10752762	10754062	"Aco015360.1"
6	5230	14473483.5	59	14473295	14473672	"Aco018533.1"
19	5230	233277.5	59	233062	233493	"Aco015698.1"
19	1280	341787	59	338116	345458	"Aco015690.1"
2	1280	17107636.5	59	17104165	17111108	"Aco000733.1"
2	1222	17161548.5	59	17161327	17161770	"Aco000727.1"
12	320	2551815	61	2549720	2553910	"Aco000345.1"
4	194	15409032.5	63	15406846	15411219	"Aco016854.1"
13	1887	408380	63	408190	408570	"Aco014146.1"
6	870	10546429.5	63	10543150	10549709	"Aco002674.1"
12	870	1491077.5	63	1490010	1492145	"Aco000493.1"
23	1749	407049	63	404947	409151	"Aco015420.1"
3	1363	14427881	63	14426271	14429491	"Aco012025.1"
17	228	3233576	65	3231547	3235605	"Aco003490.1"
20	1739	10609201	65	10608306	10610096	"Aco015335.1"
14	1709	11548308	65	11544884	11551732	"Aco017116.1"
20	2527	983789.5	66	983352	984227	"Aco013525.1"
17	612	3978506	66	3975788	3981224	"Aco003583.1"
2	801	16126413.5	66	16124561	16128266	"Aco000860.1"
17	892	684608	70	683616	685600	"Aco016762.1"
14	3408	86119.5	73	84804	87435	"Aco009449.1"
945	2452	38304.5	74	37806	38803	"Aco025709.1"
24	2452	237702	74	236428	238976	"Aco013175.1"
8	1389	13676665.5	74	13673099	13680232	"Aco017023.1"
3	1364	16488967	74	16487149	16490785	"Aco017262.1"
8	5636	13684551.5	74	13683390	13685713	"Aco017025.1"
22	1397	348452	74	346411	350493	"Aco016002.1"
2	1310	16346377.5	76	16344890	16347865	"Aco000835.1"
2	1309	16315820	76	16314517	16317123	"Aco000841.1"
19	5124	1371615.5	76	1369149	1374082	"Aco023127.1"
2	5124	16302411	76	16301585	16303237	"Aco000843.1"
6	5124	13922201	76	13921340	13923062	"Aco003116.1"
2	5522	16439510.5	76	16437950	16441071	"Aco000824.1"
19	4293	1210134.5	76	1209934	1210335	"Aco015614.1"
19	4293	1209458.5	76	1209021	1209896	"Aco015615.1"
2	1312	16424380.5	76	16422359	16426402	"Aco000826.1"
19	1312	1228272	76	1228022	1228522	"Aco015612.1"
5	4335	14011087.5	79	14008650	14013525	"Aco012703.1"
18	459	3437429.5	80	3421242	3453617	"Aco021346.1"
19	1419	260414.5	81	236953	283876	"Aco015696.1"
2	1419	17255384	81	17253473	17257295	"Aco000717.1"
2	2846	17158707	81	17157017	17160397	"Aco000728.1"
20	1282	10701150.5	81	10699210	10703091	"Aco015349.1"
17	1183	3584575.5	84	3583769	3585382	"Aco003536.1"
4	1183	1513868.5	84	1513713	1514024	"Aco002447.1"
14	1183	3137534	84	3137374	3137694	"Aco006333.1"
21	1842	4189562	87	4186817	4192307	"Aco024698.1"
23	1842	1975822.5	87	1972533	1979112	"Aco007145.1"
4	1842	13140304	87	13137085	13143523	"Aco011167.1"
4	1661	13153806.5	87	13145231	13162382	"Aco011166.1"
13	2298	2325327	87	2323755	2326899	"Aco012573.1"
21	2298	4197363	87	4196560	4198166	"Aco024700.1"
23	2298	1967516.5	87	1966659	1968374	"Aco007143.1"
632	2298	47562	87	45996	49128	"Aco029587.1"
4	851	13174007.5	87	13172522	13175493	"Aco011164.1"
21	1919	10567791.5	88	10567480	10568103	"Aco007766.1"
11	144	8098226.5	89	8098056	8098397	"Aco018110.1"
16	144	7124239	89	7122396	7126082	"Aco021655.1"
20	2606	9313851	93	9313080	9314622	"Aco014763.1"
17	893	730151.5	97	729378	730925	"Aco016768.1"
1	1463	12376489	101	12375040	12377938	"Aco011326.1"
20	1463	1685916	101	1683467	1688365	"Aco013593.1"
5	183	7252559	102	7250035	7255083	"Aco017701.1"
1	183	13531951	102	13529004	13534898	"Aco011198.1"
9	183	12425141.5	102	12423435	12426848	"Aco008955.1"
3	183	1023052.5	102	1021872	1024233	"Aco013950.1"
12	2313	64910	103	62630	67190	"Aco000704.1"
13	1795	11558884.5	103	11557631	11560138	"Aco013640.1"
18	1795	362137.5	103	361077	363198	"Aco017201.1"
13	1795	11562263.5	103	11561516	11563011	"Aco013639.1"
15	1515	2509174.5	111	2504431	2513918	"Aco003953.1"
12	1515	4383821	111	4377635	4390007	"Aco000132.1"
15	1517	2411793	111	2409863	2413723	"Aco003966.1"
3	4242	16756022	111	16749914	16762130	"Aco017230.1"
2	503	17015131.5	112	17012590	17017673	"Aco000748.1"
19	176	439950.5	112	437957	441944	"Aco015681.1"
499	176	106498.5	112	102352	110645	"Aco022645.1"
14	176	11577945.5	112	11575754	11580137	"Aco017123.1"
499	176	90159	112	88159	92159	"Aco022643.1"
19	176	423569.5	112	419423	427716	"Aco015683.1"
19	504	457758	112	455897	459619	"Aco015679.1"
15	594	10240816	113	10236997	10244635	"Aco013419.1"
22	1743	10310999.5	117	10309468	10312531	"Aco006992.1"
25	1743	3631874.5	117	3630089	3633660	"Aco010085.1"
22	185	10275414.5	117	10275253	10275576	"Aco006988.1"
22	185	10281022.5	117	10276726	10285319	"Aco006989.1"
9	211	12446803	117	12443427	12450179	"Aco008957.1"
5	847	13248476.5	117	13248234	13248719	"Aco012658.1"
10	847	11150314	117	11150136	11150492	"Aco021247.1"
3	847	1005544	117	997448	1013640	"Aco013951.1"
8	3959	13934078	118	13933015	13935141	"Aco017053.1"
14	1346	323400	122	318738	328062	"Aco014878.1"
9	5452	13326985.5	122	13324933	13329038	"Aco009101.1"
3	1035	15248178.5	129	15247375	15248982	"Aco012859.1"
1	535	22766735	130	22764635	22768835	"Aco006679.1"
19	3288	10789454.5	131	10788114	10790795	"Aco008499.1"
15	254	578485.5	131	577084	579887	"Aco004224.1"
12	254	3685852.5	131	3684599	3687106	"Aco000210.1"
1	3784	12656780	133	12656548	12657012	"Aco011295.1"
21	2655	10081977	133	10076227	10087727	"Aco007842.1"
5	2655	7788445.5	133	7778283	7798608	"Aco019770.1"
24	2732	1328762.5	133	1326146	1331379	"Aco013282.1"
22	2732	1960041.5	133	1958298	1961785	"Aco017545.1"
14	743	2336208	136	2335063	2337353	"Aco006436.1"
6	743	926624.5	136	924551	928698	"Aco011528.1"
20	743	8324335.5	136	8322230	8326441	"Aco019702.1"
2	743	3632098.5	136	3630275	3633922	"Aco025855.1"
2	716	4031956.5	136	4030249	4033664	"Aco022402.1"
12	716	11364847.5	136	11363449	11366246	"Aco018176.1"
20	1537	8281277.5	136	8278963	8283592	"Aco019696.1"
2	1537	1550610	136	1542911	1558309	"Aco012081.1"
19	1537	8631810.5	136	8631089	8632532	"Aco008223.1"
20	4269	8304803.5	136	8303346	8306261	"Aco019699.1"
20	1538	8318906.5	136	8318772	8319041	"Aco019701.1"
19	2870	8637603.5	136	8636242	8638965	"Aco008224.1"
14	3943	396792	139	393691	399893	"Aco014862.1"
19	675	10565875	139	10557058	10574692	"Aco008460.1"
12	675	12346481	139	12343510	12349452	"Aco007423.1"
9	675	13116192.5	139	13113354	13119031	"Aco009064.1"
14	667	355802	139	355347	356257	"Aco014870.1"
12	667	12386900	139	12385532	12388268	"Aco007420.1"
9	667	13146362.5	139	13143136	13149589	"Aco009070.1"
9	667	13779570.5	139	13776394	13782747	"Aco020543.1"
7	667	13793544	139	13793063	13794025	"Aco014500.1"
9	812	13789972.5	139	13788714	13791231	"Aco020546.1"
9	812	13156708	139	13155450	13157966	"Aco009072.1"
7	665	13875664	139	13874620	13876708	"Aco014487.1"
1	4236	12766585	142	12765251	12767919	"Aco011284.1"
21	4811	9219270	142	9216049	9222491	"Aco007963.1"
20	6270	1793260.5	142	1787922	1798599	"Aco013603.1"
5	1474	6247850	142	6244014	6251686	"Aco019349.1"
1	1474	12736206	142	12734306	12738106	"Aco011287.1"
5	5753	6025997.5	142	6023153	6028842	"Aco004809.1"
7	572	3727881	143	3727502	3728260	"Aco005287.1"
18	905	9161297	145	9157113	9165481	"Aco001630.1"
2	5521	16455245.5	149	16454460	16456031	"Aco000822.1"
14	6013	11358526	149	11353988	11363064	"Aco017093.1"
20	5792	10489419.5	149	10488273	10490566	"Aco015316.1"
19	5792	1181361.5	149	1177198	1185525	"Aco015617.1"
10	232	10443403	151	10440863	10445943	"Aco020024.1"
499	2022	25477.5	151	24826	26129	"Aco022633.1"
25	2022	3537634	151	3536659	3538609	"Aco010102.1"
16	992	3081193.5	151	3078821	3083566	"Aco022223.1"
4	853	13232244	153	13230584	13233904	"Aco011159.1"
13	1695	2237558.5	153	2227495	2247622	"Aco012566.1"
23	1695	1877260	153	1876296	1878224	"Aco007127.1"
12	1927	875261	153	874343	876179	"Aco000577.1"
1	1927	21904542	153	21902438	21906646	"Aco006790.1"
23	1927	1917299.5	153	1915260	1919339	"Aco007134.1"
12	1927	2491256.5	153	2485981	2496532	"Aco000352.1"
18	852	8993544.5	160	8991488	8995601	"Aco001655.1"
4	852	13178325	160	13176651	13179999	"Aco011163.1"
6	548	12583503	162	12581455	12585551	"Aco002922.1"
2	548	15202818	162	15202173	15203463	"Aco000982.1"
6	548	12589800	162	12588979	12590621	"Aco002923.1"
4	859	13464423.5	163	13463576	13465271	"Aco011134.1"
13	875	1922855	163	1922473	1923237	"Aco012537.1"
18	1659	9167731.5	163	9167438	9168025	"Aco001629.1"
4	1659	13448788	163	13448341	13449235	"Aco011135.1"
1	160	24050979	163	24049368	24052590	"Aco022862.1"
13	160	1972683.5	163	1968735	1976632	"Aco012540.1"
18	160	9153804	163	9151659	9155949	"Aco001631.1"
6	5439	11753934.5	166	11752465	11755404	"Aco002810.1"
6	5629	11729969.5	166	11727879	11732060	"Aco002805.1"
3	2648	416998.5	167	415343	418654	"Aco014029.1"
15	2035	946745	167	945809	947681	"Aco004165.1"
2	2035	16545736.5	167	16543488	16547985	"Aco000807.1"
18	2035	8851941	167	8851591	8852291	"Aco001672.1"
13	877	1212937	169	1211282	1214592	"Aco012451.1"
23	3179	1173675	169	1170709	1176641	"Aco007031.1"
19	5656	1265302.5	171	1261784	1268821	"Aco015608.1"
19	5657	1410266.5	171	1407473	1413060	"Aco023130.1"
20	1308	10464661.5	171	10462959	10466364	"Aco015312.1"
2	1308	16310932.5	171	16309028	16312837	"Aco000842.1"
2	6258	16332438.5	171	16330928	16333949	"Aco000837.1"
5	5927	4026696	174	4026317	4027075	"Aco004560.1"
5	4869	3976204.5	174	3972929	3979480	"Aco004557.1"
20	4869	725921.5	174	723328	728515	"Aco013494.1"
12	6170	10949297	175	10943357	10955237	"Aco018138.1"
14	1951	2367451.5	176	2365751	2369152	"Aco006430.1"
2	1951	448122.5	176	447321	448924	"Aco012195.1"
19	1951	7777861.5	176	7773276	7782447	"Aco008158.1"
4	1951	1906554.5	176	1905766	1907343	"Aco002391.1"
22	506	9565102	176	9562008	9568196	"Aco006890.1"
25	506	2871245	176	2868481	2874009	"Aco010206.1"
4	3714	11044639	176	11044110	11045168	"Aco014962.1"
6	1958	11834434.5	178	11833859	11835010	"Aco002820.1"
6	1958	11805798.5	178	11805069	11806528	"Aco002817.1"
2	4206	13470087	178	13467218	13472956	"Aco001195.1"
4	1658	15513981.5	179	15511540	15516423	"Aco016873.1"
22	1658	9432410.5	179	9430347	9434474	"Aco006871.1"
8	1658	3342116	179	3335217	3349015	"Aco022182.1"
18	901	10830375.5	179	10828030	10832721	"Aco001394.1"
13	3108	9741625	183	9738281	9744969	"Aco020252.1"
23	2912	6366033	183	6352855	6379211	"Aco025772.1"
18	1634	7041204.5	183	7039450	7042959	"Aco001895.1"
13	1794	9848737	183	9833451	9864023	"Aco020259.1"
5	45	13684053	186	13677300	13690806	"Aco012683.1"
10	45	11493290	186	11489290	11497290	"Aco021829.1"
16	45	5113591.5	186	5108977	5118206	"Aco020811.1"
14	2090	533701.5	189	532449	534954	"Aco014842.1"
4	2665	4690108.5	189	4689537	4690680	"Aco002097.1"
9	2663	12788347.5	189	12784178	12792517	"Aco009011.1"
4	2663	4669104.5	189	4665453	4672756	"Aco002099.1"
9	142	12779665	189	12778218	12781112	"Aco009010.1"
9	142	12980283.5	189	12977354	12983213	"Aco009036.1"
15	3352	5421422	190	5414846	5427998	"Aco020727.1"
1	6106	3906547	190	3906384	3906710	"Aco018454.1"
9	186	7651492.5	190	7647448	7655537	"Aco028167.1"
24	2740	3781832	191	3780900	3782764	"Aco020952.1"
8	2740	8441654.5	191	8440146	8443163	"Aco013826.1"
17	2740	6605028	191	6602257	6607799	"Aco021396.1"
20	6071	767709.5	191	767367	768052	"Aco013499.1"
1	4304	23634892	191	23634556	23635228	"Aco017343.1"
17	4304	7292078	191	7291185	7292971	"Aco022821.1"
17	4304	7562861	191	7557896	7567826	"Aco026652.1"
21	4734	2093837	191	2087902	2099772	"Aco028553.1"
17	4734	6720386	191	6720235	6720537	"Aco021404.1"
15	1264	4286071	192	4280249	4291893	"Aco003779.1"
6	5437	14679421	192	14673781	14685061	"Aco018555.1"
1	398	1127950	192	1125647	1130253	"Aco009582.1"
15	398	1333519.5	192	1332184	1334855	"Aco004109.1"
6	398	14689188	192	14687865	14690511	"Aco018556.1"
1	3472	39975	193	38611	41339	"Aco009734.1"
558	3472	4416.5	193	3050	5783	"Aco021932.1"
3	2753	16722763	195	16718981	16726545	"Aco017233.1"
22	2753	98770	195	97186	100354	"Aco016028.1"
7	153	14203744.5	199	14202442	14205047	"Aco014443.1"
14	1333	221357	199	219751	222963	"Aco014895.1"
4	1333	6082447.5	199	6080223	6084672	"Aco023470.1"
7	1333	14250295.5	199	14249139	14251452	"Aco014441.1"
4	1574	9585.5	203	8505	10666	"Aco022091.1"
14	3509	2219661.5	204	2217837	2221486	"Aco006449.1"
6	3509	1111352	204	1106270	1116434	"Aco011512.1"
19	3509	8118492	204	8116126	8120858	"Aco008184.1"
19	427	7569641.5	204	7564927	7574356	"Aco017983.1"
23	427	2737691	204	2734251	2741131	"Aco007253.1"
15	1621	728884	205	726399	731369	"Aco004202.1"
1	1621	645397.5	205	643558	647237	"Aco009654.1"
22	1621	429422.5	205	428616	430229	"Aco015992.1"
2	543	14827055.5	207	14824057	14830054	"Aco001022.1"
3	5539	16054635.5	207	16054174	16055097	"Aco012958.1"
8	1378	13360938	207	13358353	13363523	"Aco016979.1"
20	1378	10009200	207	10005631	10012769	"Aco014652.1"
6	5434	12811351	207	12808095	12814607	"Aco002954.1"
12	2191	2845691	208	2843225	2848157	"Aco000303.1"
5	2191	3498166.5	208	3495659	3500674	"Aco004480.1"
11	71	9066009.5	208	9064613	9067406	"Aco005319.1"
12	71	2828308.5	208	2826983	2829634	"Aco000306.1"
16	311	9134029	212	9132331	9135727	"Aco006076.1"
11	311	11021614	212	11018579	11024649	"Aco005531.1"
14	3206	4297445	212	4295138	4299752	"Aco018672.1"
13	876	2112779.5	212	2109930	2115629	"Aco012553.1"
4	792	11899989.5	213	11898215	11901764	"Aco015025.1"
2	792	592459.5	213	592254	592665	"Aco012180.1"
19	792	9087029	213	9086827	9087231	"Aco008275.1"
6	1149	12275967	214	12274409	12277525	"Aco002879.1"
6	2495	12290405	214	12289053	12291757	"Aco002880.1"
15	1946	2108693.5	216	2104820	2112567	"Aco004002.1"
20	3817	1049916	217	1046855	1052977	"Aco013530.1"
1	3817	23589815	217	23588588	23591042	"Aco017335.1"
2	1311	16388283.5	217	16385628	16390939	"Aco000832.1"
14	1311	11378136.5	217	11375363	11380910	"Aco017096.1"
20	1311	10483651	217	10480910	10486392	"Aco015315.1"
4	1767	892277	221	890659	893895	"Aco002531.1"
13	1791	10920047.5	221	10918892	10921203	"Aco013718.1"
16	373	8046583.5	230	8044035	8049132	"Aco006198.1"
18	4398	274941.5	230	273686	276197	"Aco017212.1"
10	1254	12452269	230	12450221	12454317	"Aco016389.1"
19	940	8772847	236	8771116	8774578	"Aco008242.1"
6	940	228808	236	227550	230066	"Aco011603.1"
2	940	15282728.5	236	15281414	15284043	"Aco000968.1"
2	940	1204582.5	236	1203164	1206001	"Aco012110.1"
2	4	15474160.5	238	15473069	15475252	"Aco000938.1"
14	4	9599928.5	238	9596670	9603187	"Aco024006.1"
9	4	4526042.5	238	4524912	4527173	"Aco023085.1"
6	5	13382573	238	13380368	13384778	"Aco003031.1"
19	5	9656729	238	9655613	9657845	"Aco008339.1"
18	168	10725102.5	244	10723886	10726319	"Aco001416.1"
4	168	15348199	244	15346117	15350281	"Aco016844.1"
13	168	490630.5	244	489737	491524	"Aco014158.1"
23	168	476301.5	244	474602	478001	"Aco015428.1"
12	168	1456396	244	1453564	1459228	"Aco000498.1"
13	168	533866	244	532137	535595	"Aco014162.1"
25	4830	2020223	245	2019240	2021206	"Aco010331.1"
3	4854	662566	245	661503	663629	"Aco013995.1"
24	1117	324413	247	320640	328186	"Aco013186.1"
2	550	14184677	249	14182657	14186697	"Aco001108.1"
4	969	3738564	249	3736252	3740876	"Aco002172.1"
23	969	2141375	249	2139384	2143366	"Aco007165.1"
9	969	2499984	249	2498236	2501732	"Aco008794.1"
