0 5722 303
1 3513 203
2 3566 304
3 3606 202
6 9747 203
7 8 304
9 3557 202
10 3591 202
11 3515 202
14 16516 203
15 15015 204
16 3352 303
17 5432 203
18 3572 204
19 14375 206
22 5420 203
23 3381 204
29 3325 202
32 16081 203
33 3562 202
37 3560 203
38 9728 306
39 9965 306
40 3670 202
41 15213 202
42 12784 203
43 9313 304
44 820 309
45 16833 204
48 6146 202
49 5980 304
54 6108 202
55 10653 202
60 6695 202
61 11061 303
68 9174 304
69 9139 303
70 487 307
71 9176 304
72 8648 304
73 887 304
74 3419 304
75 695 305
76 5979 305
77 3456 303
78 2992 202
79 80 306
81 641 202
82 5962 305
83 4258 304
84 11934 203
85 4252 303
86 477 202
87 518 304
88 5717 304
89 519 307
90 13026 304
91 17128 202
92 3552 304
93 3556 204
94 148 202
95 5758 303
96 9777 305
97 5729 305
98 5730 203
99 5728 310
100 2860 309
101 9867 304
102 1841 202
103 104 205
105 12133 203
106 12154 203
107 5736 203
108 11775 203
109 11859 202
110 16517 202
111 10834 303
112 114 304
113 5424 202
115 5427 202
116 7365 205
117 4399 306
119 9645 203
120 492 305
121 3359 304
124 10614 203
125 5439 202
126 11791 204
127 3387 306
128 12149 204
129 11844 204
130 16188 205
131 10681 309
132 3309 202
133 3603 202
134 14463 202
135 1806 203
136 1807 205
137 511 306
138 16933 203
139 9686 306
141 3314 205
142 3548 304
143 5732 202
144 5733 202
145 5731 202
149 151 202
150 3544 303
152 5723 202
153 5721 306
154 13194 305
155 10684 303
156 5407 202
157 5402 303
158 14860 203
159 5455 303
160 7923 304
161 7924 203
162 12642 203
163 1297 311
164 5542 303
165 9370 306
166 3243 202
167 3492 203
168 3675 305
169 3671 202
170 9057 202
171 6130 202
172 3879 202
173 5914 305
174 2949 303
175 13211 202
176 6245 304
177 9105 202
178 9114 303
179 12213 204
180 13855 304
181 4020 306
184 4191 202
185 6198 202
186 3954 303
187 16783 202
188 3952 304
189 6161 202
192 13459 202
193 6685 303
196 6454 303
197 3777 202
198 3501 202
199 7442 305
200 9042 304
201 3691 305
203 9348 202
204 7427 204
205 3704 304
206 9045 310
207 3706 308
208 15525 202
209 6395 204
210 12437 202
211 12508 202
212 9291 304
213 9352 303
214 3785 304
215 16866 203
216 11821 202
217 12298 202
218 12357 203
219 12239 202
220 9190 304
221 10388 303
222 3620 203
223 9124 202
226 7314 304
227 9198 304
228 13344 204
229 2045 304
230 7316 305
231 6510 304
232 6520 203
233 7251 306
234 4900 203
235 6439 203
236 6346 304
237 15541 202
238 13187 204
239 12254 204
240 883 303
241 9309 304
242 7389 202
243 12402 202
244 13494 202
245 4543 202
246 3579 203
247 13041 202
248 2363 303
249 11759 203
250 2040 202
251 1293 307
252 7313 304
253 254 305
255 3469 202
257 12477 203
258 349 308
259 9041 307
262 9664 303
263 9644 202
264 9639 203
265 10937 204
266 5476 203
267 7757 202
268 8080 303
269 16432 202
270 7893 202
271 15498 202
272 7834 303
273 7833 305
274 7602 304
275 8054 307
276 8056 202
277 8052 306
278 8088 305
279 9521 303
282 8098 304
283 9381 304
284 1447 204
285 8094 303
286 15705 203
287 8090 304
288 12419 202
289 12494 203
290 7321 202
291 7319 203
292 14633 202
293 2608 305
294 17281 202
295 3629 202
296 14168 202
297 2023 304
298 3639 202
299 9214 202
300 486 304
301 4205 304
302 3420 202
303 3425 304
304 547 304
305 13489 203
306 546 307
307 3701 304
308 3700 202
309 8421 202
310 8436 303
311 3733 304
314 17089 203
315 3734 305
318 1243 311
319 16951 203
320 3478 203
321 9191 303
322 9123 303
323 9194 202
324 12081 202
325 15846 202
326 9200 304
327 2125 306
328 9075 202
329 9208 202
330 6296 303
331 7411 303
334 16573 204
335 9172 305
336 9093 303
337 4264 203
338 3434 303
339 9098 203
340 3968 304
341 3436 303
342 3534 303
343 5969 306
344 10734 303
345 6251 307
346 2117 307
347 358 305
348 9043 306
350 4895 203
351 6455 304
352 14962 203
353 3500 303
354 14211 202
355 357 309
356 3184 307
359 3707 303
360 9231 304
361 9228 303
366 13713 202
367 3750 202
368 13702 204
369 3751 202
370 11815 211
371 13617 304
372 9334 304
373 3757 306
374 13172 202
375 3756 305
376 11814 204
377 16812 202
378 3766 303
379 13173 202
380 16444 202
381 13704 202
382 3765 203
383 11824 203
386 389 205
387 2190 307
388 390 305
391 3739 303
392 2613 202
396 15135 203
397 9117 307
398 3406 304
399 9319 303
400 3694 203
401 8410 203
402 3729 202
403 9337 202
404 8029 204
405 9566 202
406 2482 202
407 1610 202
414 10958 304
415 9665 304
416 3327 305
417 9677 306
418 3587 202
419 10783 202
420 9731 204
421 9959 202
422 9976 303
423 5808 306
424 9739 305
425 10018 303
426 9843 303
427 3261 303
428 9652 202
429 15768 202
430 2288 303
431 11677 303
432 11018 304
433 11719 202
434 3273 303
435 9768 202
436 3275 305
437 9769 202
438 3277 202
439 9789 202
440 9647 303
441 3279 306
442 9857 303
443 16752 202
448 3378 203
449 10794 303
450 3377 202
451 14260 202
452 507 307
453 16214 202
454 3605 304
455 3379 202
456 3577 307
457 5372 305
458 3602 202
459 15038 203
460 9907 307
461 9689 311
462 3311 202
463 3392 304
464 13791 203
465 14245 202
466 16590 202
467 13012 202
468 491 309
469 9760 304
470 3520 309
471 13010 202
472 588 202
476 3563 303
478 520 309
479 5714 203
480 1810 203
481 9765 202
482 10220 303
483 5129 203
484 12071 305
485 5126 304
488 587 206
489 10768 303
490 5759 202
493 10988 303
494 10853 305
495 16524 202
496 16189 202
497 10857 303
500 10888 304
501 16166 202
502 13018 203
503 10793 304
504 12252 204
505 10892 202
506 10799 304
508 3574 204
510 13203 202
512 10978 305
513 16746 204
514 13922 203
521 2874 204
522 10763 303
523 5440 205
524 11720 203
525 3064 307
528 6671 202
529 13821 202
530 11361 303
531 3638 202
548 3542 202
549 3553 203
550 3517 202
551 552 304
553 3590 202
554 9898 305
555 10752 203
556 558 203
557 3567 204
559 14249 202
560 14016 202
561 10576 203
562 1811 203
563 13034 205
565 567 204
566 15810 203
568 15785 202
570 3466 307
571 15806 209
573 575 203
574 579 203
576 9118 202
577 15783 203
580 582 305
581 16246 202
590 4199 303
591 11598 304
592 4201 202
593 13333 202
596 1887 306
597 6147 202
598 3979 202
599 4642 203
600 6152 303
601 3948 202
602 1877 203
604 7067 306
605 14361 204
610 9170 202
611 14493 202
614 9155 206
615 4241 304
616 15217 202
617 4238 202
618 11931 202
619 11914 202
620 12210 202
621 6223 202
622 11915 203
623 13409 202
625 884 202
626 11874 203
627 12181 204
628 6235 202
629 6227 304
630 6238 304
631 13426 202
632 4257 202
633 3937 204
634 14360 203
635 15802 202
636 4260 304
637 10732 205
638 6242 204
639 1880 203
640 13418 202
642 4217 203
643 645 304
644 646 304
647 17153 203
648 6195 202
649 4224 202
650 6191 303
651 6193 203
654 657 205
655 6098 305
656 900 202
658 13428 203
659 16714 203
660 3818 311
661 3816 312
662 664 307
663 5895 202
665 3851 303
666 3849 304
667 10421 306
668 10661 202
669 3850 202
670 3846 304
671 8805 304
672 1921 303
673 6078 303
674 9000 204
675 865 307
676 12195 203
677 10414 303
678 4118 304
679 16728 202
680 1923 202
681 4120 304
682 11860 202
683 4122 202
684 10702 303
685 4160 202
688 16446 203
689 6257 202
690 12188 204
691 4186 304
692 15841 202
693 4189 202
694 6202 304
696 6204 303
697 4277 202
698 8650 303
699 6007 204
700 11865 202
701 11863 203
702 11892 204
703 809 304
704 11867 202
705 12161 202
706 11895 206
707 10655 206
708 6084 304
709 11870 204
710 4124 203
712 4136 305
713 13689 205
714 6088 309
715 4126 305
716 3904 308
717 10530 202
718 5948 304
719 5944 303
722 725 304
723 15651 203
724 6067 303
726 12702 204
727 12167 203
728 13959 202
729 6076 303
732 13234 202
733 794 305
738 10527 303
739 6020 307
742 9163 203
743 13969 202
744 4174 303
745 10711 202
746 11912 206
747 9065 303
748 13924 305
749 9067 306
751 11913 203
752 12216 203
753 6128 203
758 3946 202
760 13964 204
761 5938 202
762 12715 202
763 6055 303
764 5930 202
765 5932 202
766 914 303
767 5924 304
768 3875 304
769 16707 202
770 3873 305
771 5913 306
772 5910 303
773 15728 202
774 15216 204
775 13854 203
778 5902 203
779 3881 304
780 6085 305
781 10654 306
784 6258 202
785 9142 305
786 17152 203
787 4196 306
788 13228 203
789 16722 202
790 11907 203
791 10637 304
792 2808 306
793 12574 206
795 4150 203
796 847 303
797 8844 204
798 4055 306
799 10525 305
800 3909 202
801 8848 202
802 8851 303
803 5903 303
804 12693 308
805 902 307
806 3801 305
807 3807 303
808 12999 203
810 4075 306
811 11893 204
812 4129 202
813 11901 202
815 9072 203
816 9073 202
817 1885 304
818 6808 304
819 6768 306
821 822 203
823 9239 202
824 9284 303
825 3976 303
826 3986 305
827 3985 305
828 9109 303
829 10733 202
830 15139 202
831 2835 303
832 3941 202
833 9107 203
834 11880 202
835 15147 202
836 886 303
837 4202 306
840 9301 303
841 9341 202
842 9305 309
843 13251 204
846 4082 202
848 10374 305
849 10377 306
850 3890 307
851 3899 303
852 10599 203
853 14986 203
854 13410 205
855 12901 205
856 11926 202
857 14288 204
858 3828 304
859 3823 203
860 10585 203
861 3838 304
862 13254 203
863 3839 303
864 4121 304
866 4159 303
867 6028 203
868 4162 303
869 10409 304
870 3917 202
871 8826 203
872 3974 303
873 14595 202
874 4045 304
875 16711 203
876 6019 207
877 4050 311
880 2596 305
881 4079 209
882 10709 202
885 4021 207
888 4175 203
889 2830 206
890 13866 203
891 4179 202
892 4127 303
893 8977 203
894 7891 305
895 10547 202
898 14392 307
899 5887 304
901 1917 303
903 3797 303
904 4210 304
905 4261 305
906 4219 307
907 10725 303
908 16548 202
909 11904 203
910 10641 303
911 12960 202
912 16150 203
913 13260 203
915 922 203
916 13947 202
917 3871 202
918 13946 202
919 920 204
921 927 203
923 11753 202
924 11752 202
925 3872 304
926 6100 203
930 5123 303
931 14676 202
934 6506 305
935 16025 202
936 7108 307
937 4507 203
938 4787 202
939 6884 202
940 6888 202
941 4511 202
942 4789 202
943 11975 203
944 4655 202
945 15888 202
946 17200 202
947 948 203
949 950 205
951 17293 202
952 12361 204
953 6694 202
954 4514 202
955 4689 202
956 6916 202
957 6915 303
958 6921 303
959 1135 304
960 13278 203
961 2270 203
962 6925 304
963 6923 303
964 6926 303
965 4528 303
966 4530 304
967 6933 202
968 6846 202
969 4432 202
970 15927 202
971 4280 202
972 7039 304
973 7141 304
974 4446 202
975 977 203
976 13291 202
978 4304 202
979 6705 202
980 4283 305
981 1934 202
982 4717 303
983 4284 304
986 11149 303
987 6730 304
988 7403 203
989 16293 204
990 4325 303
991 17207 202
992 4724 202
993 3448 304
994 14535 202
995 2220 203
998 11075 203
999 7089 305
1000 13326 303
1001 12371 203
1002 11093 307
1003 6660 304
1004 6838 305
1005 17286 202
1006 13157 203
1007 4403 304
1008 4401 304
1009 11947 202
1010 6827 304
1011 14068 203
1012 11114 306
1013 16463 203
1014 6944 303
1015 15876 202
1016 4338 304
1017 17211 202
1018 11513 202
1019 4347 309
1020 7057 202
1021 7060 202
1024 15855 204
1025 15857 203
1028 6857 306
1029 6858 305
1030 1146 304
1031 4771 303
1032 13266 202
1033 6864 303
1034 4775 305
1035 17300 204
1038 4810 202
1039 12397 202
1040 7134 304
1041 16794 206
1042 4147 303
1043 4819 309
1046 4538 202
1047 6988 306
1048 4547 202
1049 13495 204
1050 4552 304
1051 7006 203
1052 7009 304
1053 7005 207
1054 7010 309
1055 7007 305
1058 11013 203
1059 15434 202
1060 6802 304
1061 3409 303
1062 11738 203
1063 4708 205
1064 11980 202
1065 4576 304
1066 11981 205
1067 11228 303
1070 4422 307
1071 13307 204
1072 7042 304
1073 15263 203
1074 13903 202
1075 4456 303
1076 6785 306
1077 6786 305
1078 1081 305
1079 6778 303
1080 13994 202
1082 9633 304
1083 9856 202
1084 15860 207
1085 11099 306
1086 4389 304
1087 7363 305
1088 4396 307
1089 13498 308
1090 6910 202
1091 4749 202
1094 4461 303
1095 6777 203
1096 11488 204
1097 15918 202
1098 4312 304
1099 5354 309
1100 7406 303
1101 7402 202
1104 2244 304
1105 11949 204
1106 7465 202
1107 15913 202
1108 4627 205
1109 4512 308
1110 16620 203
1111 17204 202
1112 17205 202
1113 7015 202
1116 2253 304
1117 16326 203
1118 4686 304
1119 1174 202
1120 11736 204
1121 16449 203
1122 4579 303
1123 11084 305
1124 11234 303
1125 13053 203
1126 4721 305
1127 4324 304
1128 1154 304
1129 7043 202
1130 11704 307
1131 17055 206
1132 11050 303
1133 3963 304
1134 11042 306
1136 4633 204
1137 4375 307
1138 16880 202
1139 3125 202
1140 16798 202
1141 11973 202
1142 13083 204
1143 11168 303
1144 2293 304
1145 4478 304
1147 4477 304
1148 4678 303
1149 7051 203
1150 2182 203
1151 13277 204
1152 13304 202
1153 4428 303
1155 11479 203
1156 6852 203
1157 15454 202
1158 2176 202
1159 11938 202
1160 11944 203
1161 12466 203
1162 4687 307
1163 13974 205
1164 3078 303
1165 4581 304
1166 11743 303
1167 4855 304
1168 4421 303
1169 2328 203
1170 13984 202
1171 11971 204
1172 5221 304
1173 17052 205
1175 1213 202
1176 4521 307
1177 4518 304
1178 11043 202
1179 3068 202
1180 11004 203
1181 6612 202
1182 1184 203
1183 11691 203
1185 1187 202
1186 2005 304
1188 11130 203
1189 11133 304
1190 12327 202
1191 11119 202
1192 14747 202
1193 5294 303
1194 3095 304
1195 13160 202
1196 13983 202
1200 11748 203
1201 14402 203
1202 4733 303
1203 13977 202
1204 4735 202
1205 15897 202
1206 4515 303
1207 4516 303
1208 11049 202
1209 2268 308
1214 12059 203
1215 1216 203
1217 12039 202
1218 8147 203
1219 8149 202
1221 8144 203
1222 6490 202
1223 4913 303
1230 2026 212
1231 12335 204
1232 1235 306
1233 14007 203
1234 15820 202
1236 14103 206
1237 12074 202
1238 12338 202
1239 15807 202
1240 13448 202
1241 12075 202
1242 12355 202
1244 17274 202
1245 4901 304
1246 4859 307
1247 6446 202
1249 6269 202
1250 5178 202
1251 6565 202
1252 6284 303
1253 16473 202
1254 16154 206
1255 4865 304
1256 12238 203
1257 1290 202
1258 1292 306
1259 6544 306
1263 1971 202
1264 15538 205
1265 14060 204
1266 4869 304
1267 1986 304
1268 6356 202
1269 1994 304
1270 6428 303
1271 6421 202
1272 2147 304
1273 7343 202
1274 1997 303
1275 7167 304
1276 7172 204
1277 7174 309
1278 6363 202
1279 16041 203
1282 1284 306
1283 12444 203
1285 17283 203
1286 7451 306
1287 7448 303
1288 13679 203
1289 8938 202
1291 12418 202
1294 4860 305
1295 6268 304
1296 14346 202
1298 8246 303
1299 5116 202
1300 5032 308
1301 5034 305
1302 5270 303
1303 8899 204
1304 16789 202
1305 14345 202
1306 15750 203
1307 10212 303
1308 4956 303
1309 8376 304
1312 8587 304
1313 16404 203
1314 8593 304
1315 8595 305
1318 4992 309
1319 5094 305
1322 16633 203
1323 11416 203
1324 14278 204
1325 14277 208
1326 13346 202
1327 12677 202
1328 10219 204
1329 13809 204
1330 13313 202
1331 8720 303
1332 10356 305
1333 2741 305
1334 12041 202
1335 5068 305
1336 15340 204
1337 15984 204
1338 1343 315
1339 5051 307
1340 1435 203
1341 10076 202
1342 8624 308
1344 10080 307
1345 8618 303
1346 16389 203
1347 8619 306
1348 11394 202
1349 13693 303
1350 8610 202
1351 11393 202
1352 9035 304
1353 10092 305
1354 5168 202
1355 8609 202
1356 8567 307
1357 8607 202
1358 8599 303
1359 16855 202
1360 5080 202
1361 1363 305
1362 5085 303
1364 5088 303
1365 2748 304
1366 5097 304
1367 8931 202
1368 1463 306
1369 11364 203
1370 8532 303
1371 8535 305
1372 4942 303
1373 4944 304
1374 11315 309
1375 10294 202
1376 10291 306
1377 8480 204
1382 16256 202
1383 8576 303
1384 11355 206
1385 5040 204
1386 5044 202
1387 5047 202
1388 13109 202
1389 2667 207
1390 2664 203
1391 12095 202
1392 4952 303
1393 1524 305
1394 10234 203
1395 16413 202
1396 8162 203
1397 4958 303
1398 4959 304
1399 15993 203
1400 2764 307
1401 8750 203
1402 1405 203
1403 2765 202
1404 4972 202
1406 4982 303
1407 4984 202
1408 10918 304
1409 11320 207
1410 10298 306
1411 14178 304
1412 11371 202
1413 8929 304
1414 12755 305
1415 5098 306
1416 10049 307
1417 1431 205
1418 5169 303
1419 1443 304
1420 16097 203
1421 10342 204
1422 5209 304
1423 5203 203
1424 13349 203
1425 13312 203
1426 16630 202
1427 15962 202
1428 10223 309
1429 10221 303
1432 5291 202
1433 2688 204
1434 5136 202
1436 12061 304
1437 10073 304
1438 8934 306
1439 5143 202
1440 10086 303
1441 5156 303
1442 8914 305
1444 5160 313
1445 8916 306
1446 13795 202
1448 10112 303
1449 13090 203
1450 5297 203
1451 16408 202
1452 5082 203
1453 10123 305
1454 10126 305
1455 5084 202
1456 5092 305
1457 4995 303
1458 6970 202
1459 10133 202
1460 5105 202
1462 8893 309
1466 11338 320
1467 17285 203
1468 6200 304
1469 12105 202
1470 5048 307
1471 11437 307
1472 5281 303
1473 15586 202
1474 5279 202
1475 10207 202
1476 10355 306
1477 12749 303
1478 5010 306
1479 5017 308
1480 12890 202
1481 14981 202
1482 10186 202
1483 10185 203
1484 10239 304
1485 12050 202
1486 14674 202
1487 4955 304
1488 2763 204
1489 12055 303
1490 12107 202
1491 15664 202
1492 4962 303
1493 15073 202
1494 4965 306
1495 10176 303
1496 10173 303
1497 4963 304
1498 13663 203
1499 10285 304
1500 4966 202
1501 10164 202
1502 5312 304
1503 8746 308
1504 13341 202
1506 10273 306
1507 5313 305
1508 16658 202
1509 4980 306
1510 10361 303
1511 10359 202
1512 4985 303
1513 5225 202
1514 10041 305
1515 12083 202
1516 13800 203
1517 10040 305
1518 10343 303
1519 13801 205
1520 10260 304
1521 10347 303
1522 5259 202
1523 10251 304
1525 4960 305
1526 5132 304
1527 17217 202
1528 2714 203
1529 8639 303
1530 2710 307
1531 5138 306
1532 5074 304
1533 5299 203
1534 2702 306
1535 15297 204
1536 12008 204
1537 8589 203
1538 15345 203
1539 11360 303
1540 5071 205
1541 11418 303
1542 10087 203
1543 5154 303
1544 2964 204
1545 5293 303
1547 5295 202
1548 10095 203
1549 10090 203
1550 8913 204
1551 10321 202
1552 3929 203
1553 11889 202
1558 8239 204
1559 1849 307
1560 6275 202
1561 6280 303
1564 5465 202
1565 7734 202
1566 7494 202
1567 7744 303
1568 7746 202
1569 7745 303
1570 5353 303
1571 2463 305
1572 7570 202
1573 15087 202
1574 2538 312
1575 9440 303
1576 7572 304
1577 15086 202
1580 9436 305
1581 7573 303
1582 7503 202
1583 7577 202
1584 7576 303
1585 7580 202
1586 1784 311
1587 7967 307
1588 16679 202
1589 5698 303
1592 7598 202
1594 5486 306
1595 7603 304
1596 5335 307
1597 7596 202
1598 1601 304
1599 5681 202
1600 1602 308
1603 7516 304
1604 2488 303
1605 5573 306
1606 1609 305
1607 5576 203
1608 5585 202
1611 5325 303
1612 12524 202
1613 8321 205
1614 7524 305
1615 5327 304
1616 5686 305
1617 7528 306
1618 5598 304
1619 13365 203
1620 5599 202
1621 1623 202
1622 5604 202
1624 12521 202
1625 5608 203
1626 7557 304
1627 7552 305
1628 1630 202
1629 15828 202
1631 7561 303
1632 15354 206
1633 7765 305
1634 5701 202
1635 7625 202
1636 16048 202
1637 5342 205
1638 14133 304
1639 3210 203
1640 13548 202
1641 7629 303
1642 16504 204
1643 8209 203
1644 5656 304
1645 7961 202
1646 5505 304
1647 7632 202
1648 7631 202
1649 5508 303
1650 3192 204
1651 8312 303
1652 16568 202
1653 5518 304
1654 5525 303
1655 7987 303
1656 15593 203
1657 1715 304
1658 5543 202
1659 1701 202
1661 16357 202
1662 2508 203
1663 1665 304
1664 5834 202
1666 7823 303
1667 5350 305
1668 7822 303
1669 7829 303
1670 7825 303
1671 7830 202
1672 7809 202
1673 7827 202
1674 7831 202
1675 7811 202
1676 7808 303
1677 7812 303
1678 7810 202
1679 16827 202
1680 5557 303
1681 7814 303
1682 5632 202
1683 14795 204
1684 16564 203
1685 5644 305
1686 5753 203
1687 5645 304
1688 7703 308
1689 7711 310
1690 16491 202
1691 13366 202
1692 5648 202
1693 7793 304
1694 1845 304
1695 16682 202
1696 13390 203
1697 7883 305
1698 8092 303
1699 9379 203
1700 17175 203
1702 5555 303
1703 15499 203
1704 12535 303
1705 9510 202
1706 8111 305
1707 14561 202
1708 8109 303
1709 9512 206
1710 7908 303
1711 8034 303
1712 5501 202
1713 16583 202
1714 5340 304
1716 17173 202
1717 5646 306
1718 12528 202
1719 8084 304
1720 13569 203
1721 9418 207
1722 7848 305
1723 5513 202
1724 2571 308
1725 15500 202
1726 12538 203
1727 9404 202
1728 8130 202
1729 2569 305
1730 5846 303
1731 5842 303
1732 9393 202
1733 5859 202
1734 3250 202
1735 8103 202
1736 15078 206
1737 5657 305
1738 7872 203
1739 9357 203
1740 5479 202
1741 5477 306
1742 1844 305
1743 1787 206
1744 5697 202
1745 8197 202
1746 5480 202
1747 7595 308
1748 1762 309
1749 5485 303
1750 7607 203
1751 5493 306
1752 12127 203
1753 12584 203
1756 11804 203
1757 10008 303
1758 17267 202
1759 17058 202
1760 9299 204
1761 15479 203
1763 9505 203
1766 7717 202
1767 9410 303
1768 14877 204
1769 8129 203
1770 5539 303
1771 5336 304
1772 5550 203
1773 8206 203
1774 7951 306
1775 2575 306
1776 8951 303
1777 15582 202
1778 9424 303
1779 7979 205
1780 9421 204
1781 2533 308
1782 5474 202
1783 2478 303
1785 9420 303
1786 2479 303
1792 9879 303
1793 2950 303
1794 3368 304
1795 12860 306
1796 10847 203
1797 5436 303
1798 9967 203
1799 2887 306
1800 14695 202
1801 13753 202
1802 13776 202
1803 2909 305
1804 9696 305
1805 5384 202
1808 15712 202
1809 5433 303
1812 9712 305
1813 12846 203
1814 13019 203
1815 9942 303
1816 5443 305
1817 5446 305
1822 10788 309
1823 10887 309
1824 2948 203
1825 17265 202
1826 10607 203
1827 10800 306
1828 3268 202
1829 10627 305
1830 14326 202
1831 3356 203
1836 3495 203
1837 3497 203
1838 5716 203
1839 14329 204
1840 9871 203
1846 7776 202
1847 5615 303
1848 1851 306
1850 1852 305
1853 1855 305
1854 5456 304
1856 10545 202
1857 13635 202
1858 13429 203
1859 12699 202
1860 8802 202
1861 16724 203
1862 10417 304
1863 10507 303
1866 4149 303
1867 6116 303
1868 3973 203
1869 4110 305
1870 8835 304
1871 6026 202
1872 2594 305
1873 6106 304
1874 4237 304
1875 9259 202
1876 3702 203
1878 12767 202
1879 8335 205
1881 9165 202
1882 6196 305
1883 6192 203
1884 3724 205
1886 11204 202
1888 2193 206
1889 14208 202
1890 9787 202
1891 10009 202
1896 6081 304
1897 10662 305
1898 16108 205
1899 6079 305
1900 10502 304
1901 10650 203
1902 2981 305
1903 4167 207
1906 6115 303
1907 10392 203
1908 13434 202
1909 13829 202
1910 4104 203
1911 6013 202
1912 17149 202
1913 10514 203
1914 5990 202
1915 15199 202
1916 6046 203
1918 2870 303
1919 5768 303
1920 16729 202
1922 10699 202
1924 2692 309
1925 10720 304
1930 11646 206
1931 5917 304
1932 13442 203
1933 11077 205
1935 11034 203
1936 11213 305
1937 2292 308
1950 6830 203
1951 4569 202
1952 6806 202
1953 6803 202
1954 11987 206
1955 12517 202
1956 6900 303
1957 6895 304
1958 9233 306
1959 6548 304
1960 15485 209
1961 10312 202
1962 6388 202
1963 12244 202
1964 12245 203
1965 2615 202
1966 9331 203
1967 12299 202
1968 12453 204
1969 12310 205
1970 12483 204
1972 14219 202
1973 14641 202
1974 1979 310
1975 12511 203
1976 13717 203
1977 17062 207
1978 1980 304
1981 1984 204
1985 6344 305
1987 6345 202
1988 6348 305
1989 6351 202
1990 3732 304
1991 3771 303
1992 14960 203
1993 4871 202
1995 12261 204
1996 12259 202
1998 7165 204
1999 7170 303
2000 7171 202
2001 6367 304
2002 6366 304
2003 7177 305
2004 17112 202
2006 12447 202
2007 15578 204
2008 8941 308
2009 12445 208
2010 16900 203
2011 6527 308
2012 6584 303
2013 12330 202
2016 6295 304
2017 5184 306
2018 12499 203
2019 12470 202
2020 6429 304
2021 2246 303
2022 12350 204
2024 6457 202
2025 6459 202
2027 12351 203
2028 12409 204
2029 14084 203
2030 12012 204
2031 12339 202
2032 12410 203
2033 13449 204
2034 12495 202
2035 12283 203
2036 2121 303
2037 6561 304
2038 2041 203
2039 12416 204
2042 6543 304
2043 6546 305
2044 6515 304
2046 12271 203
2047 4903 202
2048 4864 203
2049 7410 304
2050 6291 304
2051 6292 304
2052 6293 303
2053 7203 305
2054 5183 306
2055 7207 303
2056 2058 202
2059 2061 203
2060 6465 202
2062 12345 202
2063 12340 202
2064 7291 303
2065 2354 303
2066 9016 303
2067 10177 203
2068 5190 204
2069 6489 203
2070 6488 203
2071 15523 202
2072 6493 305
2073 2345 305
2074 7300 202
2075 2341 303
2076 2347 202
2078 7261 203
2079 2204 306
2080 12294 202
2081 12296 203
2082 6684 303
2083 16508 202
2086 4730 203
2087 4351 203
2088 16668 202
2089 6338 304
2094 12765 203
2095 13682 202
2096 2145 307
2097 6581 207
2098 15357 202
2099 7434 204
2100 6460 307
2101 6374 204
2102 12733 205
2103 12764 205
2104 2183 303
2105 13905 202
2106 2206 203
2107 15608 202
2108 2207 204
2109 2110 306
2111 8877 202
2112 17027 202
2113 9007 304
2114 14850 202
2115 6399 202
2116 12065 305
2118 2824 303
2119 2828 303
2120 9192 202
2122 6542 303
2123 12590 202
2124 15797 203
2126 13345 202
2127 2610 205
2128 9347 303
2129 6453 202
2130 9272 309
2131 7443 308
2134 13927 202
2135 17103 202
2136 16047 202
2137 6009 303
2138 7176 202
2139 10476 202
2140 10488 202
2141 17092 202
2142 14057 203
2143 2779 202
2144 10494 203
2146 12287 202
2148 6502 306
2149 14848 203
2150 15565 203
2151 6396 303
2152 6404 303
2153 10368 203
2154 10542 202
2155 13585 204
2156 7206 202
2157 7413 202
2160 6311 307
2161 6305 305
2162 6324 204
2163 6323 202
2166 11206 203
2167 16315 203
2168 11108 303
2169 11597 202
2170 16464 203
2171 6698 304
2172 11254 303
2173 3104 304
2174 14738 204
2175 4692 308
2177 4840 202
2178 4774 308
2179 4483 315
2180 7156 203
2181 7308 204
2191 2197 305
2196 6552 303
2200 2353 202
2201 6501 303
2203 2205 203
2208 16904 202
2209 6503 303
2216 2219 304
2217 6748 202
2218 7031 202
2221 6744 303
2222 7366 305
2223 7364 202
2224 11687 303
2225 4800 202
2226 7117 303
2227 7478 303
2228 2279 304
2229 7114 303
2236 16302 204
2237 6892 305
2238 7468 303
2239 16279 202
2240 17180 202
2241 6898 202
2242 4362 312
2243 6762 306
2245 13486 202
2247 6456 303
2252 12465 202
2254 2257 306
2255 7142 303
2256 6913 309
2258 6655 202
2259 4386 202
2260 12360 202
2261 2265 303
2262 11749 305
2263 3071 306
2264 14527 204
2266 6914 304
2267 11216 202
2269 14526 204
2271 2322 202
2272 12400 203
2273 16617 202
2274 7001 202
2275 6993 307
2276 4640 203
2277 16461 203
2278 7119 202
2280 7121 303
2281 11117 305
2282 6945 303
2283 6941 202
2284 11112 202
2285 4691 307
2287 7048 202
2289 11673 203
2290 6856 202
2291 11165 203
2300 13468 203
2301 13281 202
2302 6870 304
2303 16800 202
2304 12391 203
2305 2588 305
2306 4578 203
2307 6804 202
2308 6807 202
2309 11641 305
2310 7084 203
2311 16328 202
2312 14748 202
2313 11638 303
2314 17328 202
2315 11632 303
2316 16294 202
2317 13441 204
2318 11735 202
2319 11606 303
2320 6618 202
2321 17050 202
2323 6918 202
2324 16821 202
2325 11021 303
2329 4423 305
2332 2338 203
2334 11643 304
2335 4580 305
2339 11088 203
2340 2349 203
2342 13327 303
2343 6605 202
2344 13451 203
2346 6494 202
2348 7309 303
2352 15625 202
2355 7295 306
2356 16907 202
2357 7337 303
2360 7350 204
2361 9327 203
2362 12421 203
2364 3472 203
2365 15203 204
2366 7312 305
2367 9131 202
2368 7317 303
2369 2605 202
2372 16335 204
2373 6656 204
2374 7432 203
2375 7175 303
2376 12622 205
2377 10489 304
2378 14303 202
2379 7303 303
2380 7081 202
2381 14079 202
2382 7231 304
2383 14093 203
2384 4883 303
2385 10561 202
2388 14350 303
2389 16820 202
2390 6383 202
2391 2392 203
2393 2395 204
2394 16381 202
2400 16020 203
2401 12936 203
2406 7605 202
2407 8027 202
2408 12550 203
2409 17086 203
2410 5496 305
2411 7610 304
2412 7760 303
2413 8031 303
2416 2520 305
2417 8112 303
2418 7946 202
2419 7945 202
2420 9591 303
2421 5352 303
2422 7952 319
2423 2553 210
2424 7867 304
2425 12555 203
2426 7874 202
2427 7591 303
2430 12530 203
2431 7980 303
2432 8086 203
2433 16959 202
2434 8118 303
2435 8215 203
2438 14911 204
2439 8107 303
2440 7959 303
2441 13549 202
2444 12142 204
2445 7816 202
2446 12582 204
2447 12526 202
2450 12945 202
2451 2780 203
2453 10479 202
2455 2457 204
2456 2783 202
2458 12833 202
2459 16686 202
2460 13554 202
2461 9467 303
2462 2574 306
2464 8032 202
2465 2517 303
2466 15774 202
2467 9445 303
2468 7540 303
2469 7538 303
2470 17064 203
2471 5829 304
2474 5357 204
2475 16566 202
2476 9434 303
2477 16958 203
2480 9546 308
2481 7770 305
2483 12564 202
2484 7525 304
2485 9523 303
2486 9398 202
2487 9401 303
2489 2493 306
2492 2495 307
2494 7771 308
2496 7665 202
2497 7880 203
2498 7881 303
2499 5541 303
2500 7882 305
2501 8204 202
2502 9568 303
2503 9573 303
2504 9558 303
2505 7894 306
2506 15359 203
2507 5843 305
2509 16354 202
2510 4299 305
2511 4300 307
2512 8085 202
2513 13627 202
2514 9517 202
2515 9571 303
2516 9519 202
2518 9570 202
2519 9575 202
2521 13565 203
2522 8114 303
2523 7727 303
2524 9581 202
2525 3217 304
2526 9584 202
2527 7964 202
2528 13751 304
2529 7966 318
2530 13568 203
2531 7969 305
2532 2535 305
2534 7504 202
2539 7988 205
2540 8020 202
2541 9587 303
2542 9447 202
2543 8121 202
2547 8123 202
2548 2555 203
2549 9475 202
2550 2850 202
2551 9470 202
2552 8125 202
2554 2847 305
2556 3231 303
2557 9482 303
2560 7634 203
2561 5502 303
2562 15514 202
2563 2564 305
2565 9373 303
2566 9394 203
2567 8104 202
2568 7902 304
2570 17231 202
2576 9473 203
2577 9469 202
2578 7953 303
2579 5468 303
2580 10301 204
2581 8295 306
2582 5102 203
2583 10132 303
2584 8584 202
2585 8894 204
2586 9033 203
2587 15313 202
2589 11146 303
2590 8663 303
2591 16632 203
2592 10375 306
2593 8841 303
2595 2801 306
2597 2798 308
2598 8832 303
2599 4115 306
2601 2825 202
2604 9128 202
2606 8406 303
2607 12597 202
2609 9150 202
2611 8235 304
2614 12798 202
2616 17066 202
2617 15349 202
2618 8294 202
2619 11368 303
2620 13073 205
2621 11190 204
2622 10555 304
2623 7292 202
2626 8175 202
2627 10445 202
2638 16407 202
2639 10113 303
2642 2645 203
2648 8270 202
2649 14609 202
2650 8711 303
2651 8658 202
2652 2679 307
2653 8906 303
2654 8621 202
2655 5149 304
2656 11447 203
2657 15460 204
2658 10292 303
2659 8758 203
2660 10293 202
2661 8486 204
2662 11454 204
2663 12722 202
2665 14262 204
2666 14263 203
2668 11358 203
2669 8570 303
2670 10134 202
2671 10307 203
2672 5109 203
2673 8588 303
2674 16393 203
2675 10131 304
2676 10304 305
2677 12668 202
2678 11374 303
2680 9034 203
2681 15995 203
2684 8615 304
2685 10091 306
2686 8716 204
2687 8634 312
2689 8637 304
2690 11414 202
2691 15947 202
2693 5053 202
2694 8655 303
2695 12663 203
2696 10735 202
2697 2833 202
2698 11346 304
2699 8682 304
2700 11359 202
2701 14177 202
2703 11373 303
2704 13601 202
2705 15948 202
2706 16644 202
2707 16646 202
2708 11395 202
2709 8612 202
2711 8402 202
2712 8403 202
2713 8638 303
2715 2739 202
2716 11446 202
2717 8646 303
2718 8919 304
2719 11412 303
2720 12665 202
2721 8651 202
2722 8657 303
2723 5052 202
2724 12091 207
2725 10246 311
2728 2821 202
2729 11489 202
2730 8727 204
2731 2732 203
2733 2734 304
2735 15403 203
2736 7716 202
2737 8259 310
2738 2740 203
2746 15974 202
2747 11370 305
2749 15296 202
2750 13808 203
2751 13816 202
2752 10050 304
2753 8886 303
2754 8814 303
2755 10020 304
2756 8813 202
2757 10023 202
2760 12745 202
2761 8815 202
2762 8881 204
2767 10160 203
2772 10499 202
2774 2777 304
2775 10493 304
2776 12623 203
2782 14818 202
2784 12727 202
2785 8771 304
2787 10462 202
2788 8776 304
2789 10460 304
2790 12731 202
2791 8777 305
2792 8787 202
2793 8783 202
2794 8795 202
2795 8791 202
2796 4036 310
2797 3921 307
2799 10384 202
2800 4058 305
2802 8952 305
2803 9002 306
2804 12920 203
2805 8180 203
2806 13432 202
2807 4081 202
2809 8371 305
2810 4151 202
2811 10395 202
2812 10506 303
2813 2988 306
2814 10411 202
2815 10408 202
2816 12695 202
2817 3826 304
2818 5320 304
2819 11432 304
2820 8691 203
2822 15812 203
2823 9121 202
2829 16761 202
2831 9059 202
2832 9178 203
2834 3938 202
2836 12541 202
2837 9552 203
2842 8102 202
2843 16498 202
2844 9491 204
2845 2851 306
2846 14873 202
2852 9493 203
2853 14872 203
2854 9641 304
2855 9638 304
2856 10916 305
2857 2858 205
2861 10922 202
2862 2865 204
2863 10923 203
2864 13042 202
2866 10573 202
2867 10574 202
2868 9781 309
2869 12964 203
2871 10787 204
2872 5441 203
2873 2875 203
2876 13773 203
2877 13870 202
2880 13048 204
2881 5713 203
2884 10773 305
2885 9628 305
2886 9852 303
2888 9598 303
2889 14780 202
2890 10746 202
2891 16535 202
2892 3331 309
2893 2895 304
2894 9616 202
2896 9620 202
2897 10740 202
2898 13047 205
2899 9625 305
2900 14697 202
2901 15754 203
2902 11796 203
2903 9624 304
2904 2906 305
2905 3615 303
2907 15699 202
2908 11798 202
2912 9851 202
2913 10855 203
2914 12858 202
2915 9634 304
2916 10928 304
2917 16202 203
2918 5428 203
2919 12840 202
2920 9797 202
2921 9649 202
2922 9799 304
2923 9654 305
2924 17144 202
2925 10964 304
2926 9660 303
2927 9804 202
2928 9817 303
2929 10956 303
2930 9827 202
2931 9672 303
2934 10944 304
2935 5394 307
2936 9685 204
2937 5391 303
2938 9909 306
2939 10905 305
2940 10808 304
2941 9704 203
2942 16215 202
2943 16169 202
2944 9717 305
2945 2947 304
2946 15050 202
2951 13767 203
2952 10979 305
2953 12862 205
2954 10000 202
2955 13872 202
2956 9886 204
2957 14323 202
2958 8660 202
2959 13803 202
2962 8565 304
2963 11400 303
2965 11390 303
2966 11377 202
2967 16643 203
2968 11366 202
2969 14343 202
2970 10034 304
2971 14161 202
2972 11352 202
2973 10263 202
2974 15958 203
2975 14272 202
2978 15743 202
2979 10406 202
2984 3889 203
2985 15002 202
2989 6103 203
2990 9991 203
2991 13876 203
2993 6246 202
2994 6178 203
2995 6180 202
2996 6186 303
2997 6183 305
3006 3009 202
3007 3020 202
3008 3011 206
3022 10869 203
3023 3024 203
3025 5786 202
3026 16935 202
3027 3032 203
3033 9979 202
3034 11407 202
3036 17216 202
3037 3039 204
3038 3041 203
3040 11445 202
3045 13128 203
3046 12768 202
3047 9303 309
3048 16593 202
3049 15170 203
3052 15854 203
3053 4474 304
3054 11546 202
3055 11545 203
3058 13079 202
3059 13907 202
3060 16979 202
3061 13081 203
3065 11019 305
3066 11032 303
3067 11027 202
3069 11663 303
3070 11218 303
3072 13904 204
3073 3075 304
3074 11630 303
3076 11226 304
3077 11639 303
3079 11080 202
3080 11739 303
3081 11740 304
3082 11672 304
3083 11136 303
3084 11577 304
3085 11579 303
3086 14614 202
3087 6651 204
3088 11726 303
3089 4748 202
3090 4392 202
3091 4391 303
3092 11583 202
3093 11095 202
3094 11097 202
3096 11104 304
3097 11584 303
3098 11595 303
3099 4752 303
3100 13152 304
3101 15270 203
3102 11599 202
3103 11562 202
3105 11732 202
3106 11011 309
3107 14739 208
3108 11685 303
3109 7126 309
3110 16304 202
3111 14712 202
3114 3116 204
3115 11015 203
3117 11211 202
3122 15856 202
3123 11484 304
3124 11288 205
3126 3128 203
3129 7071 203
3132 13146 202
3133 3135 304
3134 3137 203
3136 4402 203
3178 11527 202
3179 6064 202
3182 16367 202
3183 9346 202
3185 7227 202
3186 3722 202
3187 3781 202
3188 7864 202
3189 7870 202
3190 7866 203
3191 8078 202
3193 3498 202
3194 14801 203
3195 3227 303
3196 9391 202
3197 8101 202
3198 3200 203
3199 7885 203
3201 3203 304
3202 9376 202
3205 9369 202
3206 3209 303
3207 8888 303
3208 14166 203
3211 17111 202
3212 14824 203
3214 13750 202
3215 9582 202
3216 8116 203
3218 7963 303
3219 3221 304
3220 3222 205
3223 9411 205
3224 7851 204
3225 9488 202
3226 3228 305
3229 8076 202
3230 9478 202
3232 3235 202
3233 7954 203
3236 7571 304
3237 15083 203
3238 9588 203
3239 3489 303
3240 11755 203
3241 12545 202
3246 9500 203
3247 13734 203
3248 11820 203
3249 11834 203
3252 16482 202
3253 7895 202
3254 3257 202
3255 11786 202
3256 3260 304
3258 3263 304
3259 3380 202
3262 3265 305
3264 3401 202
3266 14970 202
3267 3269 202
3270 3402 304
3271 3400 303
3272 3372 203
3274 3280 303
3276 3278 202
3281 9892 203
3282 5363 303
3283 5369 303
3284 3287 305
3285 10895 202
3286 3289 202
3288 5368 202
3290 3292 303
3291 3575 203
3293 3294 303
3295 5379 204
3296 5378 202
3297 3301 304
3298 3305 305
3299 3576 203
3300 3302 303
3303 13204 202
3304 17138 202
3306 13357 203
3307 13205 202
3308 3310 202
3312 3374 303
3315 5450 204
3316 16176 202
3317 9839 202
3320 10686 202
3321 16170 202
3323 14979 204
3324 15771 202
3326 15060 202
3328 5408 202
3329 3333 202
3330 9600 303
3332 3334 203
3335 10949 304
3336 14969 203
3337 5399 203
3338 3343 202
3339 5398 204
3340 9836 304
3341 3597 303
3342 3344 202
3345 3347 303
3346 3350 304
3348 10819 303
3349 3351 204
3353 9893 202
3354 10989 203
3355 15763 202
3357 3361 303
3358 5763 202
3360 10840 202
3362 15711 203
3363 15713 202
3364 16219 203
3365 10931 204
3366 3371 304
3367 15710 203
3369 10849 202
3370 15703 202
3373 15706 203
3375 5388 202
3382 17126 202
3383 5393 203
3385 5451 202
3386 9631 202
3388 10775 204
3389 5404 203
3390 14363 203
3391 13201 202
3393 9681 205
3394 5431 202
3398 9888 305
3399 5434 203
3403 9798 303
3404 3631 202
3405 9076 202
3407 3624 305
3410 9138 202
3411 16572 202
3412 15174 202
3413 15801 202
3414 9143 202
3415 15840 202
3416 9144 204
3417 3421 202
3418 15146 202
3422 6209 303
3423 16359 205
3424 9148 202
3426 4190 202
3427 3428 202
3429 3535 303
3430 3432 303
3431 5975 203
3433 3435 303
3437 3440 303
3438 4228 202
3439 9184 203
3441 3442 304
3443 3445 202
3444 3446 202
3447 3449 202
3450 9186 202
3452 3457 202
3458 13925 202
3461 9056 202
3462 17155 202
3463 3935 203
3464 4244 202
3465 4243 303
3467 15782 204
3468 3470 202
3471 9151 202
3473 13926 303
3476 9120 202
3477 6562 202
3479 11810 202
3480 15121 202
3481 8323 203
3483 15844 202
3488 11808 202
3490 9465 202
3491 5693 202
3493 15115 207
3499 8081 202
3504 3507 304
3505 3558 303
3506 16080 202
3508 3511 202
3510 16539 202
3512 3564 203
3514 14234 202
3516 3519 202
3521 12965 203
3522 16865 202
3523 16077 202
3524 11768 204
3525 5771 204
3526 5773 303
3527 12155 205
3528 9173 203
3532 8330 202
3536 15137 202
3537 12215 203
3543 5724 202
3545 16078 202
3546 16079 202
3547 10753 303
3549 10872 202
3550 11805 202
3551 10925 303
3554 14235 203
3555 3568 204
3561 3657 202
3565 11853 202
3569 10991 202
3570 5775 203
3571 11841 202
3573 11788 202
3578 9786 202
3580 9993 203
3581 5772 202
3582 14779 204
3583 10744 304
3585 3586 304
3593 14362 202
3595 3598 202
3596 13200 202
3599 3600 202
3607 9897 202
3608 11771 202
3609 10675 202
3610 9996 304
3611 3612 305
3614 12856 202
3616 3666 303
3617 15210 202
3618 3699 305
3619 15468 203
3622 4182 303
3623 4015 202
3625 3668 304
3628 9207 202
3630 3635 202
3632 7256 203
3633 14170 202
3634 3636 202
3637 3641 202
3640 9217 203
3642 16778 202
3643 16232 202
3644 10884 205
3645 3659 203
3646 3649 305
3647 16233 202
3648 5778 305
3650 17278 202
3651 5780 203
3652 3660 203
3653 9962 202
3654 16934 202
3655 14315 202
3663 9255 202
3667 9256 202
3669 8446 202
3672 9258 203
3673 16832 202
3674 3676 304
3677 3695 202
3678 16913 204
3679 13458 203
3681 15487 202
3682 3776 202
3683 9268 203
3684 15489 204
3685 9267 203
3686 9270 202
3687 3688 203
3689 8431 304
3690 3693 304
3692 16844 202
3696 4157 203
3697 9241 202
3698 8417 203
3703 15469 204
3705 9229 202
3708 16378 202
3709 16377 204
3710 8451 202
3711 9232 202
3712 3774 202
3713 3719 303
3714 3716 303
3715 13169 203
3717 7449 203
3718 13181 202
3721 3786 202
3723 3789 303
3725 13610 202
3726 3768 308
3727 14212 204
3730 8441 202
3731 9338 203
3735 9296 202
3742 16843 202
3743 9315 202
3744 3747 202
3746 8629 303
3748 3753 304
3749 3784 203
3752 11822 204
3754 3759 305
3755 8432 306
3758 3760 303
3761 3764 304
3762 12800 204
3763 15397 202
3767 11819 202
3769 15481 202
3770 9300 202
3772 13168 203
3773 9343 202
3775 17088 203
3778 15493 202
3779 9223 203
3780 11835 203
3782 3793 307
3783 13618 203
3792 9289 303
3794 10656 203
3795 3798 303
3796 3800 304
3799 3805 303
3802 4062 303
3803 16715 203
3804 4065 202
3806 3809 303
3808 3813 305
3810 4063 303
3811 16725 202
3812 3814 304
3815 4064 303
3817 12990 204
3819 3821 305
3820 3822 305
3824 5889 202
3825 10581 202
3827 10586 303
3829 3831 303
3830 3834 303
3832 15724 203
3833 15013 202
3835 3837 304
3836 5892 203
3840 3842 304
3841 16545 203
3843 3847 306
3844 3848 303
3845 16713 202
3852 3859 202
3855 3862 303
3856 5936 202
3858 3860 202
3861 3866 303
3863 3865 203
3864 4138 303
3867 4141 202
3874 4066 202
3877 4067 202
3878 10647 202
3880 11891 202
3883 3885 202
3884 3887 202
3886 12997 203
3888 13256 202
3891 14965 208
3892 14990 203
3893 15727 202
3894 4059 203
3895 3897 305
3896 11885 203
3898 5941 203
3900 11884 202
3901 3903 303
3902 3905 303
3906 14989 204
3907 5947 303
3908 13259 202
3910 13258 202
3911 16549 202
3912 5955 203
3913 6068 203
3914 10594 202
3915 5954 203
3916 4033 305
3918 3923 203
3919 14997 204
3920 4107 202
3922 8833 202
3924 4108 202
3925 4113 303
3926 4054 307
3927 4049 305
3928 3930 202
3931 16546 203
3932 15734 203
3933 12207 207
3934 11875 202
3936 9113 203
3939 11879 203
3940 11878 204
3945 15171 202
3947 17166 202
3950 3955 202
3953 10708 204
3957 6145 202
3958 9260 202
3959 3961 303
3960 6144 202
3962 4155 305
3964 4154 203
3966 11883 202
3967 16434 202
3969 16447 202
3970 6254 305
3971 4185 203
3972 4005 303
3975 4004 203
3977 3981 305
3980 3982 307
3983 3988 304
3984 16595 202
3987 15831 202
3989 3991 303
3990 3995 202
3992 5982 205
3993 15830 202
3994 3998 203
3996 4156 305
3997 5987 202
3999 10631 309
4000 4003 202
4001 10630 202
4002 11908 202
4008 5967 203
4009 13002 202
4010 5964 203
4011 5993 202
4012 15824 203
4013 9261 303
4016 5965 304
4017 5994 202
4018 9175 202
4019 4203 202
4024 4026 202
4027 4029 202
4030 4103 305
4031 16105 202
4032 16102 202
4037 14687 202
4038 14686 202
4039 4042 304
4040 13237 202
4041 6014 202
4043 16056 203
4044 15362 202
4046 16057 202
4048 4106 305
4051 4053 306
4052 4109 203
4056 14982 202
4057 6025 202
4068 15390 202
4069 13230 203
4070 8976 203
4071 16704 202
4072 8974 202
4073 16136 204
4074 11894 206
4080 13961 202
4084 4086 202
4085 12704 203
4087 4088 303
4089 11906 203
4090 11928 202
4091 10636 204
4092 10634 202
4093 11927 203
4094 13586 203
4095 16152 202
4096 12220 204
4097 16151 202
4098 4440 203
4102 6104 202
4105 10475 202
4111 6024 303
4112 15361 203
4114 8837 305
4116 10419 303
4117 9001 207
4119 4123 305
4125 11897 204
4128 4130 303
4131 8988 203
4132 14389 202
4133 8991 202
4134 8995 202
4135 11902 202
4137 8345 303
4142 4145 303
4143 13958 202
4144 13240 202
4146 11923 202
4148 6110 303
4152 8143 208
4153 13971 304
4158 12196 202
4161 13231 202
4166 12958 204
4169 16784 202
4170 4173 202
4176 6126 203
4177 6131 203
4178 6121 202
4180 13640 202
4181 14491 202
4183 6142 203
4184 4268 305
4187 4188 202
4192 4195 303
4193 12971 203
4194 4197 304
4198 4200 303
4204 4207 303
4208 10723 202
4211 4212 304
4213 4214 202
4215 4216 303
4218 6181 202
4220 6184 202
4221 4222 203
4223 4262 202
4226 6190 203
4227 6187 202
4229 4230 202
4231 4232 202
4233 4235 303
4234 11881 203
4236 5995 202
4240 6219 202
4242 6225 202
4245 4246 202
4247 11877 202
4248 4250 202
4251 4253 303
4254 11876 204
4255 11935 203
4256 6239 203
4259 6240 203
4265 4267 202
4269 4270 303
4271 4272 202
4274 16361 202
4275 10736 202
4276 4278 306
4279 6232 202
4281 15221 202
4282 7475 202
4285 4713 303
4286 4714 304
4287 6712 205
4288 11516 203
4289 6708 310
4290 7386 202
4291 4295 305
4292 15901 203
4293 4716 202
4294 4297 304
4296 4719 203
4298 4718 303
4301 4307 305
4302 6720 202
4303 4308 306
4305 15867 204
4306 4311 303
4309 6725 303
4310 4315 303
4313 4317 303
4314 4321 303
4316 4318 305
4319 7407 202
4320 4720 202
4322 15903 204
4323 4326 303
4327 4328 303
4329 4330 202
4331 4335 303
4332 6749 202
4333 17206 202
4334 16977 202
4336 4727 303
4337 6683 203
4339 7029 203
4341 15924 202
4342 17210 202
4343 4344 303
4345 4353 304
4346 4349 303
4348 4354 305
4350 15895 205
4352 6755 304
4355 4356 304
4357 7058 203
4358 11523 303
4359 16343 203
4360 4365 203
4361 4734 202
4363 4737 307
4364 13285 202
4366 4701 203
4367 4743 202
4368 4744 202
4369 4699 202
4370 4372 304
4371 4698 203
4373 4374 306
4376 6157 305
4377 7837 304
4378 13471 203
4379 15241 203
4381 4383 202
4384 15861 202
4385 14394 202
4387 11936 203
4390 15863 202
4393 15917 202
4394 12381 202
4395 11094 303
4397 13298 202
4398 4793 202
4400 6822 202
4405 13496 202
4406 6905 202
4407 6907 204
4408 16276 202
4409 4751 304
4410 11728 203
4411 6904 303
4412 7128 304
4413 4417 204
4416 16278 202
4420 7025 202
4427 4431 304
4429 12348 202
4430 6844 204
4433 13271 202
4438 11550 205
4439 13505 203
4441 11963 202
4442 4447 202
4443 7033 202
4448 4451 303
4449 4455 202
4450 6801 203
4452 4457 303
4453 17039 202
4460 6782 203
4463 6780 203
4464 6781 202
4465 6779 202
4466 4762 303
4467 4764 303
4468 6773 202
4469 15259 202
4470 14089 204
4471 4847 304
4472 11476 203
4473 4769 202
4475 4476 305
4479 4480 304
4481 16964 202
4482 4777 202
4485 4492 202
4486 14732 203
4487 11280 202
4488 4490 202
4491 4781 202
4493 14533 202
4494 4779 202
4495 7106 202
4496 7369 202
4497 11953 202
4498 4782 303
4499 7107 304
4500 7370 204
4501 11954 203
4502 14532 202
4503 4505 203
4504 4785 202
4506 4783 202
4508 6881 202
4509 11974 202
4510 7368 202
4513 4786 204
4517 4519 304
4520 15421 203
4522 16323 202
4523 6623 202
4524 17190 202
4525 13987 202
4526 13309 202
4527 13279 203
4529 12401 202
4531 6924 305
4534 7376 202
4535 7380 307
4536 4542 202
4537 6981 202
4540 13299 202
4541 11242 202
4550 16621 202
4554 7012 202
4555 4557 303
4556 4559 202
4558 4562 202
4560 4824 202
4561 4566 203
4563 4565 202
4564 11002 202
4568 4571 202
4570 4574 202
4572 6805 202
4573 4711 303
4575 4577 202
4582 11089 203
4583 11087 203
4584 4590 305
4586 15871 204
4587 12281 203
4588 15870 203
4589 11648 303
4591 4828 304
4592 11210 204
4593 16345 203
4594 4599 202
4595 15869 203
4596 4600 202
4597 4829 305
4598 15242 203
4601 4603 303
4602 15412 204
4604 7118 203
4605 4606 305
4607 4614 303
4608 12364 203
4609 7000 305
4610 4613 303
4611 6939 202
4612 6942 202
4615 11001 202
4616 16972 202
4617 4802 202
4618 6943 202
4619 15878 202
4620 15879 203
4621 6946 303
4622 4804 202
4623 13440 203
4625 4629 202
4630 15262 203
4631 11999 205
4632 4634 303
4635 4636 202
4637 4639 303
4638 4852 202
4641 11992 202
4643 4665 202
4644 5817 202
4645 4647 202
4646 4649 304
4648 4652 202
4650 7464 202
4651 4808 202
4653 16624 203
4654 16625 202
4656 11651 203
4657 16344 202
4658 14410 202
4659 7096 204
4660 4662 305
4661 11650 203
4663 15912 202
4664 15273 203
4667 4672 202
4668 5670 203
4669 4671 306
4670 5672 203
4676 4681 304
4677 14404 202
4679 16967 202
4680 4756 202
4683 17188 202
4684 11076 304
4685 4757 203
4690 11110 303
4693 6954 203
4696 4836 202
4697 4835 202
4700 4837 303
4702 16968 203
4703 6835 203
4705 17184 202
4706 4830 202
4707 4710 303
4709 17185 202
4712 7092 202
4715 7477 202
4722 6737 202
4723 15226 202
4725 16804 203
4728 11171 304
4729 7056 202
4731 7481 202
4732 7061 304
4736 7062 202
4738 4740 202
4739 13284 203
4741 4745 202
4742 11948 202
4746 4834 203
4747 11008 204
4750 11567 202
4753 16277 203
4754 11559 314
4755 7127 307
4758 17038 203
4759 7046 203
4760 7077 202
4761 6790 203
4763 6770 202
4765 4767 202
4766 16797 202
4776 4778 202
4780 11955 202
4784 12002 202
4790 4794 202
4791 17288 202
4796 6826 203
4797 12379 203
4798 11946 202
4799 11710 203
4801 4803 202
4805 11612 202
4809 5825 202
4811 4812 202
4813 4817 202
4814 16291 202
4815 4818 303
4816 4821 304
4820 13990 202
4823 13991 202
4825 11721 202
4831 14406 202
4833 11969 202
4838 12394 305
4839 7069 202
4841 11619 202
4842 13989 202
4844 11636 202
4845 11634 202
4846 15919 202
4848 11544 202
4849 11215 202
4850 11572 203
4851 11091 304
4854 11978 202
4856 7178 202
4858 7180 203
4861 6314 202
4862 6276 202
4866 9050 204
4867 16891 202
4868 12258 202
4870 15540 202
4872 14961 202
4873 6352 202
4874 7233 211
4876 14458 202
4877 14429 203
4878 16005 202
4879 15564 204
4880 6414 202
4881 6407 202
4882 4885 305
4884 7244 203
4886 4888 203
4889 15607 204
4890 7223 203
4891 4892 305
4893 7441 205
4894 4897 202
4896 7224 202
4898 6437 202
4899 4902 202
4904 12026 202
4905 4907 203
4906 4908 203
4909 16905 202
4910 7281 304
4911 16479 202
4912 7297 202
4919 7310 202
4920 4922 303
4921 15562 203
4923 16906 202
4924 4930 303
4927 4935 203
4928 16419 202
4929 4933 303
4931 12047 303
4932 12048 203
4934 12660 205
4938 8812 203
4939 4943 303
4940 8817 203
4941 4951 305
4945 15744 202
4946 5020 303
4947 5019 303
4948 11460 205
4949 5311 303
4950 12058 202
4953 10182 203
4954 5305 303
4957 5304 304
4961 10181 202
4964 4967 306
4968 10171 203
4969 10172 203
4970 10283 202
4971 5310 304
4973 10158 202
4974 10277 202
4975 4977 202
4976 4979 202
4978 10151 204
4981 5224 203
4983 10138 203
4986 5057 304
4987 17313 202
4988 5072 202
4989 4990 306
4991 8568 305
4993 5087 304
4994 5089 303
4997 4999 304
4998 9022 305
5000 14268 203
5001 8519 202
5002 15982 202
5003 10217 203
5004 5282 202
5005 5280 202
5006 10200 202
5007 10194 203
5008 10196 206
5009 5011 305
5012 5014 202
5013 5283 202
5015 5018 303
5016 12723 202
5021 5023 304
5022 5025 202
5024 5026 204
5027 5028 310
5029 5301 202
5030 11365 203
5031 5260 202
5033 16657 205
5035 14160 204
5036 15312 202
5037 5039 305
5038 12104 202
5041 17222 204
5042 8287 202
5043 15959 202
5049 11349 203
5050 5140 313
5054 16523 202
5055 5176 303
5058 10244 305
5059 5231 303
5060 10043 203
5061 5229 202
5062 8873 202
5064 8665 203
5065 5238 303
5066 10042 202
5069 16989 202
5070 12090 203
5073 10111 202
5075 10114 203
5076 5081 202
5078 10115 202
5079 5083 202
5086 16854 202
5090 8926 202
5091 12037 303
5093 5096 305
5095 17067 202
5099 8930 203
5101 12069 202
5103 5104 303
5107 14447 202
5108 5111 204
5110 5113 306
5112 15972 202
5114 8385 205
5115 15955 205
5119 14537 202
5120 5267 303
5121 8895 204
5124 5127 304
5125 13336 202
5128 8921 202
5130 16846 202
5131 10357 205
5133 8923 202
5134 8561 304
5135 16501 203
5137 10059 202
5139 8932 202
5141 8636 202
5144 8291 305
5145 12060 304
5146 8559 202
5147 10074 202
5148 12666 203
5150 8623 202
5151 16661 203
5152 10079 203
5153 15980 203
5155 11402 305
5157 5159 304
5158 8915 303
5161 8611 203
5162 5164 303
5163 15994 202
5165 13339 202
5167 5170 202
5171 5175 202
5172 10103 202
5173 8917 205
5174 5296 202
5179 5180 202
5182 7202 205
5185 6298 305
5186 9216 207
5187 7211 312
5189 15551 202
5192 13450 203
5194 6496 202
5196 5202 202
5197 5257 303
5198 5200 202
5199 15379 202
5201 5205 202
5204 5207 202
5206 5212 202
5208 9028 203
5210 5214 202
5211 10253 203
5213 5217 202
5218 10248 202
5220 8288 204
5222 10036 202
5223 13337 202
5226 5228 303
5230 8871 202
5233 9021 202
5236 17312 202
5237 5240 202
5239 5243 202
5241 5244 202
5242 5248 202
5245 5246 202
5247 5252 202
5249 14004 203
5250 12086 202
5251 16410 202
5254 8277 303
5255 5256 306
5261 5263 303
5262 5264 202
5268 16385 203
5269 9032 203
5271 11339 203
5274 5276 303
5275 16406 203
5277 10299 305
5278 8512 203
5284 8499 303
5285 8495 202
5288 10222 202
5289 15341 202
5290 9039 203
5292 16388 202
5298 10109 202
5300 14437 202
5302 10235 304
5303 10286 202
5306 5309 202
5308 17081 202
5314 5317 202
5315 16853 202
5316 5319 306
5318 5322 305
5321 13310 202
5323 14440 202
5324 5593 202
5326 5596 203
5328 9444 203
5329 5331 304
5330 5607 306
5332 9446 304
5333 14021 202
5334 12554 202
5337 5536 203
5338 5464 202
5339 9464 202
5341 8126 202
5343 8229 204
5346 5833 306
5347 9402 303
5348 5351 303
5349 5674 303
5355 5472 303
5356 7982 202
5358 5514 202
5359 5360 304
5361 5527 303
5367 10803 202
5370 5375 303
5373 15717 202
5374 5761 202
5376 5760 203
5377 5380 202
5382 14462 202
5383 17139 202
5386 5389 304
5387 13202 204
5390 5392 202
5395 5397 305
5396 5797 202
5400 5403 303
5405 10622 202
5406 5410 304
5409 5412 202
5411 13381 202
5413 5415 202
5414 5416 202
5418 10832 202
5419 13380 202
5425 10626 202
5429 13755 202
5430 5435 202
5437 15704 202
5438 5762 303
5442 5448 202
5444 10798 202
5445 12153 202
5447 15718 202
5449 9847 202
5452 5459 203
5453 7741 303
5454 5461 303
5457 13590 202
5458 5692 303
5460 5463 202
5462 5466 202
5467 7566 202
5469 13626 202
5470 7575 202
5473 16554 202
5475 16555 202
5478 16053 202
5481 15090 204
5482 5484 202
5483 8298 203
5487 8201 204
5488 8108 304
5489 14879 202
5490 7609 202
5491 12534 203
5492 5498 203
5494 7613 202
5495 7611 204
5497 7608 304
5499 16582 202
5500 7623 203
5503 5749 303
5504 5512 202
5506 5510 304
5507 7778 304
5509 13370 204
5511 14800 202
5516 5739 303
5517 5519 305
5520 5523 303
5521 16569 202
5522 5528 303
5524 16571 202
5526 7649 202
5529 5530 203
5531 14033 202
5532 15595 202
5533 9492 304
5534 14032 203
5535 5742 202
5537 7667 202
5538 13391 202
5540 5544 202
5545 5549 303
5546 8205 202
5547 15832 202
5548 14785 203
5551 5554 303
5552 5560 202
5553 9538 202
5556 5562 202
5558 16588 202
5559 7672 303
5561 8068 202
5564 8319 203
5565 7518 203
5566 7517 204
5567 5571 306
5568 16093 203
5569 5684 303
5570 5577 303
5572 16092 204
5574 7520 203
5575 15152 203
5578 5581 303
5579 7521 203
5580 5583 303
5582 14573 203
5584 5588 202
5586 8320 203
5587 14572 202
5589 7523 203
5592 5594 202
5600 14123 313
5601 5603 306
5602 15161 205
5605 14469 202
5606 5609 306
5610 15827 204
5611 14468 202
5612 5614 202
5613 5691 202
5616 15107 203
5617 5635 203
5618 14648 202
5619 14646 203
5622 5627 202
5626 14484 202
5628 5630 202
5629 7730 205
5633 5636 303
5634 5638 304
5637 5641 304
5639 7690 203
5640 16561 202
5642 15180 205
5643 16560 202
5647 13367 203
5649 7699 203
5652 16917 203
5653 15508 203
5654 15079 203
5655 15789 202
5659 7723 202
5662 12519 203
5663 8231 202
5664 16054 202
5671 5824 202
5675 5841 202
5676 5857 202
5677 5838 203
5680 13393 202
5682 7768 202
5683 5685 304
5687 7522 202
5688 5690 303
5689 7541 203
5699 7756 202
5700 15355 202
5706 12984 202
5707 5708 202
5709 9784 203
5710 16698 202
5711 5715 202
5712 13871 204
5719 16538 202
5720 14026 202
5725 5727 303
5734 16076 202
5735 5737 304
5743 7663 203
5744 13375 202
5745 16090 205
5746 7779 202
5747 9415 203
5748 7506 202
5750 15105 202
5754 7791 307
5755 9551 203
5767 5769 202
5770 5801 202
5774 16709 202
5776 16700 202
5777 10913 202
5779 10879 203
5781 16163 204
5787 5810 202
5789 5813 202
5793 5812 202
5798 10893 202
5799 10797 202
5800 12132 203
5802 5805 202
5806 11830 202
5807 17279 202
5809 10014 304
5811 5815 202
5814 9981 202
5816 5822 202
5819 13902 202
5827 12113 202
5828 5832 304
5830 7910 202
5831 12539 202
5836 5840 202
5837 12140 304
5839 5855 202
5844 7804 202
5847 5861 202
5848 16826 202
5849 12110 202
5850 7817 202
5851 7815 203
5856 8428 203
5858 5862 305
5860 16857 202
5863 14470 202
5864 13387 202
5865 7828 202
5866 12579 202
5868 16858 202
5869 7836 304
5870 7835 203
5871 5876 303
5872 12123 203
5873 12120 205
5874 12122 202
5875 13598 202
5877 14473 202
5879 16859 202
5880 8800 202
5881 5884 202
5882 8997 202
5883 15740 202
5885 6051 202
5886 10434 303
5893 5894 303
5897 5898 202
5899 5904 303
5901 12159 202
5906 16135 202
5907 16705 203
5908 16131 202
5909 8996 202
5911 5912 303
5915 6101 303
5916 5918 304
5919 5921 202
5920 5923 202
5922 5927 202
5925 16716 202
5926 5929 202
5928 14039 202
5931 14038 202
5933 5934 202
5935 5937 202
5940 5945 202
5942 15657 203
5943 5946 202
5949 5950 303
5951 6065 202
5952 6066 310
5953 12703 205
5956 12171 202
5957 13416 202
5958 12172 203
5959 10398 203
5960 6218 303
5961 15808 202
5963 6236 202
5966 15839 204
5968 15798 202
5970 15145 202
5971 5973 303
5972 9096 202
5974 6255 303
5976 9136 304
5977 6233 308
5978 13404 202
5981 5984 202
5983 15200 203
5985 10697 202
5988 15201 202
5989 16862 202
5991 6154 202
5996 13218 202
5997 6124 203
5998 14588 203
5999 6012 202
6000 13265 202
6001 10474 202
6002 16046 202
6003 14589 202
6004 8840 304
6005 8863 202
6010 17241 202
6015 6018 304
6016 13238 204
6017 6021 304
6022 8828 203
6027 14983 204
6029 12169 202
6030 15389 202
6031 6033 202
6032 16129 203
6034 6149 303
6035 6151 305
6036 6038 303
6037 16124 202
6039 16221 202
6040 6045 306
6041 16220 204
6042 16235 205
6043 16236 202
6044 16241 206
6047 6048 305
6049 12991 203
6052 6054 202
6053 10568 204
6056 12225 202
6057 6111 202
6058 15364 203
6059 10386 303
6060 8958 202
6061 10526 203
6063 6168 202
6069 10598 203
6070 6072 202
6071 13863 202
6073 6075 202
6077 12223 202
6080 13412 202
6082 12201 202
6083 14502 202
6086 6091 202
6089 6092 303
6090 6094 303
6093 6097 303
6095 6099 202
6102 16147 202
6105 16710 202
6107 16106 202
6112 6114 202
6120 16782 202
6122 13401 202
6123 13641 203
6125 6127 202
6129 13403 202
6132 14043 202
6133 6134 202
6135 9219 202
6139 13422 202
6140 15194 205
6141 15214 202
6143 15211 204
6148 12168 202
6150 16234 205
6153 16780 203
6155 6156 303
6158 16781 202
6159 6160 304
6163 6166 303
6164 6169 303
6165 14494 202
6170 6244 303
6171 12184 202
6172 12193 202
6173 6175 303
6174 6177 203
6176 6179 305
6182 6247 303
6188 9099 202
6194 6250 202
6197 16075 202
6199 6256 202
6201 15494 202
6203 6263 305
6205 10721 202
6206 6210 202
6207 6262 202
6208 10629 202
6211 6264 202
6215 6216 303
6217 6220 202
6222 12209 202
6224 12211 202
6226 6229 303
6228 12212 202
6230 10628 203
6231 15472 203
6237 12180 202
6241 6243 203
6249 15143 202
6259 6260 202
6261 10737 202
6266 7185 202
6267 12270 203
6270 14803 204
6271 15533 202
6272 6566 303
6273 7184 202
6277 6564 202
6278 6285 202
6279 7192 202
6281 6282 202
6283 6287 203
6286 7201 203
6288 12279 202
6289 16472 202
6290 7200 202
6294 12278 202
6297 6300 303
6299 7205 203
6301 6302 202
6303 6307 303
6304 7204 202
6306 6309 202
6308 16023 202
6310 11838 205
6312 7212 203
6313 7354 203
6315 6317 303
6316 6322 304
6318 7353 303
6319 7355 303
6320 16022 203
6321 6327 306
6325 6330 306
6326 16669 203
6328 6334 304
6329 16914 203
6331 6333 304
6332 7217 202
6335 14511 202
6339 17099 203
6340 15539 203
6341 8454 202
6342 8455 204
6343 16890 203
6347 9051 204
6349 7482 204
6353 12262 202
6354 12441 203
6355 14954 203
6358 7166 202
6359 6361 303
6360 6362 202
6364 11760 202
6365 6369 202
6368 6370 202
6371 6372 303
6373 6375 304
6376 12273 202
6377 9349 202
6378 12272 202
6379 6385 202
6380 6387 308
6381 9046 307
6382 16926 202
6384 6389 202
6386 6391 304
6390 6393 303
6394 6551 303
6397 12266 202
6398 15534 203
6400 12316 202
6401 12268 203
6402 15535 202
6403 6406 303
6405 6409 303
6408 8764 202
6410 6413 202
6411 12317 202
6412 6416 202
6415 7267 203
6417 6419 202
6418 12277 204
6420 12331 202
6422 17100 203
6423 12332 202
6424 16677 202
6425 16903 202
6426 15605 202
6427 12734 203
6430 12291 202
6431 12288 202
6432 15622 202
6433 15604 202
6434 12293 202
6435 15623 202
6438 6519 202
6440 6445 202
6442 7257 203
6443 6447 202
6444 6449 202
6450 6686 202
6452 16509 202
6458 13454 202
6461 15579 202
6462 6466 303
6463 12024 202
6467 6471 303
6468 7274 202
6469 15548 203
6472 15546 202
6473 6476 202
6474 12243 202
6475 6582 303
6477 6594 307
6478 15542 202
6479 12242 202
6480 7289 303
6481 7290 306
6482 15543 202
6483 6600 202
6484 6486 202
6485 6595 304
6492 14855 203
6495 7307 202
6497 14830 203
6498 14831 202
6499 6500 202
6504 7326 308
6505 6512 303
6507 16674 202
6508 6511 303
6509 7335 203
6513 6518 202
6514 6517 303
6516 6521 304
6522 15521 204
6523 6528 303
6526 12265 203
6529 6530 305
6531 7340 202
6532 6583 303
6533 6577 303
6534 6579 303
6535 14949 202
6537 6539 202
6538 6540 305
6541 9129 307
6545 12080 203
6547 6592 202
6549 17085 202
6550 7351 203
6553 6555 202
6554 12295 202
6556 13455 202
6557 12232 202
6558 15821 203
6559 15818 204
6560 16553 203
6563 12241 202
6568 14517 202
6570 14809 202
6571 6572 202
6574 14814 203
6578 12329 202
6580 12469 203
6585 12328 202
6586 7459 203
6587 6589 305
6588 12333 203
6596 16021 203
6597 14837 204
6598 12344 202
6599 14835 202
6602 6608 203
6603 6604 202
6606 14519 202
6609 14518 303
6611 12289 202
6613 15289 202
6616 17051 204
6617 6922 307
6619 11045 202
6620 11047 202
6621 11044 202
6622 11046 202
6624 6629 202
6625 11664 202
6626 6636 202
6627 11668 203
6630 11053 202
6632 6634 202
6633 17054 202
6637 11616 203
6638 16451 202
6639 11056 202
6640 11620 202
6641 11058 202
6642 11221 202
6643 14746 203
6645 11591 202
6646 11252 205
6647 11251 203
6648 11573 203
6649 11576 203
6650 11245 202
6652 11581 204
6653 6654 203
6657 6659 303
6658 6663 303
6662 6690 202
6665 11143 203
6666 6669 303
6667 11142 203
6668 6673 303
6674 12349 202
6675 13162 202
6679 14710 202
6680 11510 202
6681 11174 202
6682 11172 203
6687 9040 304
6688 16366 202
6691 11657 205
6699 11250 202
6700 7093 202
6702 16606 202
6703 15264 203
6704 15893 202
6706 16607 202
6707 6709 306
6710 7393 202
6711 7388 202
6713 15934 204
6714 7400 202
6715 15935 202
6718 12403 303
6719 6721 202
6722 6727 303
6723 7151 202
6724 15225 202
6726 15227 202
6728 15224 202
6729 15939 203
6731 15938 202
6733 6734 202
6735 6738 202
6736 16805 202
6739 6740 202
6741 6743 303
6742 6747 304
6745 7052 202
6746 7028 202
6750 16296 203
6751 7054 203
6752 16627 202
6753 11526 303
6754 15233 202
6756 7059 305
6757 6761 304
6758 6763 303
6759 15237 202
6760 15898 203
6764 15899 202
6765 6769 303
6766 7064 202
6767 12395 303
6771 6776 303
6772 6775 203
6774 7075 202
6783 7079 202
6784 7074 304
6787 6789 303
6788 6792 202
6791 11541 304
6793 6795 202
6797 6799 203
6800 7044 202
6809 6811 202
6810 6813 304
6812 6817 304
6814 11007 204
6815 11009 204
6816 7072 304
6818 7070 303
6819 7068 202
6823 13058 203
6824 7111 202
6825 16612 202
6829 16613 202
6831 16969 203
6834 7087 203
6839 6841 304
6840 7110 202
6843 6847 202
6845 12376 202
6848 6854 303
6850 11485 303
6851 15457 202
6853 17196 202
6859 6863 202
6860 7100 202
6865 13493 202
6866 7102 202
6867 6873 305
6868 15251 202
6869 15292 202
6871 6875 304
6872 16888 203
6874 6876 306
6877 7105 202
6878 16601 204
6879 15250 202
6880 7371 204
6882 11529 202
6883 12386 202
6885 7109 202
6886 6889 305
6887 12387 202
6893 6896 305
6894 6961 202
6897 16281 203
6901 7358 202
6902 15890 202
6903 11566 203
6906 6909 304
6908 6911 202
6912 11096 303
6917 6919 202
6920 11005 204
6927 14528 202
6928 6931 303
6929 14529 202
6930 12366 202
6932 14413 202
6936 11125 305
6937 11127 306
6938 7116 202
6947 11010 203
6948 6953 305
6949 7120 304
6950 11611 202
6951 12384 203
6952 6956 202
6955 7123 202
6957 6958 202
6959 15247 204
6960 7122 202
6963 6966 202
6965 12398 204
6967 6968 202
6969 6973 202
6971 8928 202
6972 16974 202
6974 12399 203
6975 6978 304
6976 7377 202
6977 6983 202
6979 6985 305
6980 16975 203
6984 6987 303
6986 11680 203
6989 7152 204
6990 6994 202
6991 12368 202
6992 6999 304
6995 6996 202
6997 17198 202
6998 17199 202
7002 13488 202
7008 7013 304
7011 7132 203
7014 13899 202
7021 12380 202
7023 17182 202
7024 15909 203
7026 17034 203
7027 7030 203
7032 7037 304
7034 15928 202
7035 11997 203
7036 7038 202
7040 11996 204
7041 7045 203
7047 16887 203
7053 16292 203
7063 7065 303
7066 13487 202
7073 12369 202
7078 11160 204
7080 11707 202
7082 11271 202
7083 11540 203
7085 14080 202
7088 13480 202
7090 13485 202
7091 12370 202
7097 7098 203
7112 7115 304
7113 12378 204
7124 16300 202
7125 16280 202
7129 7130 202
7131 7143 202
7135 12363 203
7138 13491 205
7139 12362 204
7144 11183 202
7145 11177 202
7146 11082 202
7147 11637 202
7150 14420 202
7154 13464 202
7155 11623 202
7157 11209 202
7158 7163 304
7159 7160 202
7161 12439 202
7164 14955 202
7168 12440 204
7169 17310 202
7173 13539 202
7179 7409 202
7181 7182 202
7183 7186 202
7187 7189 202
7188 7194 202
7190 7408 202
7191 7193 202
7195 14554 202
7196 13516 203
7197 7199 202
7209 7213 202
7210 14108 203
7214 7412 203
7215 16915 204
7216 13521 202
7218 12476 202
7219 7220 202
7221 7222 304
7225 15558 202
7226 12064 202
7228 9230 303
7229 16927 203
7230 7424 304
7232 10369 203
7235 12449 203
7237 7425 303
7238 7243 202
7240 16898 202
7241 12457 203
7242 14460 203
7245 17091 202
7246 15629 202
7250 7252 303
7253 7254 202
7258 12498 202
7259 12500 204
7260 14846 203
7262 7265 303
7264 9004 202
7266 15531 203
7272 12505 202
7273 7275 203
7276 7279 202
7277 12431 202
7278 15547 202
7280 7283 303
7282 7284 303
7285 7288 303
7286 15612 202
7287 15545 203
7293 15611 203
7294 7299 304
7296 15522 202
7298 14854 202
7304 13700 203
7305 17028 203
7306 10559 202
7311 12420 203
7315 7445 202
7318 12486 202
7320 12497 203
7322 7444 202
7323 7328 305
7324 7330 303
7325 12496 202
7327 9204 202
7329 7332 303
7331 15848 202
7333 7334 202
7336 7422 202
7339 15530 202
7341 15603 202
7342 15602 205
7345 7346 202
7347 7348 202
7349 7352 203
7357 12385 202
7359 12516 203
7360 7469 202
7361 11560 202
7362 13499 203
7367 7479 202
7378 11745 202
7379 17057 203
7381 15904 203
7387 7390 202
7391 7395 202
7392 15220 202
7394 13290 202
7396 17202 202
7397 11521 202
7399 12459 202
7405 15902 202
7414 13718 202
7415 14635 202
7416 7421 202
7420 14817 202
7426 15559 202
7428 15621 203
7429 7430 304
7431 16043 202
7436 7438 204
7437 15610 204
7450 14457 202
7452 12471 202
7453 14456 202
7454 12468 202
7455 7457 303
7456 7458 202
7471 16303 204
7474 16284 202
7480 15236 202
7483 16839 202
7484 8019 304
7485 15642 206
7486 15644 203
7487 8018 307
7488 12520 202
7489 15645 202
7490 7542 303
7491 7547 307
7492 14861 203
7493 7926 304
7496 7600 202
7497 7604 202
7498 9543 203
7499 16030 203
7500 7795 202
7501 7782 202
7502 9437 203
7505 9425 303
7507 7639 305
7508 15358 202
7509 16921 203
7510 7766 202
7511 7762 304
7512 9412 304
7513 8227 205
7514 7621 202
7515 17168 202
7519 15153 204
7526 7773 202
7527 12525 203
7529 7531 303
7530 9540 202
7533 7774 202
7534 7537 202
7535 8217 202
7536 7539 202
7543 15160 202
7544 14788 203
7545 14125 202
7546 7549 303
7548 7554 202
7550 15826 205
7551 7553 305
7555 9449 202
7556 7559 303
7558 8240 202
7560 8238 202
7562 7935 204
7563 7564 303
7565 7569 202
7567 15082 203
7574 7751 202
7578 7750 202
7582 15776 202
7583 13566 202
7585 8195 203
7586 7593 202
7587 7755 303
7588 7590 305
7589 14131 202
7592 15786 202
7594 8296 202
7597 7601 202
7599 8299 202
7606 13547 202
7612 7619 202
7614 16049 203
7615 9572 203
7616 7767 308
7617 7624 203
7618 14563 203
7620 7626 202
7622 8233 202
7627 8230 202
7628 9574 303
7630 8211 202
7636 8079 303
7637 7856 305
7638 7780 304
7640 7642 204
7641 7857 203
7643 8218 203
7644 7647 304
7645 7719 204
7646 7787 202
7648 7654 304
7650 16570 202
7651 17172 202
7652 7786 202
7656 16492 202
7657 14564 202
7660 7666 202
7661 9359 202
7662 7664 303
7670 15835 202
7671 16589 203
7675 14562 202
7676 14565 202
7677 8071 202
7680 8069 202
7681 7684 202
7688 13597 202
7689 7693 202
7691 13561 203
7692 7697 202
7694 7696 203
7695 16587 202
7698 7702 304
7700 7705 303
7701 16584 202
7704 9527 203
7706 9524 203
7707 7708 305
7709 7714 303
7710 16088 202
7712 9532 304
7713 9530 203
7715 13592 203
7718 7794 202
7720 8315 204
7721 15100 204
7724 14158 202
7725 8208 202
7726 16091 203
7728 14478 202
7729 12547 203
7731 13562 304
7733 7743 202
7738 7820 202
7739 7819 202
7740 16044 203
7752 7754 202
7758 7764 202
7759 8300 203
7761 7763 303
7772 15157 202
7775 15158 202
7777 8311 202
7788 17246 202
7790 12532 303
7796 15106 206
7797 15108 204
7798 7818 202
7800 7802 202
7805 16352 202
7806 7824 202
7807 16441 202
7813 7832 303
7821 12141 203
7826 14893 203
7838 7841 309
7839 7986 203
7840 9479 205
7842 7989 203
7843 7845 304
7844 7847 304
7846 9481 202
7849 9485 204
7850 9487 203
7852 7858 303
7853 12549 202
7854 9489 203
7855 9355 202
7859 7862 304
7860 9354 205
7861 7865 202
7863 12553 202
7875 7876 303
7877 7879 304
7878 9362 202
7884 8100 202
7888 8099 303
7889 14888 204
7890 16702 203
7892 15596 202
7896 7899 202
7897 14892 202
7898 7900 202
7903 8105 202
7904 16356 202
7905 16920 202
7906 14904 205
7907 9565 202
7909 9405 202
7911 8106 202
7912 14905 202
7913 7915 202
7916 7919 202
7917 8023 304
7918 8022 202
7920 7922 202
7925 7932 202
7927 16494 202
7928 9448 202
7929 7931 304
7930 9450 203
7933 12563 203
7934 12562 202
7937 7938 202
7939 7940 303
7941 7943 305
7942 7944 304
7947 7949 202
7948 14865 202
7950 14864 202
7955 7956 303
7957 14874 203
7958 7960 202
7965 16505 202
7968 12537 202
7970 7972 303
7971 9429 203
7973 7975 305
7974 7977 202
7978 9433 202
7981 15583 202
7983 9432 202
7984 9441 202
7985 14645 202
7990 7994 303
7992 17116 202
7993 14934 204
7995 9497 202
7996 7998 303
7997 8131 303
8000 8005 203
8002 8424 202
8003 12576 205
8004 9499 202
8006 8010 304
8007 8073 303
8008 12544 202
8011 8013 303
8012 8014 202
8015 14647 204
8016 13735 202
8017 15516 202
8021 16017 202
8024 8202 203
8025 9506 202
8026 8301 202
8028 8030 304
8033 14790 202
8035 8113 202
8036 13938 202
8037 9518 204
8038 13564 202
8039 8040 202
8041 8258 202
8042 8228 203
8043 9577 203
8044 8047 202
8045 14367 202
8046 8089 203
8048 8051 304
8049 15639 202
8050 8055 305
8053 9520 203
8058 14838 203
8059 8062 203
8060 8067 202
8063 8064 203
8065 15598 202
8072 9501 202
8075 8077 303
8091 8093 304
8095 8096 202
8097 9555 202
8110 9569 202
8117 9583 202
8119 16028 202
8127 9509 202
8132 8850 203
8133 8967 202
8134 8966 202
8135 14984 203
8138 10371 202
8139 8352 303
8140 8838 204
8141 14587 202
8142 10379 203
8145 8146 202
8148 8151 202
8152 12643 202
8153 14269 204
8154 11415 202
8155 8517 306
8156 8515 202
8157 8509 202
8158 8161 304
8159 8759 202
8160 8163 202
8164 8476 202
8166 8169 305
8167 8464 204
8168 12635 202
8172 8174 202
8173 10522 202
8176 12612 202
8177 12615 202
8181 8809 203
8183 8810 202
8184 8808 203
8186 8534 305
8187 8538 304
8188 15676 202
8189 14664 202
8190 15674 202
8191 15672 202
8192 8531 203
8193 15745 202
8194 13746 204
8196 8297 202
8198 15787 202
8200 8203 303
8207 14784 203
8210 15096 202
8212 8214 306
8213 15788 202
8216 15570 202
8220 14791 205
8221 9515 205
8222 16908 203
8223 15634 203
8224 9145 202
8226 8232 202
8234 9203 202
8241 16045 202
8242 13673 203
8243 8384 203
8244 8586 206
8245 15302 204
8247 12683 202
8248 8251 202
8249 8643 203
8250 8252 303
8253 8718 202
8254 8290 202
8255 11411 203
8256 8405 203
8257 8640 203
8262 8667 306
8263 15945 203
8264 11431 203
8265 11425 203
8266 11424 203
8267 8662 202
8271 13812 202
8272 9264 303
8273 9266 303
8274 8281 303
8275 11429 202
8276 11464 202
8278 8868 202
8279 8391 202
8280 8282 203
8283 11465 203
8284 17223 202
8285 8580 205
8286 11354 205
8289 15299 204
8292 11440 204
8293 11397 202
8306 16086 202
8307 14946 203
8308 16016 204
8309 15159 204
8313 8314 202
8316 8318 304
8317 13623 202
8322 8324 303
8325 8326 202
8327 8329 202
8331 9094 203
8332 9103 202
8333 9164 303
8334 16596 202
8336 9115 202
8337 13722 203
8338 10490 202
8340 10492 306
8341 10496 202
8343 12909 202
8346 14152 202
8347 8367 303
8350 12718 203
8351 8973 203
8353 15660 202
8354 8956 303
8355 8356 304
8357 8358 202
8359 8361 202
8360 8363 303
8362 8950 202
8365 12691 203
8366 8946 202
8368 8370 310
8369 12603 203
8372 10252 203
8373 10261 203
8374 8379 203
8375 16224 202
8377 8745 202
8378 16226 205
8380 14173 203
8381 16227 203
8386 14724 202
8389 8708 202
8390 8395 202
8393 12587 202
8394 8397 202
8398 8726 202
8399 11435 202
8404 14613 202
8407 9201 202
8408 13604 202
8409 14142 304
8412 8419 202
8414 8416 304
8415 9323 203
8420 15198 203
8422 16364 202
8423 13607 202
8425 16368 202
8427 8429 303
8433 9351 203
8434 9298 207
8435 8439 304
8438 14956 202
8440 9295 202
8443 8447 303
8444 8457 303
8445 9254 202
8448 8458 202
8449 14959 203
8450 14958 204
8453 17309 202
8459 15497 202
8460 16225 202
8461 8752 303
8465 8467 306
8466 15070 203
8468 8753 304
8469 8754 202
8470 11303 202
8471 8472 202
8473 8475 202
8474 15751 202
8477 17137 202
8481 8483 204
8482 16944 202
8484 16945 202
8485 8489 303
8488 8490 202
8491 8493 203
8492 8496 304
8494 11316 202
8497 14603 303
8498 11311 203
8500 13639 203
8501 8502 303
8503 8510 202
8504 8761 202
8505 8506 303
8507 8508 202
8511 12671 202
8513 9024 202
8514 8516 202
8518 11300 202
8520 8522 303
8521 15670 202
8523 8525 303
8524 8527 202
8526 8530 303
8528 15673 202
8529 10027 204
8533 11291 203
8536 12652 202
8539 12588 205
8540 16543 202
8541 10022 202
8542 16540 209
8543 12624 204
8545 8547 305
8546 12659 203
8550 12661 204
8551 8552 202
8554 15683 203
8555 11322 304
8556 8816 202
8557 12654 203
8558 8627 306
8560 15976 204
8562 8642 303
8563 10218 203
8564 15953 202
8566 11336 203
8569 8605 303
8571 8572 202
8573 8582 202
8574 8763 203
8575 16982 202
8577 8715 203
8578 12675 203
8579 15987 203
8581 8762 203
8583 10035 203
8585 11362 202
8590 15952 202
8592 11369 202
8594 8597 202
8596 15950 202
8598 15949 202
8602 13600 202
8603 11375 202
8604 10028 202
8608 11382 204
8613 11385 203
8614 11396 202
8617 8620 202
8625 12667 202
8626 11443 202
8628 13660 202
8630 11442 203
8631 8632 205
8633 8635 304
8641 8719 303
8644 8647 303
8645 11410 202
8649 8721 202
8652 12662 203
8653 10037 203
8654 13118 202
8656 8659 202
8664 8666 304
8668 14196 202
8669 12005 202
8670 13088 202
8671 12647 203
8672 13822 205
8673 12646 203
8674 8679 303
8675 12645 202
8676 16664 202
8677 11343 205
8678 8680 202
8681 8683 303
8684 16629 203
8685 12672 202
8686 14615 202
8687 8688 303
8689 15298 203
8690 16654 203
8693 8697 303
8694 8728 304
8695 8698 304
8696 8700 202
8699 8703 202
8701 9020 202
8702 8707 202
8706 8709 303
8710 11419 202
8712 11417 202
8713 14608 202
8714 10262 203
8717 11444 202
8722 11451 202
8725 13651 202
8729 13650 202
8730 10271 202
8731 13653 202
8732 16766 202
8733 14952 202
8739 15323 203
8740 8744 202
8741 10154 202
8742 13098 203
8743 8749 203
8747 10165 303
8748 8751 203
8765 8766 307
8767 15536 204
8768 8943 303
8769 12619 203
8770 12617 202
8772 12728 203
8773 8774 202
8775 8778 202
8779 12760 202
8780 10443 203
8781 8784 202
8782 12762 202
8785 8788 202
8786 8790 202
8789 8793 304
8792 8798 202
8794 8797 202
8801 12698 202
8803 10431 203
8804 10415 203
8820 12694 202
8821 8992 202
8823 8824 304
8825 8829 305
8827 16738 202
8830 8960 202
8831 10385 306
8836 14966 202
8839 14964 203
8842 8846 304
8843 10519 202
8845 10370 202
8847 14985 203
8849 14192 202
8854 8857 303
8855 12687 202
8856 8861 303
8858 16143 202
8859 12688 202
8860 12575 203
8862 8962 202
8866 10228 203
8867 8870 202
8872 10245 305
8874 10473 202
8876 15969 202
8880 8882 305
8883 11307 306
8884 10247 203
8885 14197 202
8887 10055 203
8889 10053 202
8892 8897 202
8898 10137 202
8901 9037 202
8902 10102 202
8903 10104 308
8904 10107 305
8905 13794 203
8907 15294 202
8910 15981 202
8911 10319 303
8912 15332 204
8918 11341 202
8920 12070 202
8922 9133 202
8924 10127 202
8925 10129 202
8933 15027 202
8935 16660 202
8940 13681 202
8944 13584 202
8947 10536 202
8954 12203 202
8955 12709 204
8957 16734 202
8963 8964 202
8965 8968 202
8970 16132 204
8971 16706 202
8972 16133 202
8975 12719 202
8978 8980 203
8981 16116 202
8982 16703 202
8983 13666 202
8984 17259 202
8985 8987 303
8986 16114 202
8989 8993 202
8990 12908 304
8994 12692 204
9005 16481 202
9006 9010 303
9008 12756 203
9009 16231 202
9011 10836 203
9012 12757 203
9013 9015 203
9014 14617 202
9017 10554 203
9023 12746 203
9025 9027 202
9036 10322 202
9038 11404 203
9044 16376 203
9048 16912 202
9049 14643 202
9055 9058 202
9060 9062 203
9061 9167 202
9063 13193 203
9064 9068 202
9074 15849 202
9077 16579 202
9080 12488 202
9081 16244 203
9084 9149 203
9085 13246 202
9086 9182 204
9087 15151 204
9088 9183 202
9089 9090 202
9091 9092 303
9095 9097 202
9100 9102 304
9101 15799 202
9104 9185 303
9106 12766 203
9108 13723 303
9110 9112 202
9116 9189 202
9119 12018 202
9122 9193 202
9126 15202 202
9127 9130 202
9132 9134 303
9135 9137 303
9140 9146 202
9141 9177 202
9147 14631 202
9154 9156 202
9157 14637 202
9158 12593 202
9159 16094 202
9162 15843 202
9179 9181 202
9187 16073 202
9188 15138 203
9195 9197 202
9199 9202 303
9205 16258 202
9206 9210 202
9211 9213 202
9212 9215 202
9221 9225 303
9222 15496 203
9224 9227 303
9226 14210 202
9234 9243 202
9238 9244 304
9240 15219 203
9242 9247 303
9245 9248 303
9246 9322 204
9249 12775 202
9250 9314 202
9252 16265 204
9253 16835 202
9257 16834 202
9262 9345 304
9263 12802 203
9269 15484 205
9271 15486 202
9273 9350 202
9274 14203 202
9275 9281 304
9276 9278 305
9277 14061 202
9279 17063 204
9280 12817 203
9282 17308 202
9283 16838 202
9285 9320 202
9286 9290 306
9287 12812 304
9288 16380 202
9292 16372 202
9293 14957 202
9297 9339 202
9302 9304 306
9306 13611 202
9307 9308 202
9310 12640 203
9312 12639 202
9317 11289 203
9318 9321 202
9326 9328 303
9329 13712 202
9330 12818 203
9332 12799 202
9333 13616 202
9335 13714 202
9336 15480 203
9340 9342 202
9353 16867 202
9356 9360 202
9358 15515 203
9361 9365 202
9363 9367 202
9364 9368 202
9366 9371 202
9372 9374 202
9375 9377 303
9380 9556 202
9382 9384 304
9383 14889 203
9385 14651 202
9386 16483 203
9387 15597 203
9388 9559 202
9389 14890 203
9390 14650 202
9392 9561 203
9395 9397 304
9396 9399 305
9400 14897 205
9403 14895 202
9406 9408 202
9407 14908 202
9409 17230 202
9413 9414 303
9416 9585 303
9417 9419 202
9422 13567 202
9423 9426 304
9427 9545 303
9428 12536 202
9430 9544 202
9431 9435 202
9438 14797 202
9439 12826 202
9443 15588 202
9451 11809 202
9452 9459 303
9453 14862 202
9455 9457 202
9456 15646 202
9458 9466 202
9460 9463 202
9461 15647 202
9462 9468 202
9471 9590 202
9472 9474 202
9477 9542 202
9480 9484 303
9483 9486 303
9490 9495 303
9498 9503 202
9507 9567 202
9508 14132 203
9511 13744 202
9513 9514 204
9522 9547 202
9525 12820 202
9526 9550 202
9528 16488 203
9529 15509 202
9533 16487 202
9536 11898 202
9539 14787 202
9541 15772 202
9548 14919 203
9549 12823 202
9554 9557 202
9560 14894 202
9562 14896 203
9576 9578 202
9579 14912 203
9586 12832 202
9589 14866 202
9592 9612 202
9594 14781 203
9595 16947 203
9596 9601 304
9597 9613 303
9599 9603 202
9602 14777 202
9604 14775 204
9605 10742 202
9606 14774 205
9607 15649 203
9608 15648 203
9609 10738 203
9610 9614 202
9617 9619 202
9618 15695 204
9621 9623 202
9626 15755 203
9627 13845 202
9629 17016 202
9630 12859 202
9632 9854 202
9635 17271 203
9636 11847 202
9637 14696 202
9640 10842 204
9642 9975 202
9643 13754 202
9646 12839 202
9648 9795 303
9650 12841 202
9651 9653 202
9655 9656 304
9657 15019 202
9658 9801 304
9659 10969 203
9661 10962 202
9662 9667 303
9663 9815 303
9666 10833 203
9668 10687 203
9669 9673 306
9670 9822 304
9671 10955 203
9674 9676 202
9675 9820 303
9678 15029 202
9680 16177 204
9682 10817 202
9683 9844 203
9684 9688 304
9687 13015 202
9690 9906 303
9691 9910 304
9692 15684 202
9693 9698 202
9694 10904 203
9695 9697 306
9699 9917 202
9700 9919 202
9701 9922 203
9702 10896 204
9703 9921 306
9705 10608 205
9706 9710 202
9707 9935 202
9708 9937 303
9709 10606 202
9713 9939 202
9714 9941 303
9715 15048 203
9716 15722 202
9718 15051 202
9719 9720 303
9721 9722 304
9723 9724 202
9725 10781 202
9726 9729 305
9727 9957 304
9730 10870 202
9732 10015 303
9733 10871 202
9736 9964 303
9737 14314 203
9738 9743 304
9740 9977 305
9741 16755 203
9742 9749 202
9744 9746 202
9745 9980 203
9750 13759 203
9751 9986 205
9752 15760 202
9753 9988 203
9754 9985 303
9755 9757 305
9756 12868 202
9758 9873 202
9759 9761 202
9762 10688 303
9763 10577 202
9764 13035 202
9766 9845 303
9767 9838 303
9770 12967 203
9771 12848 202
9772 13025 203
9776 12849 203
9778 10575 203
9779 15851 202
9780 12851 202
9782 10874 202
9783 13779 203
9788 9794 303
9790 12838 202
9791 9792 202
9796 15707 202
9800 16178 202
9802 15018 202
9803 9805 303
9806 9809 202
9807 10965 202
9808 9811 304
9810 9816 303
9812 10682 202
9813 10960 203
9814 10963 202
9818 9821 303
9819 10957 204
9823 10953 204
9824 16758 202
9825 10826 202
9826 9829 202
9828 9831 202
9832 12844 202
9833 12842 202
9834 10822 202
9837 10942 203
9840 9914 202
9841 13033 204
9842 9846 303
9848 10600 303
9849 16183 203
9850 9853 304
9855 10678 202
9859 9860 303
9861 9863 303
9862 9864 202
9866 17266 202
9870 9872 202
9874 9878 303
9875 9998 203
9876 16184 203
9877 16742 202
9880 16185 202
9881 9882 303
9883 16747 202
9884 9887 202
9889 16218 203
9890 10986 202
9891 10666 304
9894 13790 202
9896 10992 202
9899 10990 202
9900 16210 202
9901 10673 202
9902 10815 202
9903 9933 204
9904 10669 202
9905 10906 202
9908 10671 202
9911 9913 303
9912 9915 303
9916 9918 303
9920 10902 203
9923 16192 202
9924 10609 203
9926 10804 203
9927 10611 202
9929 10899 203
9930 10894 202
9931 9934 305
9932 14261 304
9936 9940 304
9943 10795 203
9944 16164 202
9945 15049 202
9946 14253 202
9947 12864 203
9948 14657 202
9949 10786 204
9950 14252 203
9951 10885 202
9952 12870 202
9953 9956 303
9954 15057 203
9955 14259 202
9958 10883 202
9960 14317 202
9961 9963 303
9966 10936 202
9968 16206 202
9969 16753 202
9970 15059 202
9971 9974 304
9978 16754 202
9982 9984 305
9983 13756 202
9989 17014 203
9992 9997 303
9994 10013 303
9995 16748 203
9999 16749 202
10001 10005 202
10002 17262 202
10003 10007 303
10006 16196 202
10012 13011 202
10016 14689 204
10017 10019 306
10021 12882 202
10024 15662 202
10025 10169 202
10026 12877 203
10029 10117 305
10030 10116 305
10031 10120 303
10032 16656 205
10033 15973 202
10038 13807 203
10039 11448 202
10044 12885 305
10045 10047 202
10048 10051 303
10052 10056 202
10054 10058 304
10057 10060 303
10061 10062 202
10063 10064 202
10065 10067 304
10066 10317 203
10068 10316 202
10069 10070 202
10071 10072 303
10075 10078 304
10077 16390 202
10081 14750 203
10082 16635 203
10083 16391 202
10084 10088 202
10089 10093 202
10094 15978 204
10096 10099 202
10097 10320 202
10098 10101 203
10100 10323 202
10105 10325 305
10106 10108 304
10110 10324 202
10118 15975 202
10119 10296 305
10122 10125 202
10124 10128 202
10130 15348 203
10139 10142 303
10140 10232 202
10141 10145 202
10143 10148 202
10144 10150 202
10146 13810 202
10147 10360 303
10149 10153 202
10156 10159 304
10157 10274 202
10161 10278 303
10162 10276 202
10163 10264 303
10166 10280 202
10167 10284 305
10168 10170 202
10174 13662 203
10175 10179 304
10178 15992 202
10183 10237 304
10187 10350 203
10188 10193 303
10189 16848 202
10190 10198 303
10191 10352 305
10192 10195 202
10197 10202 303
10199 10354 304
10201 15991 202
10203 10204 303
10205 10206 203
10208 15077 202
10210 12747 202
10211 12748 202
10213 10215 202
10214 10216 202
10224 10231 203
10225 10227 202
10229 10358 303
10230 10233 202
10236 10238 303
10240 10289 303
10241 14675 202
10250 10257 304
10254 10340 202
10255 10258 202
10256 16096 202
10259 10344 202
10265 10282 202
10266 14950 202
10269 10341 202
10270 10345 304
10272 10366 202
10279 10281 202
10287 10290 303
10288 12886 202
10300 10303 202
10302 10305 303
10306 10309 202
10308 12898 203
10310 10332 202
10313 10338 202
10314 12751 202
10326 14953 203
10327 16396 203
10328 10330 304
10329 16399 202
10331 10333 202
10334 10337 202
10336 10339 202
10346 16411 202
10351 16849 202
10353 12892 203
10363 10364 202
10367 13811 202
10372 10518 202
10373 10378 303
10376 10520 202
10380 10383 305
10381 13952 202
10382 16693 202
10387 10524 202
10390 10523 202
10391 10528 204
10393 10534 304
10394 10400 303
10396 10399 305
10397 10535 202
10401 16142 203
10402 10597 203
10403 10531 303
10404 14998 203
10407 10504 202
10410 10412 202
10413 17125 202
10416 10468 303
10418 10422 202
10420 10424 304
10425 10427 305
10426 10428 202
10429 10510 202
10430 12924 203
10432 10511 305
10433 10513 304
10435 10436 202
10437 10438 202
10439 10441 203
10440 13630 203
10442 10448 202
10444 10447 202
10446 10451 202
10449 10452 303
10450 10455 303
10453 10457 202
10454 10459 303
10456 10463 202
10458 12616 203
10461 10464 303
10465 10466 306
10467 12943 203
10469 10659 203
10471 15316 202
10472 16009 202
10478 10481 303
10482 12620 203
10486 10491 203
10487 12443 202
10503 15388 202
10505 15005 202
10508 16109 202
10509 17252 202
10512 10515 202
10517 13631 203
10521 13838 202
10537 10539 304
10538 12916 202
10541 10543 202
10548 14286 202
10549 10551 303
10550 12221 202
10552 13589 202
10553 11919 204
10556 12934 202
10560 12941 202
10563 10565 202
10564 10567 202
10569 17141 203
10572 10926 203
10578 15004 203
10579 15659 202
10595 10639 203
10596 10640 202
10601 10850 204
10602 10605 303
10603 10854 202
10604 15698 204
10610 13009 203
10612 15756 202
10613 10848 203
10615 10970 202
10618 15757 202
10619 10772 202
10620 14968 204
10621 10824 202
10623 10950 202
10624 15022 203
10625 10829 202
10632 13013 202
10633 12966 203
10638 16723 202
10648 10664 202
10649 10700 202
10651 10701 303
10652 12976 202
10657 17256 202
10658 10663 202
10660 12957 202
10665 17007 202
10667 14973 203
10670 16208 202
10672 13014 202
10674 10914 202
10676 16203 202
10677 10934 202
10679 10771 202
10680 10974 202
10683 10685 303
10693 13003 202
10696 13869 202
10698 10703 303
10704 10706 202
10714 10717 202
10716 10719 202
10724 13861 202
10729 13857 203
10730 12214 203
10741 10745 303
10743 14776 202
10750 10866 202
10754 14248 203
10755 10759 303
10756 10760 202
10758 14328 202
10761 10762 202
10767 13877 203
10770 16525 203
10774 10823 202
10776 16532 202
10777 10825 203
10784 16518 203
10785 10789 303
10790 10891 202
10792 15053 202
10796 14685 203
10801 10802 202
10805 10898 303
10806 16193 202
10807 10901 305
10809 10813 303
10810 10903 303
10811 15039 204
10816 10910 202
10827 10952 202
10828 10830 202
10831 13045 202
10835 10838 202
10837 13668 202
10839 14972 203
10841 10843 202
10844 10932 202
10845 10846 202
10851 16513 202
10852 10856 202
10858 11797 203
10859 15686 202
10860 13046 204
10861 15697 202
10862 13847 202
10863 10976 202
10864 14778 203
10865 15693 204
10867 15691 202
10868 10878 305
10873 10921 202
10876 14688 203
10877 10880 202
10881 16162 202
10886 13840 202
10889 17264 202
10897 10900 202
10907 10911 202
10909 16209 202
10915 10917 203
10919 13875 202
10924 10927 303
10930 10933 304
10935 16207 202
10938 16190 203
10939 10943 202
10945 13028 202
10946 10948 202
10951 16759 202
10954 10959 304
10966 16213 202
10967 10968 202
10971 17270 202
10972 15031 202
10973 12147 202
10975 10977 303
10980 16194 204
10981 11773 204
10982 16197 203
10983 13038 203
10993 13030 202
10994 10997 202
10995 16741 202
10996 13027 202
10998 11113 304
10999 11259 303
11000 11123 202
11003 15456 203
11006 13470 203
11012 11081 303
11022 14719 202
11023 17215 202
11024 15415 204
11025 11028 304
11026 11652 204
11029 11030 303
11031 11655 202
11033 11035 303
11036 17048 202
11037 11038 203
11039 11040 203
11041 11661 202
11051 11055 202
11052 11705 203
11054 11057 304
11059 11063 202
11060 15431 204
11064 16311 202
11065 11624 202
11068 11222 202
11069 11207 202
11070 16313 202
11071 11208 303
11072 16312 202
11073 11074 202
11083 15453 203
11085 16448 202
11086 11227 202
11092 11147 202
11098 11100 202
11101 11102 305
11103 11107 304
11105 11248 202
11106 11593 202
11109 16457 202
11111 11256 305
11115 11261 303
11116 11118 202
11120 13150 204
11121 16269 204
11122 11124 202
11126 11128 202
11131 11686 203
11132 11693 202
11134 11137 304
11135 11239 204
11138 11141 202
11139 17324 202
11140 11675 203
11144 11676 203
11145 11679 306
11151 11152 202
11153 11154 202
11155 16319 202
11156 11504 202
11157 13883 202
11158 14715 202
11159 13882 202
11161 16339 202
11163 14714 202
11164 16341 203
11166 16342 202
11167 11508 202
11170 16469 203
11173 11176 202
11175 11178 303
11179 11181 202
11180 11187 202
11182 11184 203
11185 11264 202
11196 11555 205
11197 11553 205
11199 11276 305
11200 11551 204
11201 12406 202
11202 16309 202
11203 15417 203
11217 11219 202
11220 11223 202
11229 11232 303
11230 13052 202
11231 11741 202
11233 11698 202
11235 11238 202
11241 11244 303
11246 11729 202
11247 12229 202
11249 14505 202
11253 11257 305
11255 11258 303
11262 11530 202
11265 11266 303
11267 11269 202
11270 11538 202
11274 15450 203
11275 11497 304
11277 16818 202
11278 16879 202
11281 16876 202
11282 13063 203
11283 16470 203
11284 11286 303
11285 17332 202
11287 13067 202
11290 11293 303
11292 11295 303
11294 11297 202
11296 11299 202
11298 11301 202
11302 11304 202
11305 11461 202
11306 15072 203
11309 11312 202
11314 11455 303
11317 11459 202
11318 11324 202
11321 15682 203
11323 16928 202
11325 13114 203
11326 16520 202
11327 15746 206
11328 16852 202
11329 13342 202
11330 11335 202
11332 16929 202
11333 14726 202
11337 15295 202
11340 15977 202
11342 17224 203
11344 16665 203
11345 16628 202
11347 13818 202
11348 13605 202
11350 13108 202
11351 11353 202
11356 11438 204
11363 15954 203
11367 15303 202
11372 13091 203
11376 11378 202
11379 11381 202
11383 11384 303
11386 16645 202
11387 11388 304
11389 11391 305
11398 13661 202
11399 13112 202
11401 16222 202
11403 16262 202
11405 11406 303
11408 16988 203
11409 16649 202
11413 17219 202
11426 15378 202
11427 11462 202
11434 13117 202
11436 11439 202
11450 12664 203
11458 15666 202
11468 14951 204
11469 11471 305
11477 16796 204
11478 11534 202
11480 11549 306
11481 11547 202
11483 11548 202
11486 13135 202
11491 11494 202
11492 13532 202
11493 11496 303
11495 11498 202
11500 13898 304
11501 11552 203
11502 13132 202
11506 11536 202
11507 13133 202
11511 11524 202
11514 11532 202
11522 11525 202
11531 13072 202
11533 11535 202
11554 16308 203
11557 16889 202
11558 16301 204
11561 16825 202
11563 11688 303
11564 13156 203
11565 14352 202
11568 11580 202
11569 11744 202
11570 11682 203
11571 11574 304
11575 17056 202
11582 11585 202
11586 13161 202
11587 11588 202
11589 11590 304
11592 11986 202
11594 12324 202
11596 11600 304
11601 11603 202
11602 11607 203
11604 16333 204
11605 13153 202
11608 16332 202
11609 11610 202
11613 16331 203
11614 12326 202
11615 11716 203
11617 16327 202
11622 15432 202
11625 11626 304
11627 11629 303
11628 15435 203
11631 11633 304
11640 12346 203
11642 11694 203
11647 11718 303
11649 11653 303
11654 11659 202
11656 15288 204
11660 11666 202
11662 11665 303
11667 11669 304
11670 11674 202
11671 11703 203
11678 11681 202
11683 13163 202
11684 13154 204
11689 13148 203
11695 14740 203
11696 16316 203
11697 14741 202
11702 11742 203
11706 11709 202
11711 11713 202
11712 11715 202
11717 13155 202
11722 12280 202
11723 11724 203
11727 12228 202
11730 14504 202
11731 16465 202
11733 12325 202
11734 16462 202
11750 15433 202
11754 15113 202
11762 14215 202
11763 13179 202
11772 11774 202
11776 13923 202
11777 11778 203
11784 11792 202
11799 12150 202
11811 12591 202
11825 13166 202
11829 14815 202
11840 11855 202
11846 11851 203
11864 11866 202
11871 13216 202
11888 13970 202
11890 13948 202
11910 13227 202
11911 14378 202
11921 11922 202
11939 11943 203
11941 11945 202
11957 11961 202
11994 12458 203
11998 14354 203
12006 13996 203
12007 14003 202
12009 12036 202
12013 12352 203
12014 12077 202
12017 14432 202
12025 15554 202
12038 12063 202
12046 15747 203
12054 13314 203
12072 13321 202
12111 12121 202
12112 12125 202
12126 14035 202
12143 16831 202
12160 12200 203
12176 12977 202
12177 14496 203
12178 15132 202
12179 15129 203
12185 12979 202
12187 12189 202
12194 12197 202
12202 16118 202
12206 15736 204
12217 13400 202
12231 16330 202
12233 12337 204
12236 12353 203
12237 12356 204
12246 12322 203
12247 13463 203
12250 14515 204
12251 12253 207
12255 12312 202
12260 13541 202
12267 14847 203
12285 12315 202
12290 16034 202
12292 16036 202
12300 12305 206
12301 12321 202
12303 13462 202
12304 12481 208
12311 14514 203
12318 12323 202
12347 15452 203
12354 14509 202
12411 12489 203
12414 12491 202
12417 12490 202
12424 12430 202
12429 12433 202
12438 12454 202
12442 13833 202
12448 14094 203
12452 12480 205
12475 14102 202
12546 13749 202
12557 12559 202
12558 12560 202
12565 16897 203
12566 12568 202
12567 13571 202
12569 15632 204
12577 12581 303
12578 16856 202
12589 16541 203
12614 14155 202
12618 14816 202
12634 13099 202
12638 13708 205
12641 16370 202
12648 17228 202
12649 17225 202
12650 13649 202
12655 13636 203
12689 15399 202
12690 12711 202
12712 12716 202
12729 13612 202
12732 13677 202
12754 14179 202
12772 14171 202
12780 12782 202
12786 16371 202
12787 12789 203
12788 12794 202
12790 13711 202
12791 13724 202
12796 13710 203
12801 12804 202
12803 13705 202
12808 13709 203
12816 14640 202
12819 13715 202
12861 17269 202
12871 14258 202
12876 12884 203
12880 14673 202
12881 13806 202
12889 12891 202
12900 12919 202
12903 14193 202
12921 14289 203
12926 12950 203
12927 12952 202
12929 12933 202
12931 13837 203
12939 12940 202
12942 12944 202
12949 12954 202
12955 17101 202
12959 17276 202
12968 12970 202
12985 13848 202
12986 12988 203
12987 14319 202
12989 14692 203
12996 13001 203
13020 13023 202
13024 16591 202
13031 15850 202
13049 13878 203
13059 15882 202
13060 13120 204
13061 15923 203
13062 13084 202
13082 13086 203
13095 13097 202
13121 15920 203
13122 13138 204
13123 13124 203
13127 13895 202
13139 13901 202
13140 15921 202
13149 16253 203
13158 16250 202
13239 15363 203
13255 16111 202
13272 14399 203
13289 14421 303
13293 13975 202
13332 14000 202
13347 13348 202
13352 14001 203
13353 13998 202
13395 13397 202
13396 13398 202
13399 14490 202
13402 13407 203
13411 16737 202
13420 15793 202
13421 13423 202
13497 15916 202
13503 16809 202
13515 14530 202
13520 14808 203
13523 14097 202
13524 14811 203
13525 14812 204
13526 15618 202
13527 16475 202
13529 15573 202
13533 13535 202
13538 14559 202
13540 14819 202
13560 16586 204
13563 13736 202
13583 14287 202
13594 17104 202
13595 16957 203
13596 15111 202
13599 16861 202
13606 16438 202
13609 15461 202
13628 14165 202
13629 15091 202
13644 14140 203
13645 13997 203
13669 14616 202
13672 16001 203
13676 16902 204
13692 16634 202
13696 17068 202
13697 16395 202
13706 14209 202
13737 16563 202
13738 14794 202
13739 15517 202
13740 15112 202
13748 14793 203
13758 13761 202
13760 13763 202
13769 14247 202
13796 13819 202
13798 14672 202
13799 13813 202
13814 14671 202
13815 14669 202
13817 14670 202
13823 14273 202
13836 14829 202
13841 13842 304
13844 15696 202
13846 15694 204
13949 15395 203
13950 14393 204
13965 16735 202
14114 14813 204
14115 15619 202
14122 14947 204
14143 14144 202
14167 14825 203
14223 15811 202
14316 15056 204
14355 16285 203
14365 16918 202
14366 14856 205
14452 14753 203
14461 14543 203
14479 17238 202
14480 16830 202
14482 15513 204
14483 15109 204
14485 15110 202
14486 15650 202
14542 14545 202
14610 15675 202
14622 16153 202
14636 15134 203
14649 17105 202
14698 14705 202
14701 14708 202
14718 15414 204
14744 15244 202
14752 14757 202
14756 14759 202
14789 15829 202
14792 15512 203
14823 15630 202
14836 15544 203
14843 17095 202
14849 14851 203
14857 15643 202
14875 15585 202
14878 15594 202
14910 15503 202
14913 16500 204
14916 15504 202
14917 16489 202
14918 16012 202
14933 14935 203
14948 15615 202
14967 15739 204
14987 14988 202
14991 15735 203
14992 16547 203
14993 16144 202
14996 16739 202
15001 16149 202
15003 15658 203
15023 16527 202
15026 16172 202
15030 15033 203
15032 16182 202
15058 16204 202
15061 16533 202
15066 16744 202
15067 17131 202
15071 15665 202
15104 15181 203
15114 16059 202
15116 15780 203
15117 16565 203
15123 15845 202
15126 15128 203
15130 15794 202
15131 16070 202
15133 15136 202
15142 16072 202
15150 15495 202
15156 16087 202
15175 16360 202
15179 15800 202
15191 15193 203
15192 15195 203
15215 16574 202
15232 15896 202
15245 17214 202
15258 17197 202
15265 15926 202
15272 15274 203
15280 15282 203
15283 15284 203
15293 16453 202
15317 16640 203
15320 16007 202
15339 15985 202
15365 17005 202
15391 16127 203
15394 16771 202
15402 15944 202
15407 16468 202
15413 16334 202
15416 16306 202
15430 16310 202
15440 15442 206
15443 16819 203
15473 15477 202
15501 15505 203
15502 16486 202
15529 15616 202
15568 17115 204
15569 17233 202
15574 15576 202
15614 16901 202
15617 17098 202
15633 15637 203
15638 15640 203
15641 16919 202
15656 15726 202
15671 17132 202
15677 17134 203
15689 16946 202
15690 15692 203
15715 15716 202
15729 15730 202
15737 15738 202
15761 16514 202
15773 15775 202
15778 16585 202
15779 16956 203
15814 15817 202
15816 15819 203
15822 15825 202
15868 15873 202
15881 17178 202
15883 17179 202
15892 15930 202
15894 15925 205
15908 15941 202
15929 15931 202
15966 16006 202
15967 16641 202
15968 16004 202
15986 15988 202
15996 16666 204
15997 17229 202
16051 16084 202
16052 16678 202
16061 16062 202
16101 16103 202
16112 16115 202
16173 16175 202
16205 17268 202
16237 16238 202
16243 16247 203
16272 17044 202
16297 17035 202
16414 16416 203
16417 16421 202
16420 17072 202
16429 17071 202
16460 16471 203
16626 16976 202
16667 16981 203
16770 16790 202
16773 16776 202
16884 16886 202
16896 17119 202
16899 17114 203
16909 16911 202
16978 17193 202
17299 17303 202
