0 10753 303
1 152 307
2 557 202
3 10994 204
6 16514 206
7 11 206
8 3566 202
9 464 202
10 3591 202
14 16516 203
15 10667 202
18 10618 203
19 17271 304
22 15767 202
23 9809 202
28 5416 202
29 3325 202
32 16081 203
33 1919 204
37 3657 202
38 5787 202
39 18789 203
40 17974 203
41 4005 203
42 12784 203
43 9313 204
44 3676 316
45 6145 306
48 3977 205
49 3981 207
54 18346 202
55 11923 202
60 11748 202
61 11063 202
68 837 308
69 485 211
70 887 206
71 73 310
72 12665 203
74 19663 202
75 6205 202
76 13403 203
77 9067 303
78 4218 303
79 3453 202
80 11878 202
81 1881 202
82 4257 206
83 16597 202
84 4252 305
85 18353 202
86 9782 203
87 3511 203
88 17626 203
89 16538 305
90 14248 303
91 17128 202
94 3519 202
95 472 203
96 9781 307
97 10575 306
98 10768 202
99 2866 306
100 2860 309
101 9865 203
103 9867 202
104 5735 202
105 12133 203
106 12154 203
107 12132 203
108 13923 203
109 18109 303
110 9648 207
111 15706 304
114 435 204
115 3275 204
116 6823 206
117 3353 307
120 492 305
121 3361 204
126 130 309
127 10600 204
128 14475 303
129 2905 203
131 1802 311
132 9915 203
133 1806 303
134 14463 202
135 136 204
137 511 206
138 9905 203
139 18192 303
142 3548 204
143 9267 202
153 5721 306
154 3257 202
155 13378 205
156 3329 203
157 16533 203
158 8239 202
160 12109 203
161 7921 203
162 5010 303
163 9027 204
164 16085 304
165 13371 303
168 9285 202
169 3960 303
172 11890 202
173 10761 202
174 9949 202
175 10565 202
176 641 205
177 6175 208
178 625 304
179 3537 202
180 884 202
181 3462 205
186 634 304
187 14360 202
188 3952 204
189 19329 202
192 3684 305
193 2862 205
196 351 307
197 9041 205
198 9346 203
199 12451 204
200 14064 202
201 9350 203
202 4891 202
203 16367 203
204 3185 307
205 7227 203
206 9288 202
207 9230 207
208 6393 304
209 17109 203
210 6395 204
211 17084 202
212 3187 306
213 6549 305
214 15526 202
215 7350 303
216 15527 202
217 12298 202
218 570 309
219 250 303
220 10527 204
221 14049 204
222 2123 307
223 3477 202
226 12487 203
227 7313 207
228 6507 207
229 297 203
230 7316 205
231 7325 203
232 3630 204
233 6438 205
234 4900 203
235 6439 203
236 9051 205
237 9301 304
238 13178 203
239 13179 202
240 10708 304
241 9307 204
242 7850 304
243 6715 203
244 6988 203
246 6976 203
247 13041 202
248 321 203
249 11759 203
251 12495 202
252 6547 205
253 254 205
255 326 202
256 3681 305
257 9269 202
258 349 308
259 6455 203
263 9893 203
264 12523 202
265 10937 204
267 1695 202
268 1665 305
269 2508 304
270 18108 202
272 17789 204
273 5850 203
274 2484 203
275 8054 307
276 8055 208
277 8048 204
278 8088 305
279 9520 204
282 9408 203
283 14233 303
284 2501 202
285 8094 203
286 5546 206
287 9373 304
288 14508 202
289 12494 203
291 7319 203
292 14632 202
293 2608 205
294 17281 202
295 2566 204
300 8562 207
301 5128 303
302 3415 202
303 1469 202
304 4637 204
305 4639 305
306 5985 303
307 8419 202
310 8434 309
311 9298 204
314 3775 203
315 6349 203
318 15813 306
319 2032 211
320 18345 202
322 1257 202
323 11810 202
324 12081 202
325 9202 203
327 15797 202
330 5184 204
331 2051 206
334 15178 203
335 9172 205
336 3432 306
337 9097 204
338 3434 203
339 6194 202
340 3967 205
341 345 303
342 3534 203
343 10724 202
344 11881 205
346 15559 202
347 358 205
348 350 204
352 15621 203
353 15497 204
354 3779 303
355 357 209
356 8459 206
359 361 203
360 9231 204
366 13713 202
367 12818 202
368 9334 202
369 9330 303
370 11815 311
371 13703 205
372 11814 309
373 3766 203
374 3759 306
375 3756 305
376 13617 202
377 3760 204
378 16444 202
379 19676 202
380 19493 202
381 13704 202
382 19492 202
383 19146 202
386 2188 202
387 16371 202
388 12786 203
389 19439 202
390 12641 205
391 12785 204
396 15135 203
397 6224 202
398 17975 202
399 3675 204
400 3962 203
401 3982 202
402 3729 202
404 7759 202
405 9511 204
414 9798 202
415 9662 205
416 10828 307
417 9677 206
418 9955 203
419 13034 202
420 3585 203
421 9954 202
422 9976 203
423 3024 202
424 18737 202
425 10017 204
426 3384 206
427 9837 202
428 2923 208
429 2927 202
430 9799 203
431 3268 304
432 18121 202
433 3270 303
434 15015 202
436 12837 202
437 9792 202
438 3277 202
440 3276 204
441 9891 306
443 10615 202
448 10797 205
449 10794 203
450 5799 202
451 10799 202
452 14260 305
453 3379 203
454 9935 205
455 1817 307
456 10900 205
457 15717 207
458 13032 304
459 9700 204
460 13202 303
461 5387 306
462 10673 202
463 10815 204
465 14245 202
466 9780 204
467 14313 202
468 9778 303
469 3521 306
470 9761 304
471 13010 202
473 10991 202
476 13779 202
477 2877 202
478 5719 202
479 13208 202
480 523 202
481 10762 202
482 15977 305
484 3410 207
487 4276 203
488 10574 306
489 9759 204
490 5759 202
491 9760 202
493 3355 202
494 13360 202
495 11791 202
496 19288 202
497 2902 306
500 9716 305
501 504 205
502 9712 204
503 12846 303
505 12438 202
508 10808 202
509 2940 202
510 13930 202
512 19524 202
513 19525 202
514 13921 304
515 1761 205
517 5713 202
518 2876 203
519 5717 202
520 5714 308
521 2873 206
522 10763 203
524 4551 202
525 3064 307
528 11246 304
529 4534 202
530 14160 202
531 5268 304
546 13459 304
547 12477 305
548 13769 202
550 14246 202
551 3569 203
552 3568 202
553 3590 202
554 10990 203
555 3555 304
556 9762 202
558 3546 203
559 14249 202
560 14026 204
561 10576 203
562 10755 304
563 11853 303
564 6559 202
565 15816 202
566 12334 202
567 15819 303
568 15807 202
571 15784 208
574 12410 202
575 3467 204
580 11758 202
581 2828 204
588 5725 203
589 13024 202
590 14990 203
591 16359 203
593 19182 202
596 3406 202
597 6144 203
598 16624 203
599 11526 202
600 1876 203
601 5991 203
602 3742 303
603 6158 303
604 13611 303
605 4368 308
611 15129 203
614 9171 203
615 617 205
616 619 304
618 13408 202
620 6222 202
621 13857 202
622 18849 202
623 885 304
626 12213 202
627 4253 204
628 19521 202
629 6238 203
630 4256 205
631 15139 202
632 13723 203
633 2834 202
635 6161 202
636 14310 203
637 12766 202
638 6242 204
640 12193 202
643 4213 202
644 2997 205
645 6176 203
646 4200 305
647 17153 203
648 6193 202
649 6195 202
650 5969 202
654 900 309
655 17149 203
658 18717 202
659 902 206
660 17143 203
661 3816 312
662 1895 202
663 5895 202
664 16110 304
665 10420 303
666 10417 304
667 669 305
668 10661 202
670 17252 202
671 4116 310
672 1921 203
673 1863 305
674 13257 202
675 6078 203
676 12195 203
677 17125 202
678 4118 204
679 16728 202
680 683 203
681 17007 202
682 11860 202
684 10698 202
685 10408 202
688 16446 303
689 9183 202
690 12188 204
691 12970 203
692 14630 202
693 3427 202
694 6202 204
695 1925 203
698 4024 203
699 12905 204
702 8350 202
703 11864 203
704 13216 203
705 707 206
706 12161 203
708 6084 204
709 16137 202
710 893 202
712 14503 306
713 12995 305
714 16703 305
715 16117 307
716 8963 304
717 10530 202
718 847 206
719 796 205
722 14987 204
723 4082 203
724 6069 203
725 3911 203
726 18765 203
727 12605 203
728 13959 202
729 8944 203
733 10401 203
738 8829 309
739 6020 207
742 5903 204
743 17928 202
744 13407 202
745 5978 203
746 6262 303
747 14042 204
748 9063 206
749 6129 309
751 11913 203
753 4176 204
762 3863 203
763 6055 203
766 6053 304
767 1777 206
768 4067 303
769 14040 202
770 925 208
771 5898 204
774 15216 304
775 15134 202
778 781 310
779 3881 204
780 18307 204
784 4197 204
785 3414 303
786 16358 203
787 9142 204
788 8185 202
789 9003 204
790 856 306
791 13261 203
792 10396 308
793 16142 306
794 10400 204
795 10394 203
797 10370 203
798 3926 315
799 3901 304
802 5951 305
803 13259 202
804 13632 303
805 3797 204
806 3801 205
807 3813 204
808 12963 202
809 18313 202
810 16136 203
811 8974 202
812 4129 202
817 3724 202
818 3046 311
819 1885 210
820 3674 203
821 4155 202
822 3976 303
826 9322 305
827 9241 203
828 9109 203
829 8334 204
832 11879 203
834 19326 203
835 3429 304
836 17535 202
841 9341 202
842 13253 205
843 13251 204
846 5948 202
848 10594 203
849 10378 304
850 14965 306
851 17941 202
852 10599 203
853 14986 203
854 2803 319
855 13228 303
857 11907 203
858 10586 202
859 10430 203
860 10427 306
861 16712 203
862 3842 204
863 3839 203
864 10505 202
865 18208 202
866 10701 304
867 6028 203
868 8807 202
869 4159 204
870 4104 202
871 4105 202
872 10386 203
873 16100 204
874 13239 205
875 10387 203
876 10525 303
877 3925 202
880 14983 210
881 18086 306
883 4377 204
886 4278 206
888 6133 204
889 13227 204
890 14379 202
891 12219 202
892 8980 304
894 6093 303
895 4130 205
898 6096 211
899 6099 312
903 16714 203
904 3940 204
906 4219 307
907 6187 202
908 6066 304
909 12903 204
910 10641 203
911 11905 202
912 4091 306
913 13260 203
916 13947 202
917 5925 202
924 13946 203
926 6100 203
927 10571 202
930 11968 203
931 12380 202
934 7327 304
935 2048 209
936 11531 204
937 4784 203
945 948 203
946 17200 202
947 4655 303
949 950 305
951 4629 303
952 11217 203
953 11219 204
954 18067 202
956 4522 204
957 6631 202
958 6919 203
959 1178 202
960 13278 303
961 6923 305
962 6925 204
963 4524 203
964 6926 203
965 11245 304
966 4530 204
968 17637 203
969 18386 203
970 1126 204
971 15928 202
972 15263 206
973 1155 204
974 4442 203
975 15892 304
976 13291 202
978 6709 204
979 4283 202
980 13290 203
981 6712 304
986 4723 303
987 19199 206
988 6735 305
989 16805 203
990 6736 206
991 16293 303
992 16348 203
993 7028 202
994 14535 202
995 18646 203
998 11628 304
999 13480 304
1000 2077 202
1001 11222 303
1002 13149 304
1003 15285 203
1004 13059 305
1005 4790 203
1006 14397 202
1007 1187 204
1008 13157 202
1009 3136 303
1010 6827 304
1011 14068 303
1012 4805 204
1013 11114 203
1014 4623 206
1015 3106 310
1016 18647 303
1017 16296 304
1018 11511 204
1019 11171 303
1020 1202 204
1024 16872 202
1025 2290 204
1028 18354 204
1029 11213 204
1030 1146 204
1031 4771 203
1032 4479 203
1034 4775 205
1035 15253 204
1038 4810 202
1039 11286 303
1040 4817 307
1041 16794 206
1042 16960 303
1043 13470 304
1046 11090 203
1047 1049 206
1048 13270 202
1050 11723 307
1051 1113 305
1052 18682 204
1053 4552 306
1054 13533 307
1055 14417 202
1058 11013 203
1059 19374 202
1060 4578 304
1061 4854 304
1062 3079 210
1063 7085 305
1064 1165 202
1065 4576 204
1066 11741 203
1067 11228 203
1070 17053 303
1071 4421 203
1072 17038 303
1073 7039 202
1074 4460 202
1075 3061 203
1076 1079 306
1077 6786 205
1078 6771 204
1080 6772 204
1081 4461 203
1082 2887 308
1083 4469 206
1084 7022 307
1085 11247 307
1086 17183 202
1087 7363 305
1088 13298 203
1089 11094 306
1090 6910 202
1091 1539 303
1095 4764 203
1096 11487 204
1097 4763 202
1098 4312 204
1099 7980 202
1100 15938 203
1101 4322 204
1104 4364 203
1105 19685 202
1106 14350 202
1107 11027 202
1108 2246 203
1110 18995 203
1111 3117 305
1112 17205 202
1116 6639 303
1117 4688 202
1118 12467 303
1119 1174 202
1120 18842 303
1121 16449 203
1124 4420 204
1125 15909 303
1127 4324 204
1128 13884 202
1129 11269 203
1130 1210 204
1131 17055 306
1132 4517 303
1133 6620 203
1134 6917 202
1135 11660 202
1136 4633 204
1137 4375 207
1138 7001 202
1142 16799 203
1143 11168 203
1144 3053 204
1145 4478 204
1148 11751 202
1149 4756 205
1150 11623 204
1151 13277 304
1152 17895 303
1153 6843 204
1154 6800 202
1156 4847 305
1157 11485 304
1158 6642 202
1159 11940 202
1160 11054 203
1161 12466 203
1162 4687 307
1163 4841 208
1164 2308 205
1166 11743 203
1167 11696 308
1168 7025 304
1169 2328 303
1170 13984 202
1171 11139 202
1172 11971 305
1173 7378 203
1175 11704 203
1176 11664 203
1177 4518 204
1179 11666 202
1180 11040 304
1181 17050 202
1182 7365 204
1183 6822 204
1186 16612 202
1188 2223 305
1189 11688 208
1192 8619 203
1193 10091 202
1194 3095 204
1195 4833 203
1196 13983 202
1197 18066 202
1200 18107 303
1201 14402 203
1203 6757 206
1206 4515 203
1207 4516 203
1208 4521 205
1209 2268 208
1211 4519 202
1214 8527 202
1215 10045 203
1216 10044 203
1220 12876 303
1221 4999 204
1223 16249 202
1230 2026 312
1231 12335 204
1232 1236 310
1233 14006 203
1234 6558 203
1235 13455 203
1237 12232 203
1238 15785 204
1239 12233 204
1240 14104 202
1241 2030 202
1242 9118 204
1243 12353 203
1244 9207 203
1245 7250 304
1246 4859 307
1251 1561 202
1254 6077 207
1255 14623 203
1256 18679 202
1258 14106 202
1259 2042 311
1264 15538 205
1265 14060 204
1266 1989 202
1267 6348 203
1268 12441 202
1269 18022 202
1270 6428 203
1271 6422 204
1272 2147 204
1273 12328 204
1275 6355 204
1276 12053 206
1277 1278 212
1279 7177 306
1282 12765 202
1283 12623 202
1284 8954 303
1285 12176 203
1286 12469 304
1287 6534 203
1288 12468 203
1289 7457 303
1290 19441 202
1291 2823 202
1294 12496 205
1295 16259 202
1296 5282 202
1297 5279 303
1298 8894 203
1299 16657 303
1300 8247 202
1301 13643 202
1302 14676 202
1303 8899 304
1304 5301 203
1305 8484 203
1306 10207 203
1307 12050 303
1308 10001 202
1309 1491 204
1310 10312 202
1312 4989 203
1313 16407 203
1314 11369 205
1315 1364 309
1318 10129 309
1319 5094 205
1322 15960 203
1323 8710 205
1324 8268 303
1325 11420 204
1326 14443 202
1327 8713 204
1328 2722 205
1329 13998 303
1331 10038 203
1332 11408 312
1333 1335 209
1334 5288 202
1336 1528 202
1337 8639 304
1338 13660 203
1339 8628 305
1340 12061 203
1341 8936 202
1342 18917 203
1343 10073 206
1344 11396 203
1345 16389 202
1346 10085 202
1348 11443 304
1349 8615 304
1350 9035 203
1351 13693 202
1352 8610 203
1353 10090 304
1356 8567 207
1357 8916 204
1358 2638 204
1359 2968 203
1360 5079 202
1361 8596 203
1362 10123 303
1363 15974 202
1365 12678 202
1366 1412 202
1367 2676 303
1368 8892 202
1369 5262 204
1370 2755 203
1371 4944 204
1372 4939 203
1373 8190 203
1374 5022 309
1375 8488 203
1376 10288 207
1377 12891 205
1383 2588 206
1384 11355 306
1385 13111 202
1386 11437 203
1387 5040 204
1388 11348 204
1389 12007 304
1390 14273 202
1391 19187 202
1392 8759 204
1393 5305 303
1394 5304 204
1395 4952 202
1396 4956 306
1397 4958 203
1398 5311 202
1399 15993 203
1400 2764 207
1401 8749 203
1402 1405 203
1404 4972 202
1408 10918 304
1409 14444 202
1410 10298 306
1411 5090 205
1413 13672 203
1414 16393 202
1415 6970 305
1416 12041 207
1417 3038 307
1418 1444 205
1419 1443 204
1420 16097 203
1421 10342 204
1422 1523 205
1423 8709 204
1424 13352 203
1425 13312 303
1426 13807 203
1427 15962 202
1428 10223 309
1429 15976 306
1434 1531 203
1435 10070 202
1436 8933 202
1437 10069 203
1438 8558 203
1439 8627 308
1440 10086 203
1441 18326 202
1442 10100 206
1445 2966 202
1446 15295 306
1447 10102 203
1448 2967 304
1449 5296 204
1450 10297 202
1451 5297 202
1452 16406 304
1453 5085 306
1454 8593 205
1455 5274 204
1456 10303 203
1457 8295 204
1462 8893 309
1463 8897 303
1466 14677 203
1467 8571 205
1468 15957 203
1470 5221 209
1471 10263 206
1472 10210 203
1473 7903 205
1476 14346 304
1477 17174 202
1478 14603 203
1479 12892 303
1480 19152 202
1481 5028 307
1482 10186 202
1483 17079 202
1484 13315 203
1485 2659 204
1486 10238 203
1487 4953 204
1488 1524 308
1489 8475 203
1490 12107 202
1492 8469 204
1493 15073 202
1494 1497 308
1495 15665 303
1496 8466 304
1498 4949 206
1499 8167 202
1502 8379 304
1503 10160 308
1504 13341 202
1505 10159 202
1506 10273 206
1507 19113 202
1508 1841 307
1509 5225 203
1510 10361 203
1511 5224 204
1512 8555 202
1513 8551 303
1514 5063 202
1516 10242 203
1517 10043 206
1518 19154 203
1519 10347 305
1520 10260 204
1521 5205 202
1522 5211 205
1525 2763 303
1526 5132 204
1527 17217 202
1529 15341 303
1530 2710 207
1532 5074 204
1533 5299 203
1534 15950 202
1535 2749 203
1536 8590 202
1537 8589 303
1538 11937 203
1540 5071 305
1541 11418 203
1542 1549 202
1544 2964 204
1545 5295 203
1548 10095 203
1550 8913 304
1551 5161 208
1558 12075 202
1559 1849 207
1560 19491 203
1566 16581 202
1567 13626 204
1568 9591 202
1569 1775 210
1570 2422 304
1571 13627 202
1573 2853 202
1574 2538 312
1575 5352 304
1576 8084 304
1577 15086 202
1580 9436 305
1581 2512 306
1582 7503 202
1583 7578 202
1584 7576 203
1585 5475 205
1586 1740 203
1587 13568 204
1589 7587 204
1594 1739 306
1595 2565 202
1596 15787 202
1600 12568 202
1601 5681 204
1602 5683 307
1603 17379 303
1604 17791 203
1605 13573 303
1606 5581 304
1607 2489 306
1608 16910 202
1610 8321 303
1611 1613 205
1612 12524 202
1614 7524 305
1615 5325 206
1616 5686 205
1617 14367 202
1618 14020 202
1619 14366 204
1625 7546 202
1626 1846 303
1627 7551 307
1629 7552 204
1630 5453 202
1631 1847 303
1632 5700 206
1633 7612 307
1634 5500 202
1635 7623 202
1636 7617 205
1637 8230 203
1638 1766 306
1639 8228 204
1640 8229 304
1641 8232 203
1642 7965 204
1643 15571 202
1644 16500 305
1645 18739 202
1646 5505 204
1647 8211 203
1650 7862 304
1651 7856 303
1652 16568 202
1653 2556 202
1654 7649 203
1655 7839 304
1656 7651 202
1657 14033 203
1660 7912 202
1661 16433 203
1662 7798 203
1663 5832 307
1664 7509 204
1666 7894 305
1667 14584 202
1668 8426 203
1669 7824 203
1671 1676 204
1672 16856 202
1677 1678 205
1679 1680 205
1681 18222 202
1682 5638 207
1683 15107 206
1684 13560 306
1685 7696 304
1686 5652 203
1687 12822 202
1688 12820 205
1689 16490 202
1690 7791 306
1691 7710 205
1692 15505 202
1693 12532 202
1694 3215 202
1696 7737 203
1697 2498 205
1698 9375 205
1699 9557 204
1700 3198 206
1701 8097 204
1702 9538 204
1704 5491 203
1705 1763 309
1706 8029 205
1707 14561 202
1708 9566 202
1709 8111 306
1710 7908 203
1711 15991 202
1713 17721 203
1714 9495 303
1715 5524 202
1716 13595 207
1717 15779 305
1718 2852 303
1719 12826 204
1720 13569 203
1721 9418 307
1722 16052 202
1723 14801 202
1724 12124 203
1725 14911 203
1726 12538 203
1727 5831 304
1728 8130 202
1729 16353 203
1730 17087 202
1731 5348 206
1733 2504 307
1734 7828 202
1735 16482 203
1736 7724 202
1737 16501 202
1738 8203 303
1741 7504 202
1742 9585 202
1743 1787 206
1747 8080 303
1748 1762 309
1749 5487 203
1750 7608 309
1751 17868 303
1752 12127 203
1753 7769 202
1756 12155 303
1757 3527 309
1758 9864 203
1759 1987 306
1760 10007 304
1767 9577 203
1768 9490 306
1769 16999 202
1770 9367 203
1771 5336 204
1774 13553 207
1776 1908 203
1778 9431 205
1779 7979 205
1780 5665 202
1781 5476 202
1782 2533 202
1783 7583 202
1784 1786 203
1785 2479 304
1792 9876 204
1793 2950 203
1794 1796 309
1795 9639 307
1797 9637 206
1798 10619 203
1799 9633 303
1800 10612 202
1801 9630 203
1803 12149 303
1804 19501 203
1805 9840 304
1807 14115 202
1808 10929 202
1809 16219 203
1810 3565 202
1811 9765 202
1812 9942 305
1813 15723 203
1814 9714 204
1815 14685 202
1816 2942 306
1822 12865 206
1823 13211 306
1825 17265 202
1826 10796 307
1827 5362 202
1830 5430 203
1831 3356 203
1836 3495 203
1837 3497 303
1838 12136 303
1839 14329 304
1840 10925 204
1844 2528 212
1845 16678 202
1848 1851 206
1850 1852 205
1853 1855 205
1854 5692 203
1858 10656 306
1859 1917 305
1861 16724 203
1862 9001 202
1866 4149 203
1867 6116 203
1868 8827 202
1869 6022 204
1870 8836 204
1871 13839 202
1872 11889 306
1873 10521 303
1877 6154 202
1878 12767 202
1879 8335 205
1882 4235 203
1883 6189 202
1884 2656 204
1886 11627 204
1887 19395 202
1888 9311 202
1889 14208 202
1890 9787 202
1891 2880 202
1896 8805 202
1897 10662 205
1898 11886 203
1899 10507 205
1900 4160 202
1901 10650 203
1902 15743 202
1903 14998 204
1906 6115 203
1907 8368 204
1910 16101 203
1911 4102 203
1912 12205 202
1913 12692 306
1916 3798 303
1918 15050 305
1920 16729 202
1924 2750 305
1930 11018 304
1931 11022 303
1932 13442 303
1933 17329 303
1936 11545 307
1937 3054 304
1950 14081 202
1951 4569 202
1952 4572 202
1953 4579 304
1954 11987 306
1955 14506 202
1956 6900 203
1957 16302 304
1958 12811 202
1959 1962 304
1960 15485 209
1961 6259 202
1963 13543 202
1964 6394 203
1965 7351 303
1966 9328 204
1967 17835 202
1968 19495 202
1969 19474 202
1970 12511 304
1971 1972 205
1973 19470 202
1974 13187 306
1975 18269 204
1976 11762 309
1977 7161 310
1978 7159 303
1979 7158 203
1984 14202 203
1985 6344 205
1986 4867 203
1988 4870 202
1990 3732 304
1991 4871 303
1992 12260 204
1993 3771 202
1994 8439 303
1995 6316 305
1996 8435 307
1997 7168 203
1998 7165 304
1999 11761 304
2000 6360 203
2001 6362 203
2002 8787 203
2003 2375 205
2004 17112 202
2005 4402 202
2006 12445 204
2007 6461 207
2008 2140 308
2009 12264 306
2010 2228 203
2011 2776 205
2013 14627 202
2016 6426 205
2017 6300 304
2018 12500 203
2019 17101 202
2020 6429 204
2021 15622 303
2022 14085 303
2023 12475 204
2027 13321 305
2028 12337 307
2029 14084 203
2031 12339 202
2033 13449 204
2034 14509 202
2035 12283 303
2036 2039 305
2037 9120 204
2038 19410 202
2043 7312 205
2044 6517 203
2046 6445 203
2049 2052 205
2050 4864 203
2053 7203 205
2054 5183 306
2055 6298 306
2056 7272 203
2064 6484 202
2065 2067 305
2066 9016 203
2068 5190 204
2069 2643 303
2070 16020 202
2071 7275 203
2072 6608 306
2073 7305 308
2074 14828 203
2075 6496 202
2078 7266 308
2079 2209 308
2082 6684 203
2083 18155 202
2086 4730 203
2087 4351 203
2088 14510 202
2089 6338 204
2094 8338 202
2096 10494 202
2097 7451 203
2098 14055 203
2099 6368 203
2100 15579 306
2101 2139 206
2102 6576 203
2103 2777 306
2104 16311 202
2105 13978 202
2106 9009 204
2107 2201 203
2108 9007 203
2109 2113 206
2110 16904 303
2111 17026 202
2112 8877 202
2114 9004 205
2115 19308 202
2116 7226 203
2117 8448 202
2118 12492 303
2119 2601 202
2124 7317 304
2125 9150 203
2128 7222 203
2129 13031 202
2130 7428 207
2131 12450 206
2134 13927 202
2135 9191 203
2136 7174 303
2137 12945 202
2141 17092 202
2142 14057 303
2143 15578 202
2144 6532 304
2145 6579 203
2146 10499 202
2148 6502 306
2149 14846 204
2150 6399 206
2151 14459 203
2152 8764 304
2153 18247 202
2154 4145 202
2155 14287 203
2156 7204 203
2157 6312 202
2160 5187 309
2161 6305 305
2166 11206 203
2167 13905 203
2169 2170 205
2171 11598 303
2172 11607 204
2173 14743 202
2174 6952 204
2175 11609 204
2176 2265 203
2177 11057 202
2178 2297 204
2179 18782 305
2180 2182 205
2181 13982 303
2183 16310 202
2190 14643 202
2191 16912 303
2192 13709 203
2193 6552 203
2196 13329 202
2197 18819 202
2200 19307 202
2202 4921 202
2203 2206 204
2207 2208 304
2216 2219 204
2218 2221 205
2220 4334 202
2222 7366 205
2224 4797 305
2225 7117 202
2226 7115 204
2229 4801 202
2236 3100 206
2237 6896 306
2238 18324 202
2239 6699 304
2240 7127 203
2241 11603 202
2242 4737 202
2243 4733 309
2244 11949 308
2245 7061 202
2247 17293 202
2250 12360 202
2252 2267 202
2253 16326 202
2254 6911 203
2255 6908 203
2256 6654 205
2257 4396 304
2258 11727 202
2259 11936 202
2260 11216 203
2261 14552 202
2262 6697 202
2263 3071 206
2264 14527 204
2266 6914 204
2269 6915 207
2270 19380 202
2271 11004 303
2272 11035 304
2273 16616 202
2276 4640 203
2279 7114 304
2280 4618 307
2281 4804 204
2282 16463 203
2283 11000 303
2284 10998 205
2287 11572 202
2288 18387 202
2289 11673 303
2291 6855 203
2300 19257 202
2301 11963 202
2304 17324 202
2305 11675 203
2309 11227 304
2310 16968 303
2311 4702 304
2312 14748 202
2313 4845 203
2314 17328 202
2315 11632 203
2316 12385 303
2317 13441 304
2318 14738 203
2319 6954 202
2320 6693 202
2321 13986 202
2322 11037 202
2323 6618 202
2324 4662 303
2325 11650 305
2329 4423 205
2334 11643 204
2335 4580 305
2338 14740 202
2339 11088 303
2342 13701 303
2343 2346 206
2345 2378 203
2347 2349 204
2348 14830 202
2354 10555 202
2355 7292 204
2356 16907 202
2357 4908 204
2360 16866 203
2361 17834 303
2362 3473 203
2363 12238 202
2364 3472 203
2365 17962 203
2367 6544 202
2368 9201 202
2369 7315 204
2372 16335 204
2373 14719 304
2374 2450 202
2376 12622 205
2377 10490 204
2379 14616 303
2380 4457 204
2381 14079 202
2382 9005 203
2383 12266 305
2384 4881 203
2385 6410 307
2388 11653 204
2389 4658 306
2394 3723 203
2395 3786 305
2400 15523 203
2401 12758 202
2406 8025 205
2407 9509 202
2408 2446 202
2409 17086 303
2410 8028 205
2411 9569 203
2412 7764 203
2413 8031 203
2416 7625 203
2417 7622 203
2420 9590 202
2421 5331 202
2423 2555 317
2424 7867 204
2425 5334 205
2430 9437 306
2431 7575 204
2432 7982 204
2433 16959 202
2434 5507 318
2435 18697 206
2438 12533 202
2439 8107 203
2440 7959 203
2441 9411 202
2444 16831 304
2445 18323 303
2447 7993 203
2451 2780 203
2452 10462 202
2458 7926 203
2459 14863 202
2460 13552 202
2461 9467 203
2462 9469 206
2463 3234 206
2464 2515 204
2465 8113 202
2467 7537 204
2468 7540 203
2469 15160 204
2470 17064 203
2471 12117 203
2474 5357 204
2475 2513 202
2476 5472 203
2477 5355 307
2478 9420 202
2480 2483 312
2481 12564 305
2482 8320 305
2485 9547 204
2488 7520 202
2492 2495 307
2493 5580 202
2494 12565 202
2496 7665 202
2497 7880 303
2499 5541 203
2500 7882 305
2502 12551 304
2503 9573 203
2505 7826 305
2506 9561 202
2507 5843 305
2509 7905 205
2510 4299 205
2511 15866 303
2514 14790 202
2516 5501 202
2517 9519 202
2519 2520 204
2521 13565 203
2522 7512 311
2523 3219 306
2524 7966 203
2525 9417 204
2529 2530 322
2531 7969 205
2532 2535 205
2539 7957 203
2543 9450 202
2552 7954 202
2554 2847 205
2557 7500 303
2560 5749 202
2561 9415 202
2562 15514 202
2563 5538 202
2564 3204 303
2567 7896 202
2568 9395 304
2569 16352 303
2570 17231 202
2571 18226 202
2574 2577 204
2575 9589 202
2576 9474 202
2578 14477 202
2579 3239 202
2580 17820 304
2581 2583 202
2584 15954 203
2585 13602 304
2586 9033 203
2589 8576 304
2590 12093 202
2591 14276 202
2592 10377 207
2593 10373 308
2596 4115 208
2597 4111 204
2610 7322 205
2611 8235 204
2614 9327 305
2615 6550 203
2616 10304 305
2617 6971 305
2618 15349 208
2619 12008 305
2620 13073 205
2621 6595 309
2622 2644 204
2623 12933 203
2626 8780 203
2627 8777 202
2639 2705 306
2642 19305 202
2645 6489 203
2648 14146 202
2649 14609 202
2650 8711 203
2651 8659 203
2652 8605 204
2653 10324 204
2654 8621 202
2655 19568 202
2657 13610 202
2658 12051 202
2660 19153 202
2661 8486 204
2662 11454 204
2663 12722 202
2664 14272 202
2665 14615 202
2666 13797 202
2667 11350 203
2668 14177 303
2669 8570 203
2670 5032 205
2671 5034 203
2672 5109 203
2673 13648 202
2674 16000 202
2675 10131 204
2677 8931 303
2678 8603 203
2679 13090 203
2680 8611 202
2681 15995 203
2684 11395 203
2685 2708 205
2686 19172 202
2687 14720 203
2688 2712 205
2689 8717 305
2690 19584 202
2691 19587 202
2693 5053 202
2694 14669 202
2695 13799 304
2698 11346 304
2699 8678 204
2700 11338 202
2701 15988 203
2702 19165 203
2703 8599 204
2704 10116 202
2706 2965 202
2707 11383 204
2709 11389 203
2711 8636 203
2713 8638 203
2714 11405 202
2715 3037 203
2716 8648 203
2717 11409 205
2718 8918 202
2719 11412 203
2723 5052 202
2724 5070 306
2725 14441 304
2729 2730 305
2731 2732 203
2733 2734 204
2736 2739 305
2737 8259 310
2738 8719 203
2741 5135 305
2746 11373 203
2747 5275 203
2748 5086 202
2751 10036 204
2752 10050 204
2753 3206 203
2754 8187 207
2757 8188 202
2760 14664 202
2761 8812 202
2762 8881 304
2765 10161 202
2774 12764 202
2775 10493 204
2778 10487 202
2779 14628 202
2782 10496 202
2785 10465 204
2787 18320 203
2790 10442 202
2791 10459 305
2796 14686 206
2797 4042 208
2800 16693 306
2801 14966 307
2802 12166 305
2804 4088 304
2805 19550 202
2806 13432 202
2809 10535 204
2812 10506 203
2813 2988 206
2818 5322 305
2819 11432 204
2820 4987 203
2822 9119 203
2824 16246 203
2825 6560 202
2829 12018 202
2830 9062 203
2831 19325 202
2832 9146 204
2833 9143 204
2835 10733 202
2836 8003 308
2837 12576 203
2844 2850 204
2845 14871 208
2846 14873 202
2854 10845 204
2856 10919 304
2857 14019 202
2858 5770 202
2859 9866 202
2861 3550 305
2864 13042 202
2865 10573 203
2867 5728 202
2868 9773 305
2869 5729 304
2870 9719 202
2871 10787 204
2872 5441 203
2879 12984 203
2881 16080 202
2886 3572 303
2888 2890 305
2889 9610 303
2891 16535 202
2892 14776 303
2893 14775 304
2894 10739 202
2895 9616 202
2898 2903 306
2899 13047 304
2900 11847 202
2901 9625 204
2904 2906 205
2907 10973 203
2908 9627 304
2909 10680 202
2912 17493 202
2913 12859 202
2914 13361 202
2915 9632 203
2916 10928 204
2917 16202 203
2920 3402 304
2922 10627 205
2924 9659 207
2925 10684 203
2926 3381 204
2928 9667 205
2930 5406 202
2931 5408 202
2934 13017 203
2935 9835 203
2936 10909 202
2937 5389 305
2938 9906 305
2939 10905 205
2943 10893 204
2944 9717 305
2945 2947 204
2946 9945 203
2951 16197 203
2952 16746 204
2953 2955 208
2956 12863 202
2957 11774 203
2958 8663 202
2959 8265 203
2962 5141 203
2969 14343 202
2970 16983 202
2971 5120 307
2974 11439 202
2975 11352 203
2978 10503 203
2979 10406 202
2984 2989 205
2985 4122 202
2990 9991 203
2991 16698 202
2993 6246 202
2994 6178 203
2996 10725 204
3006 3009 202
3007 3020 202
3008 3011 206
3022 5808 202
3023 14257 202
3025 10869 303
3027 9740 202
3033 9741 202
3036 8256 202
3039 8640 202
3047 14337 202
3048 4738 204
3049 17167 202
3052 11481 306
3055 4474 306
3060 16979 202
3065 12280 206
3066 11032 203
3067 11029 205
3068 11043 203
3069 11663 203
3070 11620 303
3072 15433 306
3073 11629 205
3074 11750 202
3076 11640 306
3077 4707 305
3080 11084 205
3081 11740 304
3084 6906 203
3085 11580 204
3086 13796 303
3087 14002 202
3088 7362 203
3089 13499 203
3090 11552 304
3091 4441 303
3096 11104 204
3097 13161 203
3098 11597 203
3099 11108 204
3101 3102 203
3103 11608 202
3107 11113 309
3108 11596 304
3109 16278 205
3110 19247 202
3111 14712 202
3116 7004 202
3122 11548 204
3123 4768 203
3124 4632 303
3127 11289 303
3128 18014 203
3129 7073 303
3132 11686 203
3133 3137 305
3178 10596 202
3182 4897 305
3183 3693 202
3184 8458 305
3186 18184 202
3190 3498 204
3192 7861 203
3194 9355 203
3195 9489 203
3196 9391 202
3197 7885 203
3199 17175 202
3202 8095 202
3205 7881 303
3208 14166 203
3209 5343 202
3210 8258 204
3211 7716 202
3214 9416 203
3216 8213 304
3217 16505 204
3218 5656 202
3220 14913 205
3221 9412 202
3222 18738 203
3223 17170 203
3224 7851 304
3225 9488 202
3226 3228 205
3227 7853 204
3229 9487 204
3230 7843 305
3231 7847 202
3232 7952 203
3233 8125 202
3235 7953 203
3236 7571 204
3237 7745 203
3238 9588 203
3240 11755 203
3241 8014 202
3246 3492 205
3247 13734 203
3248 11820 203
3249 12245 202
3252 9388 202
3253 5858 202
3255 11786 202
3256 3260 204
3261 3265 204
3262 3269 202
3263 9800 303
3264 3372 202
3266 15768 203
3271 5425 303
3279 5427 202
3280 10839 205
3281 3399 204
3282 12152 204
3283 17900 202
3284 3287 305
3285 10798 204
3286 5368 202
3291 5374 203
3294 5760 203
3295 5376 204
3296 16157 202
3297 3302 305
3298 3301 203
3299 5377 203
3300 17138 202
3303 3305 204
3304 13204 202
3306 9912 202
3307 13205 202
3308 9911 204
3309 5382 202
3313 3383 202
3314 10814 203
3315 5450 204
3316 10938 203
3317 16190 203
3320 9819 204
3321 3322 202
3324 5409 203
3326 3328 203
3327 5410 204
3330 9599 303
3331 10743 304
3334 18379 202
3335 3389 202
3338 5396 202
3339 3595 202
3340 3343 305
3341 3599 203
3342 9836 202
3346 10944 202
3347 5394 204
3348 17127 203
3349 13016 305
3350 5401 202
3351 16191 202
3352 5432 203
3354 5433 202
3357 15712 202
3358 3368 202
3359 14326 202
3360 3365 204
3364 14237 202
3366 15710 203
3367 12860 202
3369 10849 202
3370 15704 202
3371 5437 203
3373 9653 202
3374 10816 202
3375 5388 202
3378 17897 202
3380 9664 203
3382 17126 202
3385 5451 202
3386 10850 202
3387 17908 202
3388 16172 202
3390 14363 303
3391 13201 202
3392 10910 202
3393 9900 203
3398 14327 202
3403 9797 304
3405 9204 202
3407 3624 305
3411 4208 203
3412 6233 202
3413 4205 204
3416 9144 204
3417 3423 205
3422 4191 304
3424 9148 202
3425 3533 202
3428 3970 204
3430 3535 203
3431 8331 202
3433 9095 202
3438 5970 202
3439 3445 202
3440 4228 203
3443 9101 203
3448 8332 204
3449 4337 304
3450 8333 203
3451 4211 202
3452 5996 202
3456 6128 304
3461 9056 202
3463 3937 206
3464 12212 202
3465 6228 202
3470 18803 202
3471 9203 202
3479 9122 205
3488 8120 202
3489 7943 203
3493 15115 307
3496 9525 202
3499 8081 202
3506 3561 203
3510 16539 202
3512 18390 202
3514 3547 204
3516 5727 202
3517 9899 202
3518 12853 202
3520 3522 305
3523 3685 202
3524 19514 204
3525 10012 309
3526 18735 203
3538 9071 202
3549 5737 203
3551 10927 203
3553 17912 202
3554 3556 304
3557 14235 202
3560 5769 202
3563 5710 203
3567 18283 202
3570 18658 203
3571 11771 303
3573 18385 202
3574 10609 304
3575 3577 205
3576 5379 203
3578 10013 304
3580 5776 206
3581 9786 205
3582 14779 304
3583 19075 204
3584 10877 202
3586 3660 204
3594 5398 203
3596 13200 202
3597 9681 202
3602 9917 202
3603 9914 202
3604 9932 303
3605 14261 303
3607 9897 202
3608 9997 303
3609 10675 202
3610 16749 304
3611 9999 305
3612 9992 202
3613 13040 202
3614 18280 202
3615 10975 304
3616 3973 305
3617 15210 202
3618 8418 202
3619 15468 203
3622 3974 203
3623 15824 202
3625 3666 206
3631 9206 203
3632 8234 203
3633 14170 202
3638 14109 202
3640 6310 303
3641 6318 202
3643 3647 204
3644 10884 305
3645 16232 203
3650 17278 202
3652 14655 202
3654 10019 204
3655 14315 202
3658 14258 202
3659 16778 202
3664 9252 202
3667 8446 205
3672 19318 202
3673 16832 202
3677 9321 202
3678 13328 202
3679 6555 204
3680 18175 202
3682 15489 203
3683 9268 203
3688 4896 304
3689 9272 202
3690 16844 203
3691 6689 203
3692 3778 304
3696 5982 203
3697 3989 202
3698 8417 203
3699 3701 205
3702 9317 202
3703 4001 202
3704 12065 203
3706 7228 202
3707 8449 305
3708 3710 203
3709 8451 203
3711 9232 202
3712 13169 202
3713 9274 303
3714 9277 303
3715 17088 202
3716 14061 202
3717 3719 204
3722 9287 202
3725 9303 305
3726 3768 308
3727 17061 303
3731 3733 203
3734 17089 202
3735 6351 202
3739 12787 203
3743 9315 202
3746 9331 202
3747 3784 202
3748 11822 204
3749 14376 202
3750 18264 202
3751 19468 202
3752 12819 202
3753 13715 204
3754 3757 305
3755 11823 202
3758 3764 202
3761 12803 202
3762 15393 202
3763 15397 202
3765 19614 202
3767 11824 202
3769 15481 202
3770 9300 202
3772 13168 203
3773 9282 203
3774 8455 202
3780 11835 203
3781 17085 202
3782 3793 207
3783 3785 203
3787 6386 202
3788 6384 202
3789 12813 202
3792 13542 202
3794 13630 202
3795 3803 206
3796 3800 204
3799 10440 202
3802 19555 203
3804 10514 202
3805 6048 205
3808 3810 205
3809 10441 203
3811 4064 203
3812 10435 303
3814 10438 203
3815 16725 203
3817 5881 303
3818 6049 303
3819 10433 303
3820 3822 205
3821 12990 203
3823 3828 202
3824 10432 304
3825 10511 303
3826 17142 202
3827 12924 203
3829 3833 203
3830 3837 203
3831 10587 202
3832 3834 205
3835 5892 304
3836 3838 304
3840 13254 304
3841 16545 203
3843 3845 204
3844 3847 307
3846 10660 202
3848 10469 303
3851 10658 202
3856 5936 202
3860 8357 202
3870 5927 202
3871 5920 202
3872 6101 303
3873 5915 203
3874 5914 307
3875 5912 202
3878 3880 203
3879 15729 202
3883 3887 203
3886 12997 203
3888 12956 202
3889 10410 202
3890 8846 203
3891 15735 202
3894 16692 202
3895 8138 202
3896 3899 206
3897 6004 202
3898 5941 203
3900 5940 203
3903 8966 202
3904 8968 304
3905 8844 204
3906 14989 204
3907 14486 202
3910 8851 202
3912 14186 202
3913 6068 203
3914 11904 202
3915 5954 203
3916 4103 305
3917 16105 202
3918 8830 209
3919 4043 202
3920 16056 202
3921 16739 202
3922 4048 205
3923 6019 202
3924 4052 204
3927 4109 202
3928 3930 202
3929 14992 202
3931 16546 203
3932 14991 203
3933 12207 307
3935 17155 202
3936 6240 203
3938 10732 202
3939 12185 202
3941 4214 202
3947 10715 202
3948 12599 202
3949 4002 202
3953 6159 202
3958 9260 202
3959 3961 203
3963 9320 203
3965 4154 203
3966 5973 203
3968 5972 203
3969 4265 203
3971 12969 306
3972 15838 204
3975 4004 203
3980 3984 208
3983 5980 204
3985 3993 204
3987 3988 203
3990 5984 202
3991 9323 202
3992 3996 203
3997 3998 206
3999 4003 206
4000 10630 202
4009 4016 203
4010 5964 203
4011 4182 203
4012 4014 202
4013 8457 202
4017 6142 202
4018 9175 202
4019 4279 202
4020 11915 206
4021 11931 203
4025 4026 202
4027 17963 202
4030 6012 203
4031 18904 202
4032 4036 303
4033 10475 202
4037 16738 203
4044 6021 203
4045 6013 202
4049 4050 207
4051 4053 306
4054 4112 204
4055 15361 205
4056 14982 202
4057 8832 203
4058 6107 202
4068 13230 202
4069 4163 202
4070 16098 304
4071 12719 202
4072 11893 304
4073 4075 308
4074 11894 206
4076 17965 202
4077 4078 202
4079 18087 202
4081 10541 202
4084 12167 203
4085 10638 204
4087 12902 202
4089 13862 202
4090 11928 202
4092 13587 304
4093 13589 203
4094 13586 203
4095 18363 203
4096 10550 202
4097 16151 202
4098 19548 202
4099 4101 202
4106 4108 202
4107 6015 202
4110 8828 204
4114 6027 307
4117 12957 204
4119 4123 205
4120 10648 303
4121 13256 202
4124 12201 203
4125 17335 202
4127 6082 202
4128 17258 202
4131 8988 203
4132 11903 202
4133 8991 202
4134 10657 203
4142 13240 202
4143 13958 202
4147 5956 203
4152 10376 313
4153 15738 209
4156 10697 202
4157 5983 202
4158 11861 202
4161 4162 203
4166 6149 202
4167 16129 202
4169 16784 202
4172 6135 202
4174 11910 202
4177 13866 202
4183 15211 202
4189 4268 202
4190 15494 203
4192 4270 304
4193 6200 203
4196 6260 202
4201 6210 202
4202 10628 203
4204 4207 203
4210 4261 204
4212 13419 202
4215 4216 203
4217 6180 202
4226 6190 203
4236 15215 204
4237 8447 205
4241 6215 202
4242 10729 202
4243 9117 202
4251 4254 205
4255 6237 203
4264 11883 202
4269 6256 202
4274 6263 203
4275 6203 203
4277 6206 202
4281 4285 202
4282 4713 305
4284 6707 202
4286 11196 202
4287 16306 202
4288 11516 203
4289 7390 203
4290 11995 202
4291 4293 205
4292 12402 202
4294 15901 203
4295 12458 202
4298 4718 203
4301 17203 202
4302 6720 202
4303 4311 202
4304 4307 203
4305 15867 204
4306 7396 203
4308 7473 202
4309 6727 204
4310 17878 202
4314 4317 204
4315 7397 203
4316 15939 203
4318 6726 203
4319 6731 202
4320 15227 204
4321 15224 203
4323 7402 204
4325 6740 202
4326 4722 202
4327 17207 202
4328 17206 202
4329 4333 203
4332 6747 203
4335 6744 203
4336 6752 306
4338 18394 203
4339 7029 303
4341 6753 203
4342 17210 202
4343 4344 203
4345 4353 204
4347 15895 205
4348 4350 205
4352 14419 202
4354 17864 203
4356 4731 203
4357 4358 305
4359 7058 202
4360 4365 203
4361 6762 203
4362 11509 306
4363 6764 310
4369 4699 202
4370 4746 204
4371 13128 202
4372 4697 202
4373 6817 204
4374 13127 203
4376 13606 307
4378 7071 303
4379 19259 202
4382 6995 202
4384 7021 202
4385 14394 202
4386 12228 202
4387 4390 204
4394 6913 306
4395 13497 203
4397 7142 202
4398 6839 303
4399 11691 202
4403 11133 202
4406 4411 203
4407 4751 203
4408 6903 202
4409 7130 202
4410 4752 310
4412 11576 202
4413 18196 202
4416 4755 315
4417 11986 202
4422 12393 204
4426 6989 202
4427 4429 203
4428 4431 203
4430 6844 304
4439 6873 203
4443 7033 202
4447 14355 202
4448 4452 204
4449 13072 202
4450 4758 202
4453 7043 202
4464 18012 202
4466 6776 203
4467 17197 202
4468 6773 202
4470 15445 202
4471 15457 202
4472 6852 202
4475 4848 204
4480 16271 203
4481 19266 202
4482 6870 304
4483 15292 304
4486 14734 202
4495 18811 202
4498 4782 203
4499 7107 204
4500 6880 304
4501 11953 203
4502 7371 203
4509 11974 202
4510 6883 202
4514 4686 202
4520 6626 203
4523 6624 202
4525 13987 202
4526 13309 202
4527 13279 203
4528 4531 306
4529 12401 202
4532 6927 202
4533 11028 203
4535 7380 307
4536 6981 202
4540 13299 202
4541 4750 202
4543 11093 204
4546 13495 202
4553 11534 202
4554 11154 204
4555 18791 203
4557 13532 202
4565 13511 202
4568 6805 202
4573 4711 203
4574 6804 202
4575 11086 303
4577 4583 203
4581 6803 202
4582 13052 203
4584 4595 203
4585 12281 202
4586 15868 203
4587 4591 203
4588 15870 203
4589 11019 203
4590 18858 202
4592 4829 204
4593 14745 202
4594 4603 202
4596 4599 203
4597 11646 202
4598 16273 202
4602 15412 204
4604 7118 303
4605 6937 308
4606 6936 206
4608 18017 304
4609 17863 306
4613 12327 202
4614 11612 303
4615 11116 203
4619 7120 202
4621 4622 204
4630 7040 205
4631 15927 203
4634 6997 202
4635 17198 202
4636 17199 202
4638 4852 202
4641 7000 203
4644 6797 202
4645 4665 202
4650 7464 202
4651 15441 202
4656 11026 202
4657 16344 202
4659 17045 203
4660 6656 305
4661 7096 305
4663 14410 202
4664 15273 203
4676 4681 204
4677 16967 303
4679 14398 202
4683 18166 202
4684 17983 203
4685 19370 202
4690 11563 205
4691 4692 203
4693 16332 202
4696 4836 202
4698 13129 202
4700 4838 311
4701 7064 204
4703 6835 303
4704 16448 202
4705 4706 203
4708 4710 203
4709 17185 202
4712 14354 202
4714 6706 202
4715 16346 202
4716 6718 202
4717 6713 305
4721 6737 202
4724 6745 202
4725 16292 204
4728 16469 202
4729 16297 202
4732 11508 202
4736 13285 203
4739 13284 203
4744 6812 202
4747 13126 202
4753 11589 204
4754 6698 307
4757 13481 202
4759 7046 303
4761 7083 202
4762 4846 202
4765 15259 202
4766 16797 202
4767 15258 202
4769 11476 202
4772 6864 202
4774 6869 202
4777 14732 202
4780 11955 202
4791 17288 202
4796 11131 202
4798 13147 202
4799 11713 204
4811 4814 202
4815 7139 202
4816 13900 202
4818 18016 202
4819 18074 304
4821 18075 203
4822 13060 203
4823 13991 202
4824 11275 202
4825 7007 203
4826 11274 202
4828 15873 203
4830 6834 202
4831 14406 202
4837 6809 202
4839 13894 205
4842 13989 202
4843 15860 202
4844 14409 202
4849 16270 202
4850 6979 305
4851 11682 202
4855 15908 202
4858 12271 204
4861 6266 202
4866 19128 202
4868 15541 203
4869 6346 205
4872 18267 202
4873 8436 202
4874 7237 305
4875 12449 204
4876 12269 204
4877 14429 203
4878 6404 203
4879 15564 204
4882 6419 305
4883 6417 204
4884 7244 203
4885 17115 203
4888 7221 209
4889 4890 207
4892 9042 206
4893 7441 205
4898 12773 202
4899 14171 204
4901 7254 202
4902 19463 202
4903 19462 202
4904 4923 304
4905 16905 202
4909 15531 202
4910 6596 202
4911 6488 305
4912 12507 202
4918 6546 202
4919 6538 204
4922 6499 202
4924 4930 203
4927 4935 203
4928 10139 202
4929 12753 203
4931 13342 202
4934 13343 202
4938 8189 202
4940 8535 305
4941 15744 204
4942 4951 202
4943 8817 202
4946 8492 203
4947 5015 304
4948 4963 203
4950 8532 203
4954 4957 204
4955 10182 204
4959 10181 202
4960 8880 205
4961 11306 202
4962 10176 202
4964 4967 306
4965 17702 203
4966 10171 304
4968 10168 203
4969 10284 203
4970 10167 304
4971 10170 202
4973 10158 202
4974 10157 304
4975 4977 202
4976 4979 202
4980 18885 202
4982 11320 202
4983 10140 306
4986 5231 204
4990 8909 202
4991 8568 205
4992 4994 306
4993 5089 204
4995 14178 204
4996 11300 202
4997 5001 204
4998 14268 304
5000 12670 203
5002 8152 202
5003 12643 202
5007 10194 203
5008 10195 202
5009 5013 205
5011 14347 202
5014 10191 304
5016 12723 202
5017 8496 204
5018 12893 202
5019 10187 303
5023 11315 203
5026 19117 203
5027 5029 208
5031 5260 202
5033 11362 203
5035 5123 304
5036 19171 202
5037 8581 202
5038 11358 304
5039 15312 204
5041 17222 204
5048 11353 303
5049 8687 304
5050 5140 213
5051 8932 203
5054 16523 202
5055 18188 202
5058 12088 203
5059 8391 203
5064 5234 202
5065 5066 203
5068 19100 202
5069 10222 306
5072 5298 203
5073 10109 203
5075 10117 203
5076 10119 202
5077 11375 202
5078 10115 202
5087 8924 202
5091 5092 205
5093 12037 203
5095 10301 203
5096 12036 203
5097 12009 205
5098 12755 204
5099 8928 304
5102 10132 203
5103 5104 203
5105 5107 203
5108 10135 203
5110 5263 203
5111 10134 203
5112 5114 208
5115 15955 205
5118 11201 202
5119 14537 202
5121 10306 205
5122 8898 202
5124 5127 204
5125 8155 303
5126 10357 202
5129 5130 203
5131 11410 202
5133 8250 202
5134 16989 304
5138 10065 205
5139 10068 202
5144 5146 203
5145 8625 303
5147 10077 202
5148 11399 305
5149 10078 308
5150 14751 304
5151 10075 304
5152 11440 202
5153 16390 203
5154 8624 304
5155 8402 204
5158 8915 203
5159 8609 203
5160 5166 205
5162 5165 202
5163 10320 203
5172 13795 202
5173 8917 205
5174 8902 206
5175 11337 304
5182 18907 202
5185 7205 203
5186 7413 307
5188 15548 202
5189 15551 202
5197 11426 202
5198 5203 202
5199 16096 203
5204 5259 202
5208 8876 304
5209 15969 202
5218 10248 202
5220 8288 204
5222 8653 202
5223 11451 203
5226 5230 203
5228 16654 202
5229 8697 202
5236 17312 202
5239 8280 202
5246 12084 202
5247 8705 303
5249 14004 303
5250 5254 303
5251 13800 203
5255 5256 206
5257 10258 204
5261 10033 203
5269 9031 303
5270 10308 202
5271 11339 203
5276 8592 202
5277 10126 203
5278 8512 203
5284 8499 203
5285 10190 203
5290 9039 303
5291 10064 202
5294 8911 203
5300 14437 202
5302 14675 202
5303 13314 203
5308 11318 203
5309 8554 306
5310 17081 202
5312 18029 202
5313 19114 202
5316 5319 206
5317 10230 203
5318 5320 207
5321 15403 203
5323 14440 202
5324 5327 205
5326 7773 202
5328 9444 303
5329 7543 202
5330 14469 202
5332 7545 310
5333 7488 304
5335 7870 203
5337 5536 203
5342 9518 202
5346 9562 202
5347 7739 202
5349 9393 304
5353 14797 204
5354 16958 303
5356 7502 202
5358 5518 305
5359 7718 303
5360 16569 203
5361 5523 203
5366 10896 202
5367 10803 202
5369 10805 202
5370 19283 202
5371 9927 202
5383 17139 202
5386 13015 203
5390 5392 202
5393 9847 202
5395 5397 205
5399 5797 202
5400 10824 202
5402 5404 204
5403 13196 202
5405 15023 202
5414 9669 203
5415 9821 202
5420 15766 202
5424 9649 202
5426 5428 309
5429 5431 206
5436 5762 202
5440 13772 202
5442 5448 202
5443 5798 304
5444 18115 202
5445 5446 205
5447 12153 203
5449 16933 202
5454 5461 203
5455 7741 202
5456 7933 203
5468 7567 204
5473 7978 202
5477 5479 205
5478 16053 202
5481 15090 204
5483 7602 202
5485 7604 303
5486 13628 303
5488 8108 304
5489 14879 202
5490 9512 202
5492 5496 202
5494 7763 203
5495 9515 203
5497 8300 202
5502 7634 202
5503 5508 204
5504 7855 303
5506 7859 210
5509 14800 202
5510 5748 203
5511 7506 304
5512 7854 202
5517 5519 205
5520 16571 203
5521 7987 202
5522 15588 202
5525 7646 202
5532 7657 203
5533 14877 202
5535 7666 202
5537 7667 202
5540 5542 203
5543 8204 202
5544 9370 202
5545 13629 202
5548 9374 203
5552 5558 203
5553 14787 202
5555 7619 203
5557 7618 307
5559 5560 207
5561 19347 202
5564 7517 202
5565 7518 303
5566 5684 202
5567 5571 206
5568 15153 204
5569 19625 202
5570 5577 203
5572 18873 202
5573 5575 203
5574 5579 203
5578 17790 202
5582 14573 203
5583 16909 203
5584 5587 204
5586 5588 304
5589 7523 303
5598 13365 202
5600 8019 203
5601 16017 304
5602 15161 205
5603 8020 202
5604 14021 303
5605 5690 203
5606 5609 206
5607 7542 203
5608 8310 203
5610 7490 304
5611 7916 202
5614 8241 203
5615 7561 203
5616 7796 202
5617 14648 202
5618 15109 307
5619 15513 304
5628 15112 203
5629 13562 203
5634 5636 306
5635 13597 305
5637 17105 202
5639 5641 205
5640 16586 203
5642 16957 203
5643 17104 202
5644 16956 202
5645 16585 203
5646 15105 304
5647 19233 202
5648 15778 202
5649 7702 203
5653 15504 202
5654 5744 206
5655 7630 203
5657 7963 202
5658 15078 202
5664 8194 205
5675 12140 202
5680 13393 202
5682 14034 202
5685 17378 202
5687 7522 202
5688 7917 203
5689 14125 202
5693 9465 202
5696 7755 303
5697 7589 202
5698 16679 202
5701 7615 203
5712 13871 304
5715 13870 202
5720 14016 202
5726 12966 202
5734 9872 202
5736 10872 303
5738 19222 202
5739 9485 303
5742 7660 202
5743 7663 303
5745 7726 205
5747 13369 202
5750 7694 202
5754 15462 204
5755 19632 204
5756 5758 202
5757 14247 202
5761 10901 202
5777 9994 306
5779 9736 203
5780 9965 205
5781 15056 205
5786 14256 203
5800 17267 203
5801 10916 204
5804 12871 202
5806 17098 202
5807 14815 304
5809 10014 204
5830 18861 202
5833 14896 203
5841 7805 202
5842 5844 203
5846 8429 203
5847 8427 204
5848 7815 203
5849 5851 204
5856 16351 202
5859 7825 203
5860 7809 202
5861 14893 303
5862 7827 204
5863 16857 202
5864 14470 202
5865 9384 202
5866 8001 202
5868 19086 203
5869 12111 203
5872 7836 202
5873 12583 202
5874 12122 202
5875 13598 202
5876 7837 203
5877 14473 202
5880 10434 202
5882 8997 202
5883 5884 304
5885 12991 202
5886 10513 203
5893 16544 203
5899 15732 202
5900 15733 202
5902 11891 202
5906 16133 206
5907 8972 203
5908 10512 202
5909 6047 205
5924 14039 202
5947 15650 202
5949 6067 202
5950 15651 202
5952 10403 307
5953 12703 205
5955 14187 202
5958 12172 203
5959 12976 202
5962 13722 203
5963 6239 203
5965 5994 202
5966 15839 204
5967 18878 204
5968 6188 202
5974 9088 202
5975 10735 305
5976 6213 203
5977 6231 207
5979 11912 303
5988 15201 202
5989 5990 203
5997 12217 204
5998 14588 203
5999 19219 202
6000 13265 202
6002 6061 203
6003 6058 203
6005 17004 203
6009 6060 203
6014 16057 202
6016 13238 204
6017 6018 204
6029 6030 205
6031 12169 203
6033 6037 202
6034 16124 202
6035 6151 305
6036 6652 203
6038 12958 202
6039 15390 203
6040 6045 206
6041 16235 304
6042 6150 307
6044 16241 206
6046 13428 202
6059 10474 202
6070 11906 202
6071 14288 303
6076 18176 202
6079 16108 202
6080 19208 202
6081 8804 202
6083 14502 202
6085 18718 202
6088 17014 202
6089 16745 203
6092 7891 204
6094 14392 202
6098 12204 203
6102 12194 202
6103 10412 303
6106 10382 202
6114 12174 202
6120 13396 203
6130 13968 202
6131 13402 303
6132 13406 203
6139 13421 203
6140 15194 305
6141 16574 202
6143 9259 202
6148 12168 202
6153 16780 303
6160 16781 202
6163 17023 202
6165 17283 202
6166 17022 202
6168 10706 204
6169 10704 203
6172 13418 202
6173 6177 202
6179 6245 202
6191 6250 203
6196 6251 304
6197 9096 203
6201 12968 202
6208 10629 202
6211 6264 202
6214 6219 202
6216 14044 202
6218 14636 202
6223 14637 202
6226 6229 203
6227 11934 202
6230 6265 203
6232 19023 205
6236 11935 202
6241 6243 203
6244 14311 202
6257 9087 202
6261 10737 202
6299 6304 304
6301 7207 202
6306 14108 202
6307 7213 202
6311 7211 307
6314 18100 203
6315 8237 203
6319 18800 202
6320 18186 202
6321 6324 307
6322 11838 202
6323 7214 205
6325 6329 306
6326 6330 306
6327 7215 306
6328 6334 304
6331 13520 306
6332 18183 202
6333 7348 203
6335 14511 202
6339 6570 203
6340 15539 203
6341 16890 303
6342 8453 303
6343 17309 203
6347 9342 202
6354 13538 205
6356 12263 203
6358 7166 202
6359 19415 202
6363 6367 203
6366 6369 204
6372 7433 203
6373 7435 202
6376 14959 202
6377 9349 202
6378 9044 202
6380 6389 305
6381 9045 204
6382 16926 202
6383 6385 203
6387 9233 202
6388 6391 204
6392 9291 202
6398 15534 203
6402 12268 202
6403 6406 203
6405 13318 202
6411 14460 202
6412 6416 202
6414 13319 303
6415 12456 203
6418 7241 203
6423 12470 203
6424 12734 202
6425 6427 203
6432 6435 204
6433 12954 203
6437 17723 202
6442 7257 203
6450 6452 203
6453 7220 203
6454 6687 202
6466 7277 202
6467 6480 304
6468 7274 202
6469 15552 202
6474 15542 203
6475 7454 203
6477 6479 205
6478 6597 204
6481 7290 206
6482 7291 204
6483 6485 203
6492 14855 203
6493 6609 202
6497 13327 304
6498 13450 203
6500 12026 303
6501 15563 204
6503 7423 203
6504 13344 204
6505 9074 207
6506 7329 306
6508 6514 202
6509 7330 202
6510 14169 202
6511 7335 202
6521 16675 204
6522 15521 204
6523 6528 203
6526 12444 303
6527 16900 202
6529 6530 205
6531 7340 202
6533 18372 202
6535 14949 202
6537 7311 202
6539 7310 202
6540 15202 204
6541 6542 205
6545 12080 203
6548 6551 203
6553 14117 202
6554 12295 202
6556 14007 202
6557 14102 304
6561 12417 203
6562 12418 202
6563 9190 202
6565 7196 203
6568 14517 202
6571 13524 304
6574 14814 303
6577 12329 202
6578 6581 205
6580 12733 202
6584 12287 203
6586 7456 203
6587 6589 205
6588 12333 203
6594 15543 203
6602 12930 202
6603 10557 202
6611 12955 203
6616 17191 203
6617 6922 307
6619 11042 202
6621 11044 202
6625 15421 202
6627 11668 203
6630 11053 202
6633 17054 202
6636 6640 202
6637 11616 303
6641 11058 202
6643 14746 203
6646 11254 203
6655 13498 202
6657 15414 304
6658 14412 203
6659 18707 203
6660 11025 202
6662 6933 202
6663 15415 304
6668 6674 203
6669 11147 305
6672 6986 202
6686 15486 202
6688 16366 202
6690 11033 306
6691 16617 202
6695 11749 202
6702 16606 202
6703 15264 203
6704 15893 202
6705 7391 202
6708 7387 203
6710 7393 202
6711 7388 202
6714 7400 202
6719 13288 202
6722 15225 203
6723 17202 202
6728 17879 202
6729 15902 202
6730 7407 202
6734 15903 204
6743 7052 202
6746 17903 202
6748 16977 202
6749 17902 202
6750 11527 202
6751 16627 202
6755 11525 203
6756 7480 206
6758 6763 203
6760 7060 202
6765 6769 203
6768 6808 203
6770 11002 202
6777 11488 203
6779 6781 204
6780 6784 203
6782 11489 203
6783 6789 203
6785 18180 202
6790 7077 203
6791 11541 304
6793 8834 202
6796 13078 202
6798 17193 202
6799 13081 202
6801 19402 202
6813 14336 203
6814 11007 204
6815 11009 204
6816 7070 203
6818 7072 203
6819 13895 202
6824 7364 203
6825 14069 202
6826 6829 204
6830 14080 202
6831 12346 202
6838 15882 203
6840 13148 304
6841 11132 202
6842 7153 202
6845 6847 204
6846 17892 203
6848 6851 303
6849 16796 202
6850 6854 202
6853 17196 202
6865 15252 202
6866 18661 202
6867 11961 202
6871 15251 204
6872 18667 303
6874 6876 306
6875 11155 202
6877 6879 204
6878 16601 304
6886 6889 205
6887 12387 202
6893 16279 202
6894 6955 202
6895 18325 202
6897 16281 203
6898 16280 202
6902 11109 303
6907 11567 206
6909 11577 202
6912 12381 202
6918 6921 203
6920 17190 202
6924 15289 202
6928 13981 203
6929 15288 202
6932 12367 202
6944 6946 203
6947 15876 202
6948 14739 202
6949 11011 202
6950 11110 202
6951 12384 303
6958 11562 305
6959 6960 206
6961 15247 205
6965 12398 204
6972 16974 202
6973 12399 204
6974 16975 202
6975 6978 204
6977 6980 203
6984 11571 202
6985 18709 202
6992 12397 303
6993 13489 206
6996 13471 202
7002 13488 202
7003 16880 202
7005 11722 202
7008 7010 307
7011 7013 309
7014 13899 202
7020 15861 202
7023 19357 202
7024 15942 202
7026 7055 303
7027 18395 203
7032 11190 202
7041 7042 203
7047 11479 304
7050 17188 303
7051 11631 202
7053 16804 202
7054 17035 202
7065 13487 203
7074 18181 202
7075 11486 202
7078 14715 202
7080 13077 202
7082 11271 202
7084 7087 203
7086 11012 202
7091 11207 202
7093 15930 202
7097 17215 202
7098 17044 202
7099 16272 203
7106 11503 203
7108 11530 306
7109 11262 202
7112 11685 306
7113 11946 304
7116 7119 305
7121 11010 202
7126 11594 203
7131 7143 202
7135 12363 203
7138 17918 202
7150 11994 202
7152 18806 202
7154 13464 202
7155 13515 203
7156 14530 202
7157 11209 202
7160 7163 304
7162 9280 202
7164 19473 202
7167 12440 203
7169 17825 203
7170 13539 203
7176 7432 204
7194 19131 202
7195 13517 303
7202 18906 202
7206 7210 305
7212 16023 202
7218 18172 203
7219 9271 202
7223 14943 202
7229 16927 303
7230 7235 204
7231 7267 203
7232 12940 206
7233 7425 306
7240 16898 202
7242 17233 202
7243 15569 307
7245 18253 202
7247 14168 202
7251 17722 203
7255 9213 202
7258 15623 202
7260 14851 203
7262 12267 202
7263 14847 202
7264 7424 305
7265 13317 303
7273 7280 203
7281 7286 202
7293 7295 204
7294 13836 203
7298 15611 202
7299 13837 202
7304 7306 305
7307 9013 304
7308 12027 202
7309 14831 203
7314 12486 202
7323 9205 202
7326 7328 205
7331 13345 205
7336 7338 203
7341 7342 203
7343 15615 203
7346 13521 203
7349 16914 202
7352 16915 202
7355 7412 202
7358 11250 303
7359 17180 202
7367 16304 202
7370 11954 202
7379 17057 303
7381 11728 202
7386 15934 202
7392 18293 202
7409 12270 202
7414 19427 202
7415 14635 202
7429 7443 202
7430 15558 305
7434 14298 202
7436 14519 205
7437 12759 202
7438 14518 203
7440 7442 202
7450 14457 202
7452 7458 202
7453 14456 202
7455 7459 202
7468 11558 304
7469 16301 204
7472 12459 202
7478 11715 203
7479 11684 203
7481 15897 203
7482 9340 303
7483 16839 202
7484 8021 208
7485 7536 202
7486 11765 204
7487 8018 307
7489 15645 202
7491 12520 205
7493 12833 202
7498 9481 202
7499 16030 203
7501 7505 203
7507 7639 305
7510 14791 204
7511 7762 204
7513 8227 205
7514 8037 304
7515 8035 304
7519 18872 202
7521 8223 204
7525 14572 202
7526 8052 202
7527 12525 203
7528 8089 204
7529 14121 202
7530 9540 202
7531 8053 202
7534 14123 202
7544 9446 204
7547 14468 202
7548 7557 202
7549 12521 203
7550 15826 305
7553 7923 202
7555 7927 202
7556 7559 203
7558 8240 202
7560 8238 202
7562 15647 202
7563 7733 203
7564 7734 202
7565 7566 206
7572 12529 202
7582 7967 202
7585 8195 203
7586 7590 204
7588 8197 202
7591 7593 204
7592 7594 204
7595 15786 203
7605 8201 303
7606 8027 202
7609 13745 303
7610 7761 203
7611 7613 304
7614 8034 202
7616 17168 202
7624 7628 202
7626 8039 202
7629 13548 202
7631 8214 304
7633 8212 202
7636 7860 206
7637 9354 205
7638 7780 304
7640 8218 202
7641 7857 303
7642 16084 202
7643 7720 310
7644 7986 303
7645 7842 305
7648 7650 203
7654 16570 203
7655 17172 202
7661 19631 202
7662 7664 203
7671 16589 203
7680 8069 202
7688 14795 202
7689 13561 202
7690 7693 202
7691 15180 203
7692 14649 202
7695 16587 202
7697 16916 202
7698 7701 204
7699 7789 203
7700 9549 202
7703 7708 203
7706 16917 202
7707 9527 203
7709 7711 206
7712 7714 204
7713 16491 202
7715 13592 203
7719 7840 303
7721 9428 203
7728 13736 205
7729 13749 203
7730 14484 304
7731 14792 206
7752 8119 202
7754 14131 202
7758 7760 204
7765 12550 202
7768 18206 202
7770 16911 202
7771 19352 202
7774 8047 202
7776 15829 202
7777 8311 202
7781 7852 202
7788 17246 202
7790 7793 204
7797 14483 203
7804 9392 202
7807 8131 204
7808 8002 204
7812 7832 203
7813 17778 202
7814 12577 204
7821 12141 203
7822 12522 202
7829 9390 202
7833 7999 202
7838 7841 309
7844 8077 202
7845 8075 202
7846 9482 203
7848 9486 203
7849 7972 203
7858 13370 202
7863 8215 202
7876 9356 205
7878 15515 202
7879 9358 203
7883 9363 202
7888 14888 204
7889 15499 203
7890 9383 205
7892 9387 203
7893 14890 303
7902 9397 204
7904 16356 202
7906 7909 203
7907 9405 202
7910 9406 202
7911 17323 202
7913 8106 204
7920 7922 202
7928 16494 202
7929 17103 202
7930 7932 205
7931 17102 202
7935 9453 202
7942 7944 204
7955 7956 203
7958 8115 203
7964 8210 202
7971 9426 202
7973 9545 304
7974 9430 202
7975 9427 203
7981 15583 202
7984 14872 202
7985 14645 202
7991 14934 203
7992 17116 202
7994 12828 202
7996 8000 304
7997 9496 202
8006 8010 204
8007 8073 203
8011 13737 202
8017 15113 203
8022 16495 202
8024 8202 203
8026 8301 202
8030 8110 203
8032 15354 202
8033 8220 203
8036 13938 202
8038 8112 203
8042 14132 203
8043 8226 203
8046 9521 203
8058 14838 203
8070 18135 202
8072 14478 202
8086 9432 202
8091 8096 203
8109 13744 202
8114 9578 202
8117 8118 205
8132 8850 303
8133 8967 202
8135 14984 203
8139 10372 306
8140 8838 304
8141 8142 205
8143 10520 202
8144 12039 202
8146 8530 202
8147 8520 203
8149 11296 202
8153 14269 204
8154 8722 202
8156 10208 303
8157 8507 303
8158 11304 202
8159 8758 202
8160 8477 203
8161 10287 202
8162 8471 203
8163 10234 202
8166 12634 202
8168 10279 202
8169 19151 202
8172 8833 202
8173 10443 202
8176 12612 202
8177 8178 202
8181 8809 203
8182 13430 202
8183 8810 202
8184 14390 202
8186 18364 202
8191 11291 203
8192 12058 202
8193 16943 202
8196 8297 202
8198 8296 203
8200 9506 202
8209 13368 202
8216 18319 202
8217 8309 206
8221 9568 202
8222 13571 203
8242 15302 202
8244 11365 204
8245 19591 202
8248 8252 204
8249 8643 203
8251 10356 203
8253 19166 202
8254 16988 202
8255 8614 203
8257 17216 202
8262 8885 202
8263 14197 205
8264 8666 204
8266 12684 202
8267 14265 202
8270 14279 202
8271 13812 202
8272 14596 202
8273 18148 202
8276 8281 204
8284 17458 204
8285 10035 202
8286 17994 202
8287 8715 203
8289 15299 304
8291 12060 202
8292 10079 203
8293 11397 202
8294 11368 202
8306 17555 203
8307 9445 202
8308 14856 204
8316 8318 204
8317 12584 203
8319 19624 202
8322 8324 203
8325 19322 202
8328 11930 202
8330 19327 202
8346 16694 204
8347 13217 202
8351 17924 203
8354 12716 202
8356 8957 203
8358 10553 303
8359 18713 202
8360 16734 202
8362 17932 202
8364 14153 202
8365 17933 203
8366 8369 205
8370 17010 202
8371 10534 205
8372 8375 304
8373 19149 202
8374 18028 202
8376 8746 305
8377 8745 202
8378 10276 203
8380 14173 203
8381 19160 203
8385 11363 202
8386 11470 202
8387 16414 202
8390 8695 305
8393 12587 202
8404 8634 306
8405 10048 205
8406 9199 204
8408 8677 304
8409 8582 303
8414 8416 204
8415 9246 304
8420 10631 305
8421 13868 202
8422 15469 203
8423 10709 202
8432 15496 202
8433 9351 303
8438 8440 202
8441 12262 202
8450 16377 203
8454 17856 202
8460 16225 202
8461 8750 202
8464 8751 304
8465 8467 306
8468 13662 304
8470 11303 202
8474 8476 205
8482 16944 202
8483 11459 203
8485 14345 203
8489 16945 303
8490 11316 202
8491 8493 203
8497 13639 204
8500 8505 202
8503 8506 204
8504 10355 203
8513 8516 206
8517 18740 202
8518 8521 203
8519 17132 202
8522 10027 202
8523 15670 202
8526 15673 203
8528 12063 202
8529 12877 202
8531 8533 204
8534 18891 202
8536 8556 203
8539 12588 205
8540 19581 203
8541 10023 202
8542 10021 304
8543 12882 304
8545 8547 205
8546 12659 203
8550 11324 203
8557 12654 203
8559 8934 204
8560 18040 203
8561 8718 304
8563 10218 303
8564 19173 202
8565 10059 304
8566 11336 203
8569 10028 205
8574 8763 203
8575 16982 202
8577 17456 203
8578 8580 205
8579 16257 202
8583 12898 202
8588 10133 303
8598 15949 202
8604 15948 203
8608 11384 202
8620 11390 202
8626 13661 204
8629 8630 309
8631 8635 309
8637 11402 203
8649 8721 202
8652 13814 203
8654 13118 202
8655 12663 202
8657 13815 202
8658 19576 202
8664 8884 202
8665 18367 202
8667 15945 203
8670 18921 202
8671 15996 304
8672 17229 202
8673 14142 303
8674 18238 202
8675 12649 202
8676 18923 202
8679 14140 202
8680 11343 202
8681 13644 202
8682 13997 303
8683 13645 303
8684 13605 204
8685 8686 204
8688 11351 202
8690 11434 203
8691 10225 203
8694 8728 204
8696 8871 202
8700 8870 203
8701 10244 202
8704 11427 202
8708 10344 202
8714 11436 202
8716 17687 202
8720 16630 202
8725 8727 203
8726 13651 203
8733 14952 202
8740 10151 204
8741 10277 202
8742 13098 203
8744 19112 202
8747 15663 304
8748 10283 202
8754 15071 202
8757 8882 202
8762 15313 202
8765 8766 207
8767 16005 204
8770 12729 203
8773 8776 204
8778 12728 203
8779 10454 202
8781 8782 204
8789 8793 304
8800 8996 202
8801 12695 203
8811 14289 202
8813 18365 202
8816 15674 202
8821 13429 202
8823 8824 204
8825 8826 205
8831 10385 206
8835 8837 204
8839 19204 202
8840 10518 303
8841 10375 202
8845 10519 202
8847 14985 203
8848 14988 202
8849 14192 202
8854 10542 202
8855 13961 202
8858 13241 202
8860 16143 202
8866 10358 202
8867 8869 203
8868 11435 202
8872 10245 205
8873 9020 204
8883 15072 304
8887 8888 203
8889 10055 202
8895 10307 202
8896 12683 202
8903 10104 208
8904 10325 206
8905 13794 203
8906 10107 202
8907 15294 202
8908 10105 202
8910 10083 204
8912 15332 304
8914 10101 208
8919 13809 202
8922 9133 202
8929 17066 202
8930 12651 202
8935 16660 202
8940 10486 204
8947 10536 202
8955 14152 202
8962 17940 202
8970 16132 204
8971 10646 202
8973 16705 203
8984 17259 202
8989 12908 202
8990 14185 203
8994 12698 202
8995 12909 202
9000 10415 202
9006 12756 203
9010 15625 202
9011 10836 203
9012 13326 303
9014 10556 203
9015 13700 202
9017 10554 203
9021 17313 202
9022 15671 202
9023 12746 203
9025 10198 202
9028 10253 202
9029 10336 202
9030 9032 202
9036 11378 202
9037 18095 202
9038 11404 303
9040 9270 204
9048 18019 202
9049 19438 202
9050 16891 303
9080 19435 203
9081 16247 203
9084 9149 203
9085 13246 202
9086 9182 204
9089 9094 202
9091 9092 203
9108 16596 203
9116 12215 205
9123 15203 203
9126 11811 202
9127 9129 203
9128 12596 202
9132 9173 203
9140 9145 204
9147 14631 202
9151 9200 203
9154 9156 202
9158 15128 203
9162 15843 202
9179 9181 202
9180 12971 202
9198 12597 202
9216 11839 304
9217 18187 202
9221 9225 203
9222 9227 204
9224 14210 303
9226 12064 202
9229 14211 202
9238 9244 204
9240 9284 203
9245 9248 203
9249 9325 203
9253 9257 203
9258 19319 202
9262 19414 203
9263 12802 203
9264 18151 202
9265 14116 202
9266 15484 203
9273 9348 204
9275 9281 304
9276 9278 205
9279 17063 304
9283 9343 203
9286 9290 306
9299 9339 202
9302 9304 306
9305 15460 203
9310 12640 203
9312 12639 202
9329 17108 202
9332 12799 202
9333 13702 203
9335 13714 202
9336 15480 203
9352 17559 202
9353 16867 202
9364 9369 202
9368 9371 203
9376 9555 202
9380 9556 202
9385 14651 202
9386 16483 203
9396 9399 205
9400 9403 203
9401 14895 203
9402 14897 202
9407 19230 203
9409 17230 202
9410 9576 203
9419 9582 303
9433 9544 202
9447 15827 202
9451 14861 203
9452 15646 202
9456 9459 203
9457 14862 203
9458 9466 202
9462 9468 202
9500 15114 203
9507 9510 202
9508 14560 202
9513 9514 304
9524 12823 202
9526 9550 202
9528 16488 303
9529 15509 202
9536 11898 202
9541 15772 202
9548 15508 203
9551 19633 202
9559 14892 202
9571 15355 202
9579 14912 203
9583 19634 202
9587 15828 202
9592 16946 202
9594 9597 306
9595 16947 303
9596 9601 204
9598 9613 202
9600 10744 202
9602 14777 202
9604 9617 202
9605 10742 202
9606 19074 202
9607 15649 203
9608 10740 202
9609 9619 203
9621 15695 203
9623 15694 203
9624 15754 202
9626 13847 202
9628 16524 203
9629 10853 203
9631 9848 202
9634 9854 203
9635 14695 202
9636 18284 202
9638 10847 203
9640 10846 202
9641 10841 202
9642 16218 202
9643 9889 203
9650 9795 203
9651 15707 202
9655 9656 204
9657 17145 202
9658 16178 202
9663 9815 203
9665 10840 202
9666 10833 203
9668 10830 204
9670 9822 204
9671 9820 204
9674 10953 202
9675 9818 202
9678 15029 202
9680 16177 204
9682 10817 202
9683 9844 303
9686 16209 202
9687 10906 202
9688 10911 202
9689 9907 202
9690 9909 304
9691 9694 305
9695 9697 206
9696 9918 202
9701 13008 202
9702 10809 304
9703 10902 202
9705 10611 203
9708 9937 203
9713 9936 309
9715 10890 202
9718 10887 202
9720 10786 307
9721 10885 304
9727 9957 204
9728 14316 202
9729 10883 203
9730 10879 202
9731 9964 202
9737 10868 306
9739 16935 202
9746 9750 202
9751 9983 205
9754 15066 203
9755 9988 204
9757 18652 202
9758 9873 202
9763 13027 202
9764 10760 202
9766 9846 203
9767 13029 203
9768 12840 202
9770 12852 202
9771 9779 204
9772 12967 204
9776 15851 304
9777 12964 203
9783 13774 303
9801 15019 202
9802 15018 202
9803 10969 202
9804 10964 202
9805 10968 202
9806 10962 203
9807 10966 202
9812 10965 202
9813 9816 204
9814 10963 202
9817 10958 202
9823 9825 307
9824 15022 203
9831 10950 203
9832 10823 304
9833 10774 303
9834 10620 202
9841 15038 206
9842 9845 203
9849 16183 203
9851 17016 202
9855 12858 203
9860 19515 202
9861 13011 202
9874 9878 203
9875 19512 202
9877 11770 202
9879 9880 203
9881 10983 203
9886 9998 202
9887 10000 202
9888 10987 202
9890 10986 202
9894 13790 202
9895 10995 202
9896 9898 203
9901 9902 304
9903 9930 204
9904 9908 204
9910 10904 202
9916 13033 202
9920 9923 202
9921 9922 204
9925 10804 203
9926 10898 202
9928 18862 202
9929 18732 202
9931 9934 205
9933 10800 203
9943 10795 203
9944 17803 203
9946 14253 202
9947 10789 202
9948 9950 203
9951 10785 202
9952 12870 202
9953 10880 203
9970 10933 203
9971 10930 203
9974 10931 203
9975 13754 202
9977 16755 303
9978 16754 202
9979 9981 304
9980 16515 304
9982 9984 305
9985 18653 202
9989 19276 202
9993 10917 202
9995 16748 203
9996 16198 202
10002 17262 202
10003 10979 202
10006 14254 303
10015 10878 204
10016 14689 204
10018 16934 203
10020 10022 203
10024 10164 202
10025 10169 202
10026 12038 202
10029 13600 202
10030 13601 202
10031 10120 203
10032 16656 305
10034 11360 202
10037 12662 203
10039 10219 202
10042 10243 202
10047 12885 202
10054 17686 202
10057 10058 203
10060 14281 203
10061 10067 204
10066 10317 303
10071 10072 203
10074 16661 202
10076 15980 202
10080 10087 202
10081 14750 303
10082 13692 203
10106 10108 204
10114 10296 205
10118 15975 202
10122 12679 202
10127 10299 203
10128 17821 202
10130 15348 203
10137 10309 202
10141 18899 202
10142 17806 202
10143 10150 202
10147 18898 202
10156 19115 202
10166 10280 202
10172 10285 202
10173 10174 203
10175 10179 204
10177 17703 203
10178 15992 202
10183 10241 304
10188 10193 203
10189 10352 203
10192 10196 204
10199 10202 205
10201 10204 203
10205 10354 204
10209 12749 202
10211 12748 202
10217 12671 202
10224 10231 203
10228 11321 202
10229 16928 202
10235 10237 204
10236 14674 202
10239 12055 202
10240 12886 202
10246 11425 203
10247 13803 202
10252 10254 202
10255 10261 202
10262 17457 202
10266 10311 202
10270 10345 204
10271 13801 202
10289 17136 202
10290 12887 203
10302 10305 203
10316 11442 202
10319 16388 202
10326 14953 203
10331 16422 202
10346 16411 202
10350 19116 202
10351 10353 203
10360 19111 202
10374 15736 202
10379 14967 203
10380 10383 305
10381 13952 202
10389 14589 202
10390 18809 202
10391 10528 204
10398 12574 204
10399 10537 204
10402 10597 203
10407 10409 203
10411 10665 202
10413 10414 203
10416 10468 203
10421 10659 202
10425 10429 202
10426 10510 203
10439 10515 203
10444 10466 202
10446 15553 202
10458 12615 308
10463 12616 202
10464 12614 205
10471 15967 202
10492 14948 204
10497 13679 202
10502 10504 202
10508 10663 202
10509 16109 202
10516 12699 202
10517 13631 203
10526 14048 202
10548 16154 202
10549 10551 203
10552 11929 202
10558 17028 202
10564 10644 202
10568 10645 205
10569 17141 203
10570 13949 202
10572 10926 203
10578 10699 202
10579 18298 202
10595 10640 303
10598 18128 303
10604 10972 304
10605 16182 202
10608 19282 204
10610 10807 308
10613 10848 203
10621 10822 305
10622 10825 203
10623 10624 204
10625 10829 202
10626 16186 202
10635 14622 202
10636 16150 202
10637 11927 303
10649 10700 202
10651 10702 203
10654 11897 202
10655 11870 202
10664 12197 202
10666 13755 202
10672 13014 202
10674 18734 202
10676 16203 202
10679 11788 202
10681 12147 202
10685 10967 203
10686 10832 202
10687 10956 202
10696 15200 202
10716 13249 202
10720 10736 304
10721 17152 202
10730 12214 203
10734 11882 202
10738 10745 202
10741 14774 306
10750 15688 202
10752 14234 202
10754 13026 203
10758 14328 202
10759 11852 202
10766 12988 202
10767 13775 202
10770 16525 203
10771 17654 203
10773 17019 202
10775 10948 203
10776 16532 202
10777 18378 202
10781 14259 202
10784 16518 203
10788 12864 202
10792 10888 203
10793 10891 202
10806 19528 202
10813 10903 202
10831 10959 203
10844 16204 202
10852 10855 203
10854 10974 202
10858 13845 204
10859 17875 303
10860 10863 305
10861 18053 203
10862 14697 202
10864 14778 303
10865 15693 304
10866 15689 202
10867 15691 202
10873 11805 203
10876 14688 203
10881 15057 204
10886 13840 202
10889 17264 202
10897 10899 304
10932 16207 202
10936 10970 204
10942 10945 204
10949 16759 202
10951 15061 202
10952 15060 202
10954 10957 304
10955 19541 202
10971 17270 202
10976 18058 202
10977 15699 303
10978 10981 205
10980 10982 205
10992 18232 202
10993 13030 202
10999 15879 303
11001 16972 202
11003 11165 202
11005 19251 203
11006 16961 203
11008 15875 202
11023 16334 202
11024 11652 205
11030 14413 202
11031 11655 202
11034 17051 202
11036 17048 202
11041 11661 202
11045 19250 202
11052 11705 203
11056 16327 202
11068 11626 202
11070 15432 204
11071 13979 202
11072 19394 202
11073 17047 202
11076 18167 202
11080 11082 203
11081 11736 303
11087 11089 203
11091 11570 305
11092 13494 203
11095 11096 204
11097 11726 202
11101 11586 203
11103 11107 204
11111 11259 205
11112 11611 202
11115 15878 202
11120 11614 204
11121 11613 303
11124 16330 204
11125 11127 203
11126 11714 202
11128 13151 202
11130 16305 202
11134 11137 204
11135 17052 202
11136 11681 202
11138 12377 202
11140 17894 202
11141 12391 202
11142 12348 202
11143 11674 202
11144 19359 202
11145 11146 312
11156 11502 202
11158 11161 202
11160 13132 203
11170 11524 304
11178 15888 202
11193 11551 303
11197 18218 202
11199 16818 202
11200 11965 202
11202 11554 202
11203 15417 303
11204 19377 202
11210 16345 202
11211 11533 202
11215 11544 202
11225 18843 202
11226 11641 303
11229 11231 203
11230 11697 303
11232 11695 203
11233 11698 202
11238 14710 303
11239 17325 202
11241 11244 203
11248 11606 303
11251 11252 205
11253 15246 202
11255 11257 204
11256 11605 304
11258 11604 203
11276 18402 202
11277 19405 202
11278 16879 202
11284 11288 205
11285 17332 202
11287 13067 202
11290 11293 203
11292 15672 202
11294 11301 202
11305 11307 204
11314 11455 203
11322 12681 202
11323 13114 203
11325 15680 202
11329 12660 205
11332 13115 202
11333 14726 202
11342 17224 203
11344 18239 202
11345 12006 304
11347 13818 202
11349 15298 203
11354 15956 203
11356 17992 203
11357 16256 202
11359 15987 202
11361 14161 202
11372 13091 203
11385 11386 203
11387 11388 204
11391 14729 202
11398 18916 202
11403 15338 202
11411 18041 202
11413 17219 202
11419 11424 202
11430 15402 202
11431 14196 202
11438 17993 202
11450 12664 303
11457 14344 203
11458 16789 203
11460 17463 202
11477 11484 202
11478 11996 202
11480 11483 203
11495 11496 305
11497 14733 202
11500 19010 202
11501 11535 303
11506 11536 202
11538 11540 204
11549 18355 202
11550 18769 202
11553 11555 305
11559 12516 303
11560 13152 202
11561 15270 304
11564 11693 204
11565 16251 202
11566 16276 202
11573 11574 204
11575 17056 202
11581 19393 202
11584 11729 202
11592 14505 303
11593 15891 202
11595 14504 305
11599 11600 204
11601 12517 202
11615 11716 203
11617 14553 202
11625 11630 202
11638 15453 202
11647 11718 203
11648 15413 304
11649 11651 204
11654 11657 203
11656 12400 202
11662 11665 203
11667 11669 204
11672 11703 305
11678 11683 202
11687 13146 202
11689 13058 303
11690 14352 202
11694 11981 203
11702 11742 303
11717 13155 202
11737 14405 202
11760 18020 202
11763 13717 203
11764 15644 202
11775 11776 203
11777 11778 203
11785 11844 202
11787 13195 202
11790 17870 203
11796 15755 202
11797 18281 202
11798 15648 303
11804 14018 202
11828 15618 203
11829 12794 202
11834 13618 203
11840 11855 202
11845 17492 202
11846 14031 202
11848 12150 202
11849 17915 202
11850 18198 303
11851 17914 202
11858 13579 203
11859 13707 202
11862 12996 203
11871 12160 202
11876 15138 202
11880 16447 202
11888 13970 202
11892 17347 203
11895 12200 203
11899 12994 202
11911 14378 202
11919 16155 202
11926 12918 202
11939 11943 203
11945 13974 202
11947 16613 202
11948 13486 203
11960 13281 202
11962 18290 202
11964 18291 202
11970 12390 202
11978 11980 203
11979 18112 202
11993 16461 202
11997 11999 204
11998 15265 202
12000 16303 204
12001 14742 202
12010 15782 202
12012 13085 202
12013 15921 202
12019 12493 203
12046 18952 202
12047 14445 202
12054 17137 204
12059 12097 202
12062 12744 202
12066 12247 202
12072 14103 202
12076 17530 202
12077 14432 202
12078 12355 204
12079 17531 202
12090 12092 202
12091 19574 202
12094 16980 202
12105 17995 202
12110 12580 202
12112 12125 202
12120 12123 305
12121 16830 203
12126 14035 202
12142 12526 202
12143 14480 203
12148 19508 203
12151 17653 202
12177 14305 202
12178 15132 202
12179 19424 202
12203 18130 202
12206 16547 203
12218 13641 202
12221 12222 202
12223 18347 202
12236 19432 202
12237 13460 202
12244 17558 202
12246 12321 203
12250 12312 204
12251 18103 204
12252 17829 203
12253 14515 202
12254 18268 202
12255 17828 303
12276 15568 304
12277 12457 202
12282 16243 202
12285 12315 202
12296 18149 202
12301 12322 202
12304 19494 204
12305 13462 207
12308 12310 204
12309 12480 203
12311 14514 203
12320 19069 202
12326 16331 204
12336 12409 205
12338 12408 202
12347 15452 203
12349 18279 202
12351 13454 202
12352 15783 202
12354 12356 203
12361 12465 202
12362 12364 204
12365 13491 205
12366 14529 202
12376 19358 202
12406 14089 203
12407 13282 202
12411 14433 202
12414 12491 202
12416 12419 203
12420 14107 202
12421 13926 202
12442 18892 202
12443 14629 202
12448 14850 203
12452 14205 202
12453 12455 203
12471 14626 202
12489 15806 202
12510 17855 202
12544 18831 202
12545 12547 203
12566 15632 202
12569 15635 203
12572 17798 202
12573 13965 203
12581 16826 203
12582 19087 202
12585 13623 202
12589 16543 202
12592 16070 202
12598 13607 203
12604 13831 202
12625 17997 202
12635 19148 202
12638 13708 305
12647 18165 202
12648 15997 203
12655 19109 202
12661 15747 312
12690 18311 202
12691 15396 202
12693 13633 304
12704 17796 202
12705 14193 202
12709 16118 202
12711 18310 202
12718 16704 202
12735 12946 202
12740 14188 202
12743 18157 202
12745 15745 203
12754 14179 202
12757 17973 202
12779 14162 202
12782 13620 202
12788 12791 203
12789 18351 202
12795 18795 202
12796 13710 203
12800 13705 203
12801 13577 202
12804 18360 202
12805 18021 202
12808 18018 202
12816 18805 202
12817 17062 203
12829 19085 202
12847 13210 202
12848 12851 202
12849 15850 202
12850 13025 202
12854 15713 202
12861 16205 203
12868 12985 202
12869 13049 202
12878 17954 202
12879 18140 202
12880 13333 203
12881 13337 202
12883 18160 202
12900 12920 202
12911 17799 202
12919 12921 202
12926 16021 202
12929 12931 202
12932 17724 202
12947 16903 303
12950 14300 202
12959 17276 202
12965 13020 202
12989 14692 203
13002 18879 202
13003 18153 202
13035 13773 303
13046 17869 202
13048 13787 203
13061 13287 202
13062 13144 202
13063 13064 203
13074 15226 202
13082 13145 202
13083 18063 202
13084 13086 203
13088 18920 202
13089 16981 202
13094 18700 202
13099 18092 202
13104 14264 202
13105 18941 202
13110 14176 202
13119 13349 303
13120 18038 202
13121 15920 203
13122 18039 202
13123 15923 203
13134 18011 202
13153 16300 202
13154 18085 202
13171 13576 202
13174 18182 202
13186 14215 202
13193 13924 202
13229 14037 202
13255 16111 202
13264 16046 202
13272 14399 203
13280 16308 202
13283 13482 202
13289 14421 203
13310 18894 202
13311 13802 202
13313 18672 202
13322 13448 202
13332 13816 203
13336 13808 202
13348 14266 202
13353 13813 202
13356 14462 202
13397 14490 202
13410 13431 202
13411 16149 203
13420 17031 202
13423 13969 202
13434 13948 203
13435 14497 202
13440 16462 202
13443 14404 202
13461 13463 202
13468 18219 202
13490 13990 204
13501 13503 202
13506 18070 202
13508 16887 202
13516 14554 202
13522 18251 202
13523 18252 202
13525 19426 202
13549 14133 202
13558 19629 202
13559 14472 202
13572 16092 202
13578 16913 202
13583 13585 204
13588 13863 202
13593 18227 202
13594 16560 203
13596 15111 202
13636 16542 202
13637 14606 202
13640 18602 202
13663 19150 202
13673 15303 205
13676 16902 204
13697 16415 202
13706 14209 202
13711 18023 303
13720 14810 202
13721 19429 202
13724 18032 204
13725 15724 203
13735 14646 202
13738 14794 202
13739 14485 203
13761 18042 202
13766 14255 203
13767 16196 202
13776 15698 202
13778 13876 202
13784 13877 202
13785 14251 202
13791 14312 202
13798 14671 202
13817 14673 202
13819 14262 203
13822 16666 305
13823 14141 206
13830 13955 202
13841 15051 303
13844 18052 203
13846 17652 303
13856 19032 202
13898 18994 202
13920 14323 202
13934 17017 202
13950 14393 304
13971 15737 202
13975 18399 202
13996 14003 202
14000 18671 202
14001 14201 202
14063 16370 202
14086 18403 202
14088 16309 202
14098 14395 202
14114 18688 202
14122 15642 204
14143 14599 202
14147 14200 202
14149 14150 202
14159 15079 202
14163 19416 203
14167 14825 203
14184 19217 202
14212 17060 202
14223 15820 202
14232 14905 202
14252 14657 202
14263 14614 202
14277 14278 202
14314 14317 202
14338 16978 202
14341 16667 202
14361 15461 202
14362 16173 202
14365 14857 202
14420 19260 202
14452 14753 203
14461 14543 203
14482 15517 202
14496 17282 202
14521 15905 202
14542 14545 202
14608 18913 202
14610 15675 202
14647 16894 202
14670 14672 203
14698 14705 202
14701 14708 202
14718 18706 202
14724 16423 202
14744 15244 202
14752 14757 202
14756 14759 202
14811 18689 202
14812 15616 305
14813 15619 202
14843 17095 202
14854 15610 203
14904 18860 202
14910 15503 202
14916 15502 203
14917 14918 204
14946 15641 202
14947 16919 202
14958 16376 203
14964 19205 202
14979 19540 202
14993 15734 202
15067 17131 202
15104 15181 203
15106 15108 306
15120 15792 202
15121 15842 202
15133 15217 202
15152 16093 202
15192 15823 202
15195 16265 202
15221 16607 202
15242 15245 204
15271 18168 303
15272 15274 203
15282 17402 203
15283 15284 203
15293 19236 202
15339 15985 202
15340 15984 202
15391 16127 203
15416 15443 202
15440 16819 203
15442 18662 202
15562 16906 202
15570 15640 202
15602 15614 202
15603 16901 202
15617 19601 202
15633 15637 203
15638 17554 202
15639 15773 202
15662 16224 203
15664 17462 202
15677 17134 203
15690 15692 203
15746 16929 203
15810 15817 202
15812 16242 202
15818 15821 203
15825 16834 202
15849 16578 202
15883 17179 202
15894 15925 205
15924 17034 202
15926 17883 202
15929 15931 202
15966 16006 202
15968 16004 202
16016 16918 202
16022 18101 202
16047 18079 202
16099 17346 203
16116 17334 303
16125 16234 203
16126 16221 202
16135 17925 202
16148 18764 202
16206 17268 202
16220 16238 203
16248 19299 202
16254 17178 202
16333 18169 202
16349 18370 202
16396 16416 202
16397 17959 202
16417 17068 202
16420 17072 202
16421 18159 202
16453 18768 202
16454 16889 203
16455 16886 202
16460 16471 203
16470 16795 202
16487 16489 203
16540 17815 303
16541 19580 203
16600 16888 203
16626 16976 202
16631 18670 202
16798 19689 202
16838 17308 202
16881 17862 203
16896 17119 202
16897 19353 202
16899 17114 303
16969 17184 202
16973 19360 202
17013 17015 202
17029 18144 202
17039 18663 202
17069 17070 202
17189 19387 203
17223 17459 202
17225 17228 202
17299 17301 202
17300 19237 202
17464 19583 202
17465 18882 202
17725 17971 203
17826 18102 202
17827 17853 303
17852 17857 202
17874 18059 202
17899 18114 202
17970 18145 202
17998 18699 202
18033 18705 202
18093 18701 202
18111 19277 202
18116 18119 202
18127 18129 303
18164 18760 202
18215 18216 202
18648 18783 202
18654 18736 202
18669 19011 202
18722 18726 202
18742 18747 202
18797 18801 202
18912 18940 202
19067 19095 204
19068 19093 206
19084 19626 202
19092 19094 206
19442 19444 203
19445 19450 202
19446 19489 202
19447 19484 202
19449 19452 202
19454 19490 203
19455 19678 202
19456 19460 203
19457 19488 202
19467 19469 203
19621 19622 202
19670 19679 202
19671 19681 202
