0 10996 305
1 557 303
2 10689 203
3 8 203
6 16514 206
7 17130 203
9 11 203
10 553 202
14 3273 303
15 12837 202
16 3352 203
17 5435 202
18 11788 304
19 15705 306
22 5420 203
23 13194 202
29 3325 202
32 16685 202
33 3587 202
37 3506 202
38 9728 306
39 3653 204
40 3958 207
41 9258 304
42 12784 203
43 9313 204
44 9285 304
45 399 210
48 9244 202
49 3981 207
54 13234 202
55 14063 203
60 11748 202
61 11061 203
68 837 308
69 16572 202
70 887 306
71 6211 303
72 8721 204
73 6210 303
74 6259 204
75 695 205
76 745 204
77 14378 202
78 4214 203
79 177 311
80 4216 203
81 1881 202
82 4257 306
83 13722 205
84 11934 303
85 4252 203
86 477 202
87 3511 203
88 2874 203
89 16538 205
90 153 308
91 17128 202
92 3552 304
93 3544 203
94 5725 203
95 148 202
96 12849 304
97 468 306
98 3522 307
99 5728 310
100 5735 305
101 9867 304
102 5736 202
103 104 205
105 12133 303
106 12154 203
107 11804 204
108 11777 304
109 3548 202
110 3267 203
111 15014 204
112 114 204
113 435 203
115 5427 202
116 6823 306
117 10986 203
118 14973 202
119 9645 203
120 262 202
121 3363 203
124 10614 203
125 16752 202
126 17908 204
127 11789 203
128 10975 305
129 2905 303
130 12146 204
131 14475 303
132 10905 202
133 9904 202
134 14463 202
135 1806 203
136 3308 203
137 3310 203
138 1815 303
139 462 306
140 10817 202
142 13010 202
143 144 204
149 554 303
152 3515 202
154 13382 202
155 15767 204
156 5415 202
157 5402 203
158 14860 303
159 16580 202
160 15828 306
161 7921 203
162 8516 304
163 15076 305
164 16085 304
165 9368 303
166 3241 202
167 3247 203
168 3963 311
169 3960 203
170 9219 202
172 13782 202
173 5441 203
174 2871 202
175 10565 202
176 6170 307
178 9114 203
179 6228 304
180 13855 204
181 6229 303
184 4195 202
185 12971 202
186 9308 304
187 9307 303
188 6159 204
189 13608 202
192 9872 204
193 9870 205
196 3686 203
197 6684 203
198 9042 205
199 9348 304
200 9346 203
201 202 304
203 2131 310
204 15559 303
205 12273 203
206 9045 310
207 9230 307
208 6393 204
209 3781 304
210 6395 304
211 17084 202
212 17108 304
213 13726 202
214 12298 203
215 6550 304
216 15527 202
217 9327 303
218 574 306
219 319 308
220 9190 304
221 10529 203
222 3620 203
223 9195 303
226 254 304
227 2605 202
228 7333 304
229 2045 204
230 12496 204
231 7325 203
232 9206 204
233 9210 203
234 7252 202
235 3630 202
236 4866 303
237 1993 303
238 13187 204
239 18269 202
240 3952 204
241 16605 202
242 15935 202
243 9485 202
244 6988 203
246 3579 203
247 17861 203
248 12421 202
249 3477 203
250 17533 203
251 2120 202
252 6547 305
253 324 305
255 3469 202
256 3681 205
257 12477 203
258 349 308
259 6455 303
263 9644 202
264 3369 303
265 3371 203
267 2425 205
268 1746 204
269 7798 206
270 15596 202
271 15498 202
272 7834 203
273 9406 203
274 7602 304
275 8088 204
276 8055 308
277 8050 204
278 8046 204
279 8051 204
282 8098 204
283 14908 305
284 2501 202
285 8094 203
286 5544 304
287 5540 205
288 2135 304
289 12494 303
290 2124 303
291 9203 202
292 2611 204
293 2608 205
294 17281 202
295 15796 202
296 3405 202
297 3628 204
298 5184 304
299 7202 203
300 9174 303
301 4207 203
302 3417 304
303 3423 206
304 306 205
305 16880 203
307 8416 202
309 8421 202
310 8439 202
311 1990 207
314 3775 203
315 8434 202
318 15813 306
320 18345 202
321 2823 202
322 2362 204
323 11810 202
325 9202 203
326 9150 204
327 8234 203
330 6295 304
331 7411 203
334 3409 204
335 9133 203
336 6255 202
337 3432 306
338 1883 205
339 6194 202
340 5970 307
341 4226 303
342 6249 304
343 10727 303
344 5975 308
345 4234 310
346 3705 303
347 358 305
348 9043 306
350 7442 202
351 9270 304
352 7224 303
353 15497 204
354 3779 203
355 357 309
356 2130 213
359 8448 202
360 3710 203
361 6376 202
366 13713 202
367 9331 303
368 13616 202
369 11823 202
370 11815 311
371 13617 304
372 13703 203
373 3757 206
374 13172 202
375 3756 205
376 11181 202
377 16812 202
378 3766 203
379 13173 202
380 3764 305
381 3761 304
382 13705 203
383 12803 203
386 9312 203
387 2190 307
388 12785 203
389 9310 303
390 16371 303
391 3736 303
396 15135 203
397 15136 205
398 3673 204
400 9238 306
401 547 202
404 8029 204
405 9566 202
414 13044 202
415 9662 305
416 16527 202
417 14978 202
418 558 202
419 9951 202
420 9731 204
421 9953 202
422 14257 202
423 3648 202
424 17024 202
425 3026 202
426 3384 206
427 9838 204
428 9652 202
429 3264 203
430 17636 202
431 11677 203
432 11210 304
433 3401 203
434 15015 202
436 3275 205
437 16516 202
438 9646 203
440 5426 304
441 3279 306
442 10937 202
443 9969 202
445 9717 203
448 16215 203
449 10794 203
450 10893 303
451 13937 202
452 10799 309
453 5443 305
454 14260 203
455 3377 202
456 3574 307
457 15715 206
458 1805 207
459 5377 203
460 9907 207
461 9689 311
463 3375 203
464 3553 202
465 14245 202
466 16590 202
467 13012 202
469 12834 304
470 3520 309
471 2862 304
472 588 202
473 3543 202
475 3655 202
476 16698 203
478 5719 202
480 9763 202
481 10762 202
482 8560 202
483 12070 303
484 12071 305
485 2718 309
486 17534 202
487 4276 303
488 587 306
489 9759 204
490 3518 202
491 9760 202
492 10929 204
493 10988 203
494 10851 304
495 16524 202
496 10679 304
497 10601 304
500 15048 203
501 16166 202
502 9715 305
503 16167 202
504 17828 203
505 10892 202
506 15718 202
507 10796 203
508 13206 202
509 5374 202
510 13203 202
511 2938 306
512 10978 205
513 16196 308
514 11774 303
516 13048 202
518 3510 203
519 16539 204
520 5714 208
521 12137 204
522 10763 203
523 14328 303
524 3117 205
525 11019 204
528 11680 202
529 11104 303
530 14160 202
531 1300 202
546 18150 203
548 5724 202
549 13791 202
551 552 204
555 16740 202
556 3547 303
559 14249 202
560 9765 204
561 1811 307
562 18391 202
563 13034 305
565 567 204
566 15810 203
568 15785 202
569 15817 202
570 12352 304
571 15784 308
576 12077 202
577 15783 303
580 12961 202
581 12283 202
582 16761 202
586 15851 202
590 11594 304
591 16359 303
592 2719 205
593 13807 202
596 6145 202
597 10694 202
598 4650 206
599 18073 202
600 16780 202
601 5991 203
602 1877 203
603 4376 207
604 7067 306
605 14361 204
610 15131 203
611 14493 202
614 9155 206
615 6214 209
616 15217 202
618 6222 203
619 11914 202
620 3465 202
621 12209 202
622 11915 203
623 885 204
625 12214 203
626 11874 303
627 11877 303
628 6236 204
629 6227 204
630 6245 305
631 13426 202
632 5962 303
633 17837 202
634 8335 304
635 3938 306
636 11879 305
637 10732 305
638 12182 203
639 4260 303
640 12193 202
642 4213 203
643 2994 202
644 6246 303
645 4219 204
646 4277 304
647 17153 303
648 6193 202
649 6250 203
650 6191 203
654 657 305
655 17149 203
656 900 202
658 10517 203
659 902 206
660 17966 203
661 3816 312
662 664 307
663 10420 303
665 3851 203
666 10418 305
667 17930 202
668 17253 202
669 3849 202
670 3850 202
671 17252 202
672 1921 203
673 6078 203
674 13257 202
675 16729 202
676 2984 304
677 10506 202
678 4118 204
679 14489 202
680 1923 202
681 13413 202
682 11860 202
683 3889 303
684 4159 204
685 4160 202
688 16446 203
689 6254 202
690 6256 203
691 4188 203
692 14630 202
693 9084 202
694 10720 203
696 6204 203
697 4200 203
698 4205 204
699 18079 204
700 11866 202
701 12158 202
702 11892 304
703 11864 303
704 13216 203
705 12160 203
706 12201 309
707 6084 304
708 10655 306
709 11870 304
710 4124 203
712 4125 306
713 13689 305
714 4129 309
715 11901 306
716 10519 203
717 8968 202
718 723 304
719 5944 203
722 16549 303
724 5952 307
725 14986 204
726 12607 303
727 12605 203
728 6056 203
729 6076 203
732 16142 303
733 793 307
738 4025 202
739 6020 207
742 5903 304
743 13969 202
744 13227 202
746 2831 203
747 9177 203
748 13192 206
749 3456 309
750 6125 202
751 11913 303
752 12219 202
753 4176 304
758 11916 202
760 16134 202
761 8950 202
762 3863 203
763 6055 203
766 6053 204
767 16694 304
768 770 311
769 925 306
771 5913 206
772 5910 203
773 3879 203
774 15216 204
775 12213 202
778 11862 202
779 3881 204
780 5902 305
781 16116 303
784 3419 304
785 4275 305
786 17152 203
787 9142 304
788 13228 203
789 16722 202
790 2976 203
791 13261 203
792 10396 308
794 10400 304
795 2810 303
796 14985 203
797 10370 203
798 4111 307
799 6024 306
800 3909 202
801 8848 202
802 10530 203
803 3911 304
804 13428 205
805 3803 308
806 3801 305
807 4062 203
808 8973 204
809 12198 202
810 16136 303
811 8974 202
812 17334 203
813 11896 202
817 3724 202
818 9073 204
819 1885 310
820 9320 203
821 4155 202
822 9318 202
823 9240 202
825 9235 202
826 9247 305
827 9284 202
828 13723 203
829 1879 206
830 15139 202
831 4258 202
832 9165 202
833 9107 203
834 11882 202
835 15147 202
836 6265 202
840 15199 202
841 9342 203
842 9305 309
843 13251 204
846 4082 202
847 8965 202
848 3915 306
849 10520 203
850 8352 203
851 8845 305
852 10599 303
853 13258 202
854 17797 203
855 12901 305
856 11926 202
857 11907 303
858 3828 304
859 3823 203
860 12925 203
861 16712 203
862 5894 202
863 3839 203
864 10410 203
865 10414 202
866 15659 203
867 10407 303
868 8807 202
869 10409 304
870 4030 202
871 8826 203
872 16738 202
873 4008 202
874 16056 303
875 16711 303
876 4044 305
877 4050 311
880 14983 310
881 16107 304
882 10709 202
884 10730 202
886 4278 206
888 13925 203
889 9063 203
890 14379 202
891 6126 202
892 8978 202
893 8977 203
894 6093 203
895 4130 205
898 6096 311
899 6099 312
901 3794 203
903 16714 203
904 3940 304
905 4261 305
906 6181 305
907 4222 205
908 16548 202
909 10403 306
910 10641 203
911 12960 202
912 16150 203
913 10636 306
915 927 204
916 13947 202
918 13946 202
924 5917 203
926 6100 203
930 11968 303
931 12380 202
934 6281 205
935 4865 205
936 11262 202
937 11184 306
938 7144 202
939 7109 202
940 7145 202
943 11975 303
945 17293 202
946 4629 204
947 948 203
949 950 205
951 17200 202
952 2250 202
953 4514 203
955 1119 202
956 1177 206
957 4517 305
958 6921 203
959 1178 202
960 963 306
961 17191 202
962 13278 203
964 4541 305
965 15245 304
966 4530 204
968 18386 202
969 12391 203
970 11999 202
971 7038 203
972 15263 206
973 7040 309
974 15930 203
975 4712 203
976 13291 202
977 6702 202
978 4304 202
979 4283 202
980 4714 204
981 6710 202
982 15934 202
983 4284 204
986 11149 203
987 13132 202
988 4324 202
989 4326 205
990 6735 203
991 6743 205
992 18370 202
993 2219 202
994 14535 202
995 2216 203
998 16314 202
999 4757 305
1000 2077 202
1001 13277 303
1002 11093 307
1003 6660 204
1004 4398 203
1005 17286 202
1006 13157 303
1007 1187 304
1008 7364 303
1009 7366 306
1010 16304 303
1011 4402 306
1012 4805 304
1013 2283 205
1014 15879 304
1015 13440 304
1016 16627 202
1017 16618 202
1018 4338 203
1019 4347 309
1020 6754 303
1021 1205 203
1024 15855 304
1025 15857 203
1028 6857 206
1029 4474 312
1030 16271 202
1031 16964 202
1032 13266 202
1033 2303 203
1034 16874 202
1035 17300 304
1038 17332 202
1039 11286 203
1040 4817 307
1041 13144 303
1042 5957 305
1043 4378 307
1046 11090 203
1047 13270 202
1049 13495 304
1050 17205 202
1051 14416 202
1052 7009 204
1053 3116 208
1054 11494 202
1055 16971 202
1058 11737 203
1059 15434 202
1060 11756 303
1061 3529 303
1062 3079 310
1063 4708 305
1064 1165 202
1065 6804 202
1066 11981 305
1067 11228 203
1070 4422 207
1071 2329 304
1072 17038 203
1073 7039 202
1074 7288 304
1075 7282 304
1076 6785 306
1077 6786 205
1078 6777 203
1079 7075 204
1080 4763 203
1081 6780 202
1082 2887 308
1083 9967 202
1084 11582 208
1085 11585 307
1086 17183 202
1087 11936 303
1088 6655 307
1089 6913 318
1090 13299 202
1091 4393 203
1094 4461 203
1095 4764 203
1096 11488 304
1097 15918 202
1098 6727 303
1099 7397 307
1100 6729 303
1101 4329 203
1104 15237 203
1105 4745 303
1106 14350 202
1107 4665 204
1108 4627 205
1109 4512 208
1110 4552 205
1111 17204 202
1112 7005 203
1113 7015 202
1116 14527 202
1117 15886 202
1118 11944 202
1120 14408 202
1121 7147 203
1122 11086 203
1123 11227 203
1124 11234 203
1125 13053 303
1126 11185 203
1127 11190 204
1128 13884 202
1129 11539 202
1130 1213 304
1131 6915 306
1132 16833 202
1133 11668 304
1134 11042 306
1135 6919 202
1136 4633 204
1137 13471 203
1138 11993 202
1139 3125 202
1140 1142 204
1141 13062 202
1143 11171 307
1144 3053 304
1145 4476 304
1146 4480 306
1147 4479 203
1148 4678 203
1149 4756 305
1150 7156 202
1151 6696 202
1152 11140 204
1153 17893 203
1154 11269 203
1155 11265 202
1156 15457 203
1157 15454 202
1159 2177 204
1160 4841 304
1161 12466 303
1162 4687 207
1163 11056 307
1164 11739 203
1166 11743 203
1167 17876 203
1168 4421 203
1169 2328 203
1170 11673 203
1171 11236 202
1172 4534 204
1173 5044 203
1174 4515 203
1175 6914 303
1176 11664 203
1179 11669 202
1180 6618 202
1181 6612 202
1182 6824 203
1183 4399 305
1186 3110 305
1188 11947 202
1189 11688 308
1190 13150 202
1191 11120 205
1192 14747 202
1193 17686 202
1194 3095 304
1195 13160 202
1196 13983 202
1200 18107 203
1201 14402 203
1202 4735 203
1203 13977 202
1204 15898 202
1206 2266 202
1207 4519 203
1208 4516 304
1209 2268 308
1214 12059 203
1215 11297 202
1216 10044 303
1217 12039 202
1219 15673 202
1220 12063 202
1221 8154 203
1222 14519 202
1223 7436 304
1230 14084 202
1231 6556 303
1232 12232 303
1233 14007 303
1234 15820 202
1235 13321 202
1236 12073 304
1237 2029 307
1238 17830 204
1239 12233 304
1240 13448 202
1241 2030 202
1242 9118 304
1243 12488 202
1244 17274 202
1245 6510 203
1246 4859 307
1247 4903 202
1251 4862 202
1252 6284 203
1253 16473 202
1254 16154 306
1255 6287 205
1256 12238 303
1257 3478 203
1258 14106 202
1259 6542 305
1264 6340 307
1265 14202 202
1266 4869 204
1267 1986 204
1268 15480 303
1269 18022 202
1270 12289 202
1271 16903 202
1272 7454 304
1273 12468 303
1274 1998 203
1275 14955 202
1276 6363 206
1277 7174 309
1278 8787 303
1279 2375 305
1282 6526 304
1283 6523 304
1284 10705 205
1285 16727 203
1286 2147 203
1287 7448 203
1288 13834 203
1289 7453 303
1290 6562 203
1291 6561 202
1292 2123 303
1293 6536 202
1294 6266 305
1295 7327 206
1296 14346 202
1297 15077 202
1298 5033 310
1299 16657 203
1301 5034 305
1302 12674 203
1303 15344 203
1304 5301 203
1305 8484 203
1306 10207 203
1307 10216 305
1308 15663 203
1309 18028 203
1312 10301 304
1313 16407 303
1314 11369 205
1315 8592 304
1318 4992 309
1319 8927 203
1322 1541 308
1323 13346 202
1324 8712 306
1325 14277 308
1326 14443 202
1327 11417 202
1328 10219 304
1329 13809 204
1330 13313 202
1331 16631 203
1332 5132 206
1333 2741 205
1334 5288 202
1335 8640 203
1336 2753 304
1337 3206 202
1338 1343 315
1339 8628 205
1340 1436 206
1341 13660 202
1342 8934 309
1344 8620 305
1345 8618 203
1346 16389 303
1347 13113 202
1348 11394 202
1349 10084 202
1350 1353 309
1351 10086 202
1352 9035 204
1355 8609 202
1356 8567 307
1357 11378 204
1358 5080 204
1359 15951 202
1361 8596 203
1362 2746 308
1363 15974 202
1364 5088 203
1365 2747 306
1366 1412 202
1367 8931 202
1368 8894 202
1369 11364 203
1370 4951 304
1371 8535 305
1372 4942 203
1373 4944 204
1374 5022 309
1375 5028 309
1376 10291 306
1377 12888 203
1382 15989 202
1383 1385 306
1384 12104 304
1386 10263 303
1387 5221 203
1388 13109 202
1389 16629 303
1390 14273 202
1391 12095 202
1392 15751 202
1393 11303 202
1394 5304 304
1395 16413 202
1396 4956 206
1397 1524 206
1398 5311 202
1399 15993 303
1400 2764 307
1401 8460 304
1402 1405 203
1404 4972 202
1406 4982 203
1407 4984 202
1408 4981 307
1409 11320 307
1410 10298 306
1411 8925 202
1413 8591 203
1414 15349 203
1415 8928 205
1416 2752 310
1417 15300 203
1418 5164 203
1419 5162 204
1420 16097 303
1421 10342 304
1422 10340 202
1423 5198 203
1424 13349 203
1425 14001 202
1426 2750 303
1427 13808 203
1428 2738 204
1429 8719 306
1432 12040 202
1433 2688 304
1434 5139 303
1435 10068 202
1437 8933 202
1438 5146 203
1439 12060 306
1440 10090 304
1441 10093 304
1442 5160 310
1443 5169 203
1444 10096 202
1445 8916 306
1446 3204 205
1447 8606 303
1448 10297 203
1449 5296 304
1450 5297 303
1451 16408 202
1452 11373 303
1453 5085 306
1454 10128 306
1455 2748 304
1456 5092 205
1457 14179 204
1462 5118 202
1463 5262 304
1466 14677 303
1467 8581 307
1468 13111 202
1469 17995 203
1470 5048 307
1471 11437 307
1472 8105 203
1473 9394 203
1476 10355 306
1477 12749 203
1478 14603 203
1479 12724 202
1480 12889 202
1481 5026 308
1482 5029 308
1483 12890 203
1484 13315 203
1485 10292 202
1486 10234 303
1487 4953 304
1488 4957 305
1489 4952 304
1490 11305 204
1491 4959 303
1492 12107 202
1493 15073 202
1494 8466 305
1495 15070 304
1496 4965 311
1497 8754 202
1498 13663 303
1499 4967 304
1500 4966 202
1502 10158 204
1503 10160 208
1504 4977 202
1505 4973 202
1506 10273 306
1507 13340 203
1508 8740 305
1509 9862 303
1510 10361 203
1511 5224 204
1512 4985 203
1513 16851 202
1514 10041 305
1515 12083 202
1516 13800 203
1517 5061 304
1518 5197 203
1519 13801 205
1520 10260 204
1521 5255 205
1522 10269 204
1523 10253 204
1525 4960 305
1526 15976 304
1527 3035 202
1528 2739 202
1529 2714 204
1530 5140 307
1531 10317 303
1532 11374 203
1533 2652 306
1534 8597 202
1535 15297 304
1536 12008 304
1537 15952 202
1538 4391 304
1539 9030 202
1540 5071 205
1542 1545 203
1543 5154 203
1544 2964 204
1548 18326 202
1549 5157 303
1550 8913 204
1551 15978 202
1552 3929 203
1553 11889 202
1558 7560 204
1559 16045 305
1560 7195 304
1561 13517 203
1565 9460 202
1566 1571 303
1567 7744 203
1568 5352 202
1569 7745 203
1570 5353 203
1573 7572 202
1574 2538 312
1575 14796 304
1576 2512 204
1577 15086 202
1580 16959 203
1581 12827 202
1582 7980 202
1583 7578 202
1584 7503 202
1585 5475 205
1586 1784 311
1587 13568 204
1588 16679 202
1589 5698 203
1592 8299 303
1594 5484 305
1595 8298 304
1596 7595 305
1597 1747 307
1598 5566 203
1600 5564 305
1601 5681 304
1602 5683 307
1603 7518 307
1604 17791 203
1605 5570 304
1606 14467 202
1607 2934 203
1608 5588 202
1609 2489 202
1610 5589 203
1611 1613 305
1612 12524 202
1614 7524 305
1615 7773 303
1616 5686 305
1617 13364 202
1618 5598 204
1619 17555 204
1624 5613 202
1625 12521 202
1626 5614 304
1627 7552 305
1629 12109 202
1630 8241 203
1631 7561 203
1632 7615 311
1633 5494 305
1634 5500 202
1635 7623 202
1636 7617 305
1637 7626 203
1638 8115 202
1639 8232 203
1640 13548 202
1641 7629 203
1642 7965 204
1643 7722 203
1644 3219 207
1645 5747 202
1646 2560 303
1647 3216 206
1648 7631 202
1649 5508 203
1650 7778 203
1651 7859 308
1652 7718 203
1653 7845 202
1654 15588 202
1655 7987 203
1656 14912 307
1657 9579 307
1661 16357 202
1662 2508 303
1663 1665 204
1664 14896 202
1666 8428 306
1667 14584 202
1668 7822 203
1669 7826 304
1670 7825 203
1671 1676 204
1672 7813 202
1673 5864 203
1674 9498 202
1675 7809 304
1677 8001 203
1678 8003 308
1679 16827 202
1680 7808 202
1681 9552 304
1682 5617 204
1683 5633 204
1684 15119 203
1685 16562 203
1686 7696 303
1687 5647 307
1688 7703 308
1689 7705 307
1690 1692 305
1691 9550 203
1693 7791 305
1694 1720 202
1695 16678 202
1696 13390 203
1697 7883 205
1698 8092 203
1699 8096 203
1700 9374 203
1701 9556 203
1702 5552 304
1703 15499 203
1704 12535 203
1705 9504 202
1706 9512 305
1707 8109 203
1708 7606 303
1709 8111 306
1710 8493 303
1711 14344 202
1712 7619 306
1713 17721 203
1714 16492 202
1715 9490 203
1716 17173 202
1717 5534 203
1718 15584 202
1719 8084 204
1721 9418 207
1722 9487 304
1723 5513 202
1724 12124 303
1725 15500 202
1726 12538 203
1727 9404 202
1728 7821 202
1729 16353 303
1730 17087 202
1731 8104 303
1732 7899 203
1733 9558 202
1734 3250 202
1735 3253 305
1736 15078 306
1737 2523 304
1738 1749 304
1739 7603 202
1740 1743 202
1742 16053 202
1745 7589 203
1748 1762 309
1750 13745 204
1751 7610 303
1752 14035 202
1753 13623 202
1756 11768 303
1757 9787 303
1758 9864 203
1759 1987 306
1760 13766 204
1761 15479 203
1763 9505 203
1766 5662 202
1767 9577 203
1768 14877 204
1769 8129 203
1770 9362 203
1771 5336 204
1772 5554 202
1773 8206 303
1774 7951 306
1775 2575 206
1776 1908 203
1777 7574 202
1778 8303 205
1779 7979 305
1780 1782 205
1781 2533 308
1783 2478 203
1785 9420 203
1786 2479 203
1787 5665 203
1792 9874 203
1793 2950 203
1794 5436 204
1795 10847 304
1796 9639 305
1797 5763 204
1798 17271 203
1799 3572 204
1800 9632 203
1801 13753 202
1802 13776 202
1803 2911 202
1804 9696 305
1807 2939 306
1808 3359 203
1809 9642 203
1812 9712 305
1813 9716 204
1814 2944 204
1816 3379 202
1817 5446 305
1822 12865 306
1823 18230 204
1824 10885 202
1825 17265 202
1826 5799 202
1827 10802 203
1828 9656 202
1829 10627 305
1830 3355 305
1831 3356 203
1836 3495 203
1837 9538 202
1838 12135 203
1839 14329 204
1840 10925 304
1841 2861 204
1844 2528 212
1845 7754 202
1846 7776 202
1847 2458 303
1848 1851 306
1849 16044 202
1850 1852 205
1853 1855 205
1854 5455 304
1856 10545 202
1857 8988 203
1858 8992 202
1859 10437 203
1860 12991 202
1861 12695 202
1862 10417 204
1863 10419 202
1866 18034 203
1867 6116 203
1868 3922 305
1869 2799 309
1870 8836 304
1871 17965 202
1872 4153 321
1873 13952 203
1874 3663 303
1875 9319 202
1876 6153 204
1878 12767 202
1880 13418 202
1882 9093 202
1884 9303 306
1886 11461 305
1887 3676 307
1888 13709 204
1889 2197 205
1890 10012 306
1891 2880 202
1894 10424 202
1896 16109 304
1897 10662 305
1898 10509 308
1899 8805 303
1900 6028 202
1901 10649 202
1902 2981 205
1903 4167 307
1906 6115 203
1907 6114 202
1909 13829 202
1910 4104 203
1911 12706 202
1912 13634 203
1913 10514 203
1914 6152 202
1915 4000 202
1916 3797 303
1917 3795 304
1918 15050 305
1919 5768 203
1920 12195 203
1922 10699 202
1924 6261 304
1925 6205 304
1930 15869 305
1931 15412 203
1932 13442 203
1933 11077 305
1936 4848 206
1937 7101 203
1950 6830 203
1951 4569 202
1952 4575 205
1953 4579 204
1954 11987 306
1955 7357 204
1956 6900 203
1957 6897 203
1958 9233 306
1959 12813 307
1960 15485 309
1961 9264 205
1962 6388 202
1963 9288 202
1964 12245 203
1965 2615 202
1966 12798 202
1967 7350 202
1968 12454 203
1969 12310 305
1970 12483 304
1971 12438 304
1972 12511 203
1973 14641 202
1974 12257 203
1975 12439 305
1976 14217 203
1977 7159 209
1978 7163 304
1979 7158 203
1980 7160 203
1984 14060 205
1985 9343 203
1988 6346 203
1989 3734 305
1991 4871 203
1992 12258 303
1994 6324 311
1995 12259 303
1996 6350 204
1997 7165 203
1999 11761 304
2000 6360 203
2001 6362 203
2002 6365 202
2003 7432 304
2004 17112 202
2005 2100 309
2006 15520 203
2007 6569 202
2008 10489 206
2009 12264 306
2010 7340 204
2011 12284 304
2012 7456 203
2013 14627 202
2016 2053 206
2017 3636 303
2018 12499 303
2019 17101 202
2020 6429 204
2021 12500 303
2022 14085 203
2023 6457 203
2026 13454 207
2027 12475 305
2028 12337 307
2031 12408 202
2032 12015 203
2033 13449 204
2034 14509 202
2035 12237 305
2036 11595 306
2037 15891 304
2038 2041 203
2039 12416 304
2042 4918 304
2043 6544 307
2044 6517 203
2046 7256 303
2047 3632 304
2048 16472 204
2049 6289 205
2050 7200 204
2051 2054 202
2052 6291 203
2055 6298 306
2056 15553 202
2058 12431 202
2059 12434 202
2060 6471 202
2062 12345 202
2063 12340 202
2064 6481 303
2065 14300 202
2066 10180 203
2067 16478 202
2068 5190 304
2069 6488 204
2070 16020 202
2071 15523 202
2072 6493 205
2073 10558 202
2074 14828 203
2075 2342 309
2076 2347 202
2078 6503 314
2079 2209 308
2080 12294 202
2081 12296 303
2082 12297 202
2083 16508 202
2086 11168 203
2087 4729 202
2088 6336 202
2094 12765 203
2095 13682 202
2096 10494 202
2097 12469 203
2098 14055 203
2099 7434 204
2101 6460 203
2102 6219 303
2103 18372 204
2104 11622 204
2105 11071 303
2106 2356 306
2107 2352 204
2108 2207 304
2109 2208 203
2110 9007 304
2111 2113 313
2112 17027 202
2114 6396 203
2115 6399 202
2116 14211 203
2117 9229 305
2118 2822 203
2119 12417 203
2122 4919 303
2125 15847 303
2126 13345 202
2127 7323 304
2128 12853 202
2129 13031 202
2134 13927 202
2136 16047 202
2137 12261 202
2138 7176 202
2139 10476 202
2140 2377 206
2141 15356 202
2142 14057 203
2143 15578 202
2144 14949 206
2145 13835 202
2146 10499 202
2148 7423 202
2149 7263 203
2150 2153 311
2151 14429 204
2152 10560 204
2154 10542 202
2155 8852 202
2156 6301 205
2157 6306 203
2160 6309 203
2161 6305 205
2166 11206 203
2167 3075 205
2168 3098 203
2169 11597 202
2170 16464 203
2171 11598 203
2172 18168 202
2173 15271 203
2174 14738 304
2175 6953 305
2176 2265 203
2178 2297 304
2179 6870 307
2180 6500 205
2181 13982 203
2183 16310 202
2185 2310 202
2191 2192 204
2193 18019 203
2196 16912 203
2200 4921 203
2201 6501 203
2203 2205 203
2206 15624 202
2217 6744 203
2218 2221 305
2220 16626 202
2222 14069 202
2223 6825 204
2224 3132 202
2225 4800 202
2226 7119 203
2227 11684 202
2229 12378 202
2236 3100 306
2237 7361 205
2238 7468 203
2239 7358 205
2240 17180 202
2241 6901 203
2242 6765 202
2243 6758 304
2244 4737 305
2245 4734 202
2246 12501 202
2247 7660 202
2252 2267 202
2253 12361 202
2254 6911 203
2255 7142 203
2256 13498 205
2257 6910 204
2258 3090 304
2259 4386 202
2260 4688 202
2261 11941 202
2262 11749 205
2263 16450 202
2264 6632 202
2269 14526 204
2270 6616 303
2271 6920 303
2272 12400 303
2273 16617 202
2274 16461 304
2275 11284 202
2276 7000 303
2277 11283 203
2278 11126 203
2279 7114 204
2280 11114 305
2281 16268 202
2282 6945 203
2284 3107 306
2285 6951 202
2288 11141 204
2289 11670 303
2290 6856 202
2291 11165 303
2292 11481 202
2293 6863 202
2300 4438 203
2301 13281 202
2302 6869 203
2304 11138 304
2305 12377 203
2308 11738 203
2309 11641 305
2311 16328 202
2312 14748 202
2313 4845 203
2314 17328 202
2315 11632 203
2316 14739 304
2317 16802 202
2318 11112 305
2319 11110 303
2320 6917 202
2321 17050 202
2322 11037 202
2323 6918 202
2324 11653 205
2325 7096 308
2332 2338 203
2334 11740 304
2335 11084 304
2339 4855 304
2340 7309 202
2341 2378 203
2343 6495 303
2344 13451 203
2345 7307 203
2346 6494 202
2348 14830 202
2349 6497 202
2353 4920 202
2354 2642 305
2355 2645 305
2357 4904 204
2360 16866 203
2361 12321 202
2363 3479 203
2364 3472 203
2365 15203 304
2366 7312 205
2367 6538 303
2368 12497 202
2369 7315 304
2372 16335 304
2373 12510 204
2374 17838 202
2376 2777 304
2379 9015 203
2380 4457 304
2381 14079 202
2382 18248 202
2383 14094 202
2384 12456 202
2385 16641 204
2388 4662 305
2389 16820 202
2390 6386 202
2391 6391 202
2394 15524 202
2395 3789 203
2400 12935 304
2401 2769 203
2406 7605 202
2407 8027 202
2408 7760 303
2409 8028 304
2410 9513 305
2411 5495 204
2412 12550 202
2413 8031 203
2416 7625 303
2417 2519 204
2418 7949 203
2419 9462 202
2420 13553 202
2421 12529 202
2422 9475 210
2423 3232 316
2424 7586 203
2430 5356 304
2431 7982 205
2432 16566 202
2433 5357 202
2434 3193 305
2435 8215 203
2438 14911 204
2439 8107 203
2440 7959 203
2441 9411 202
2444 17117 203
2445 18323 203
2446 12582 304
2447 12526 202
2450 12945 202
2451 2780 203
2453 10479 202
2456 2783 202
2457 12619 202
2459 16686 202
2460 15082 203
2461 7565 306
2462 9469 206
2463 14868 205
2464 8032 202
2465 8034 202
2466 15774 202
2467 7537 304
2468 7540 203
2469 7538 203
2470 17064 203
2471 5829 204
2474 2477 309
2475 7573 202
2476 5472 303
2480 9546 308
2481 7770 205
2482 9522 203
2483 12564 202
2484 7527 304
2485 9523 203
2486 15358 203
2487 7508 305
2492 2495 207
2493 5580 202
2494 7771 308
2496 5536 203
2497 5541 202
2498 7881 203
2499 5542 202
2500 7737 203
2502 7765 202
2503 9573 203
2504 9559 204
2505 16351 303
2506 16352 202
2507 5837 304
2509 16354 202
2510 4299 305
2511 4300 307
2513 13627 202
2514 14790 202
2515 9571 203
2516 8037 203
2517 9519 202
2518 8035 202
2520 9570 203
2521 13565 203
2522 8227 202
2524 9419 303
2525 16682 202
2526 8118 202
2527 8211 202
2529 2530 322
2531 7969 205
2532 9425 204
2535 7968 203
2539 7957 203
2541 9587 203
2542 7925 202
2543 9450 202
2552 2555 203
2553 7952 202
2554 14870 202
2556 7844 203
2557 7847 203
2561 7856 202
2562 15514 202
2563 9367 202
2564 9366 203
2565 9371 206
2566 5348 203
2567 7896 202
2568 9395 204
2569 9561 304
2570 17231 202
2571 18226 202
2574 7953 202
2576 3234 202
2577 9590 203
2578 9467 203
2579 9591 202
2580 5094 307
2581 5091 311
2582 5102 303
2583 10132 203
2584 8892 304
2585 8246 304
2586 13642 202
2587 8575 203
2588 16256 202
2589 11681 203
2590 14264 303
2591 16632 303
2592 14587 202
2593 17940 202
2594 3930 202
2595 2801 306
2596 4057 202
2597 2599 307
2598 6023 202
2601 2825 202
2606 8406 203
2607 12597 202
2610 7322 305
2613 15137 202
2614 12632 202
2616 10304 305
2617 5099 304
2618 8589 304
2619 11368 203
2620 13073 305
2621 7033 307
2622 10555 204
2623 7292 202
2626 12612 202
2627 8176 305
2628 2991 202
2638 16404 202
2639 2705 306
2641 6483 202
2648 13119 204
2649 14609 202
2650 8727 202
2651 8270 202
2653 10106 203
2654 8621 202
2656 15962 202
2657 15460 204
2658 15075 203
2659 8758 203
2660 8486 303
2661 8483 307
2662 8487 202
2663 12893 203
2664 11347 202
2665 14262 304
2666 14615 303
2667 8686 303
2668 14177 203
2669 15312 303
2670 8247 203
2671 11361 202
2672 5109 203
2673 5100 202
2674 16000 202
2675 8588 304
2676 10300 203
2677 16003 202
2678 8568 205
2679 5299 303
2680 11384 202
2681 8915 205
2684 11395 203
2685 10088 204
2686 2710 214
2687 5050 313
2689 8932 202
2690 12664 303
2691 15947 202
2692 11414 202
2693 8722 202
2694 14669 202
2695 15946 202
2697 4194 202
2698 11346 204
2699 8676 308
2700 5037 203
2701 15988 303
2702 11370 303
2703 8599 204
2704 13601 202
2706 16644 202
2707 16646 202
2708 8615 203
2709 8612 202
2711 8636 203
2712 8403 202
2713 8638 203
2715 3038 204
2716 11412 203
2717 8646 203
2720 10039 202
2721 8651 202
2722 13118 202
2723 5222 202
2724 18367 204
2725 8665 305
2729 11489 202
2730 8398 303
2731 2732 203
2733 2734 204
2735 15403 203
2736 7716 202
2737 3210 303
2740 3039 202
2749 15296 202
2751 13816 202
2754 8813 306
2755 12742 202
2757 8556 203
2760 8816 204
2761 8189 203
2762 8881 204
2763 10182 202
2765 8379 204
2774 12764 202
2775 10493 204
2776 12623 303
2778 14629 202
2779 10487 202
2782 15630 202
2785 10465 304
2786 8770 202
2787 12729 202
2788 2791 205
2789 12615 206
2790 8177 202
2796 16100 206
2797 14687 202
2798 6022 202
2800 16693 306
2802 15000 205
2803 8185 207
2804 12920 303
2805 8809 304
2806 13432 202
2808 10536 203
2809 8371 305
2811 8366 203
2812 18208 203
2813 2988 306
2816 8803 203
2817 3821 204
2818 8690 305
2819 8867 205
2820 5057 203
2821 5228 202
2824 2828 305
2829 16246 202
2830 10711 203
2832 9146 304
2833 8224 202
2834 3937 303
2835 9109 203
2836 9499 202
2837 18222 202
2842 7893 202
2843 9381 202
2844 2850 204
2845 2851 206
2846 7954 203
2847 3233 202
2852 15585 202
2853 14875 203
2854 10845 204
2855 10846 203
2856 5800 309
2857 17267 202
2858 5770 202
2859 9866 202
2860 10872 308
2864 13042 202
2865 10573 303
2866 3521 202
2867 10574 202
2868 12852 202
2869 9776 308
2870 9719 202
2872 10761 203
2873 2875 203
2876 13773 203
2877 13870 202
2878 13779 202
2879 13877 202
2881 16080 202
2884 10773 205
2885 16525 202
2886 10772 305
2888 9603 203
2889 14780 202
2890 10864 305
2891 10738 202
2892 3331 309
2893 10743 304
2894 9620 203
2895 16534 202
2898 13847 203
2899 9625 305
2900 18284 202
2901 18053 204
2902 13844 304
2903 9624 204
2904 15031 203
2906 10977 203
2907 15699 202
2908 3615 204
2909 10680 202
2912 3386 202
2913 9631 202
2914 9854 202
2915 9634 204
2916 16211 202
2917 16202 203
2919 9794 202
2920 3271 202
2921 9795 203
2922 15706 305
2923 2927 304
2924 15018 204
2925 10684 203
2926 9807 303
2928 9667 305
2929 10956 203
2930 10625 202
2931 9823 304
2935 5394 207
2936 9902 203
2937 5391 203
2940 10808 304
2941 10897 202
2942 10797 306
2943 16169 202
2945 2947 204
2946 12846 202
2948 9946 203
2949 9720 304
2951 9882 203
2952 16746 204
2953 14254 304
2954 10000 202
2955 9887 203
2956 9886 204
2957 13872 202
2958 5070 202
2959 8265 203
2962 17687 202
2963 11400 203
2965 11390 203
2966 5175 304
2967 16643 203
2968 15950 202
2969 10123 303
2970 16983 202
2971 14161 202
2974 11439 202
2975 14272 202
2978 10504 202
2979 10406 202
2985 15002 202
2989 4121 305
2990 9991 203
2993 6177 202
2996 16363 203
2997 6183 205
3006 3009 202
3007 3020 202
3008 3011 206
3022 10876 202
3023 3024 203
3025 5808 202
3027 10017 202
3032 9984 202
3033 9979 202
3034 8257 202
3036 17216 202
3037 11407 203
3044 13127 202
3045 13130 202
3046 12768 202
3047 13129 303
3048 16593 202
3049 15170 203
3052 15854 203
3054 11546 202
3055 11545 203
3059 3060 204
3061 13907 202
3064 11722 204
3065 12280 306
3066 11032 203
3067 11031 203
3068 11043 203
3069 11663 203
3070 6695 203
3071 11221 203
3072 11204 202
3073 11629 205
3074 11750 202
3076 11226 304
3077 4707 305
3078 4574 202
3080 4577 204
3081 11089 303
3082 11139 203
3083 11136 203
3084 11577 304
3085 11240 304
3086 16628 204
3087 6653 307
3088 11096 305
3089 4748 202
3091 11095 304
3094 12229 202
3096 11586 304
3097 11101 305
3099 11592 203
3101 3102 203
3103 11605 303
3104 6647 203
3105 6892 202
3106 10998 314
3108 17297 202
3109 7126 309
3111 3136 305
3122 11548 304
3123 15455 203
3124 11288 305
3128 18014 203
3129 4375 309
3133 3137 205
3135 11686 202
3178 11511 202
3179 11522 203
3182 4897 205
3183 7440 202
3184 9226 202
3185 12064 304
3186 9286 304
3187 3782 202
3189 7590 304
3190 7866 203
3191 8078 202
3192 3194 202
3195 3225 203
3196 12522 202
3197 7885 203
3198 14784 304
3199 17175 202
3201 3203 204
3202 9376 202
3205 7882 202
3207 15984 202
3208 14166 303
3209 9574 202
3211 17111 202
3212 14824 203
3214 13750 202
3215 8119 203
3217 16505 204
3218 16673 202
3220 14913 305
3221 16500 303
3222 7513 209
3223 7958 206
3224 3227 305
3226 16031 202
3228 7850 304
3229 8076 202
3230 7840 204
3231 9482 203
3235 9474 202
3236 7571 204
3237 15083 203
3238 5338 202
3239 14867 202
3240 8014 202
3246 15115 203
3248 11820 203
3249 9353 303
3252 9388 202
3254 3257 202
3255 11786 202
3256 3260 204
3258 3263 204
3259 3380 202
3261 3265 204
3262 15769 202
3266 14970 202
3268 3270 202
3269 15768 202
3272 3400 202
3280 15709 303
3281 14972 307
3282 12152 304
3283 3288 203
3284 9928 205
3285 3604 304
3286 5447 202
3287 17900 202
3290 3292 203
3291 3575 303
3293 3294 203
3295 5379 204
3296 5378 202
3297 3301 204
3298 3305 205
3299 3576 203
3300 3302 203
3303 13204 202
3304 17138 202
3306 3309 203
3307 13205 202
3312 3393 202
3314 10814 303
3315 5450 304
3316 9679 202
3317 16190 303
3320 9819 304
3321 3322 202
3323 3327 202
3324 15771 202
3326 5406 202
3328 5408 202
3329 15060 202
3330 16533 202
3334 18379 202
3335 13196 202
3336 14969 203
3338 5396 202
3339 5398 204
3340 9836 204
3341 3597 203
3342 3350 203
3343 3599 202
3345 3347 203
3346 10944 202
3348 17127 203
3349 16176 303
3353 9893 202
3354 10989 303
3357 3361 203
3358 3368 202
3360 3367 304
3362 3365 204
3364 16219 303
3366 15710 203
3370 15704 202
3372 16517 202
3373 18046 202
3374 9682 202
3378 9937 203
3381 9661 204
3382 3385 203
3383 5393 203
3387 10856 303
3388 10775 204
3389 5404 203
3391 5395 202
3392 5390 303
3394 5431 202
3398 9643 204
3399 10987 202
3402 5425 203
3403 9797 204
3404 3631 202
3406 3961 203
3407 3957 202
3408 3411 203
3410 4206 202
3412 17535 203
3413 9139 203
3414 9143 202
3415 15840 202
3416 9144 304
3418 3426 202
3422 4192 306
3424 9148 202
3425 15841 202
3427 9149 202
3428 9091 203
3429 3431 203
3430 3535 203
3433 9095 202
3434 5971 202
3435 3534 202
3437 3438 203
3439 5969 306
3440 4228 203
3441 3442 204
3443 9101 203
3444 3450 202
3445 15142 202
3448 8332 304
3449 9103 202
3457 9065 202
3462 17155 202
3463 3935 203
3464 3536 202
3467 15782 304
3468 3470 202
3471 9151 202
3473 13926 203
3476 9120 202
3480 15121 202
3481 8323 203
3483 15793 202
3488 11808 202
3489 5339 202
3490 9461 203
3491 7939 202
3492 8072 304
3493 3497 203
3498 7867 202
3499 8081 202
3500 16367 202
3504 3507 204
3505 3558 203
3512 3564 303
3514 14234 202
3517 9899 202
3519 5759 202
3523 16077 202
3524 10917 304
3525 5771 304
3526 5773 203
3527 12155 305
3532 8330 202
3533 9089 202
3538 9071 202
3545 17912 202
3546 16079 202
3549 5737 203
3550 11805 202
3551 10927 203
3554 16078 202
3555 3606 202
3556 3591 203
3557 14235 202
3560 5769 202
3561 3657 202
3563 5710 303
3565 11853 202
3566 10753 202
3567 18283 202
3568 3590 203
3569 10991 202
3570 5772 303
3571 11855 304
3573 18385 202
3577 13207 202
3578 9786 202
3580 9993 203
3581 10013 307
3582 9600 203
3583 16535 202
3584 3660 202
3585 3586 304
3593 14362 202
3595 3596 203
3605 18115 203
3607 9897 202
3608 9994 203
3609 5775 203
3610 9992 303
3611 9875 204
3612 17860 203
3613 9999 204
3614 12856 202
3616 3973 205
3617 15210 202
3618 3700 305
3619 15468 203
3622 9259 202
3623 3666 304
3624 4182 303
3625 8456 303
3633 9200 203
3640 9217 203
3642 13211 202
3643 3644 305
3645 3659 203
3646 3649 205
3647 5804 202
3650 17278 202
3651 5780 203
3652 14655 202
3654 3661 202
3664 9252 202
3667 8446 305
3672 9260 202
3674 3695 202
3675 15213 202
3677 9321 202
3678 13328 202
3679 13458 203
3682 15489 203
3683 9268 203
3684 11833 202
3687 9347 202
3688 4896 204
3689 8431 204
3690 3693 204
3691 6689 203
3692 15496 202
3696 4157 203
3697 9325 202
3698 8414 304
3699 5989 303
3701 8417 303
3702 12599 203
3703 15469 204
3704 12065 303
3706 14959 303
3707 8449 305
3708 16378 202
3709 16377 304
3711 6385 202
3712 3772 202
3713 9274 203
3714 9281 203
3715 13169 203
3716 14061 202
3717 13186 202
3718 13181 202
3719 3774 203
3723 3786 203
3725 13610 202
3726 14957 205
3727 7170 204
3729 8441 202
3730 8436 202
3731 3771 202
3732 9298 202
3733 9339 202
3735 6351 202
3737 12786 202
3739 12787 303
3742 16843 202
3743 9315 202
3746 8631 207
3747 9329 202
3748 11822 304
3749 3784 203
3752 12819 202
3753 9330 303
3754 9223 202
3755 9334 203
3758 3760 203
3759 18031 202
3762 16444 203
3763 15397 202
3765 12800 202
3767 11819 202
3768 16372 202
3769 15481 202
3770 6348 202
3773 17088 202
3778 8432 204
3780 9352 203
3783 16867 202
3785 13619 203
3792 9291 209
3793 17109 202
3796 3798 203
3799 3800 204
3802 3807 304
3804 4065 202
3805 5884 304
3806 3810 203
3808 10439 203
3809 4063 203
3811 3813 204
3812 3814 204
3815 4064 203
3817 15741 303
3818 12990 203
3819 3822 304
3820 10511 203
3824 5887 303
3825 17142 202
3826 10510 303
3827 10586 203
3829 3833 203
3830 5892 202
3831 10587 202
3832 3834 305
3835 3837 204
3836 16544 202
3838 5893 203
3840 3842 304
3841 16545 203
3843 13254 203
3844 3847 207
3845 16110 202
3846 3848 203
3855 3859 203
3856 5936 202
3860 8357 202
3861 5935 202
3864 4138 203
3866 5934 202
3870 5927 202
3871 5920 202
3872 6101 203
3873 5915 203
3874 5914 307
3875 5898 202
3877 4067 202
3878 10647 202
3883 3887 203
3886 12997 303
3888 10412 204
3890 6004 208
3891 15735 202
3892 14990 203
3893 3899 203
3894 16692 202
3895 3897 305
3896 11885 203
3898 15727 303
3900 11884 202
3901 3905 304
3902 5946 202
3903 5943 202
3904 5948 306
3906 14989 204
3907 5947 203
3908 13259 202
3910 5951 203
3912 18127 202
3913 10598 304
3916 6104 202
3917 16105 202
3918 3921 204
3919 16739 204
3920 4045 203
3923 4106 202
3924 4052 204
3925 4113 203
3926 4110 304
3927 10384 202
3928 4076 203
3931 15737 304
3932 14991 203
3933 16145 304
3934 11875 202
3936 15138 305
3939 15802 202
3941 6175 303
3945 3946 203
3947 17166 202
3953 4377 204
3959 16832 202
3962 6147 202
3966 4265 202
3967 16434 202
3968 9097 303
3969 11881 303
3970 15146 202
3971 12969 206
3972 15838 304
3974 4183 303
3975 4004 203
3976 4154 303
3977 3982 203
3980 5980 307
3983 3986 304
3984 16595 202
3985 15831 202
3987 3993 304
3988 5981 202
3989 3991 203
3990 5984 202
3992 3996 203
3995 5983 204
3997 3998 206
3999 10631 309
4002 11908 202
4003 8420 303
4005 6142 203
4009 5964 202
4010 13002 202
4011 5993 202
4012 15824 303
4013 9261 203
4016 8443 202
4017 8457 202
4018 6230 202
4019 4203 202
4020 4243 205
4021 11931 203
4024 16046 202
4026 17005 203
4027 4033 303
4031 15364 203
4032 16102 202
4036 8827 204
4037 6013 203
4038 13237 202
4039 15362 303
4040 14686 202
4041 4042 203
4043 6014 303
4046 16057 202
4047 6018 202
4048 6017 304
4049 4108 202
4051 4109 303
4053 4055 202
4054 4112 204
4056 15361 202
4058 10380 203
4068 4166 303
4069 13230 203
4070 16098 204
4071 12719 202
4072 11893 304
4073 4075 308
4074 11894 306
4078 6107 202
4079 18087 202
4080 13961 202
4081 4144 202
4084 12167 203
4085 10638 304
4087 4088 203
4089 11906 303
4090 6072 202
4091 11927 305
4092 13587 204
4093 13589 203
4094 16151 204
4095 11928 203
4096 6075 202
4097 11929 202
4098 4440 203
4099 6002 202
4102 16101 304
4103 16103 202
4105 10475 202
4107 6019 202
4114 8834 205
4115 8832 304
4116 10421 305
4117 9001 307
4119 4123 305
4120 17006 202
4122 10665 305
4126 11897 202
4127 6085 303
4128 17258 202
4131 6094 303
4132 6097 303
4133 8991 202
4134 8995 202
4135 14392 202
4137 8345 203
4142 4145 203
4143 13958 202
4147 13240 202
4148 6108 202
4149 12173 303
4150 10652 202
4151 12174 202
4152 8143 308
4156 10697 202
4158 10698 303
4161 4162 203
4169 16784 202
4172 6135 202
4174 11910 202
4177 6128 306
4178 10717 202
4180 13640 202
4181 6121 203
4184 4186 203
4187 4270 203
4189 4190 204
4191 9085 202
4193 6200 303
4196 6260 202
4197 4271 203
4201 6209 202
4202 4279 304
4204 6213 202
4208 10723 202
4210 11878 304
4211 6172 303
4212 6173 202
4215 4218 203
4217 6180 202
4220 6178 202
4223 4262 202
4231 6195 202
4232 6251 202
4233 4235 203
4236 8444 203
4237 8447 305
4240 6216 202
4241 6215 202
4245 4246 202
4247 4250 203
4251 4254 305
4253 11876 202
4255 11935 203
4256 6226 203
4259 10733 303
4264 10734 202
4267 11880 202
4268 6198 202
4269 10737 202
4274 16358 203
4281 15221 202
4282 7475 202
4285 4713 203
4286 6708 307
4287 6712 305
4288 7387 304
4289 7390 303
4290 7386 202
4291 15901 303
4292 4295 304
4293 13288 202
4294 12402 203
4296 4719 303
4297 6719 303
4301 4307 305
4302 6720 202
4303 4308 306
4305 15867 304
4306 4311 203
4309 7396 307
4310 6725 202
4312 6724 202
4313 4318 203
4314 4317 204
4315 15224 203
4316 4321 305
4319 15939 202
4320 6728 303
4322 15903 304
4323 4330 202
4325 4328 202
4327 16293 203
4331 6747 303
4332 6749 202
4333 17206 202
4334 6748 202
4335 17902 204
4336 7055 203
4337 6680 202
4339 16976 204
4341 4344 203
4342 4728 202
4343 4349 304
4345 4353 304
4346 14419 202
4348 4356 304
4350 17034 202
4351 11524 304
4352 4730 303
4354 17864 203
4355 15233 303
4357 7058 303
4358 11169 304
4359 16343 203
4360 4365 203
4361 15899 202
4362 13071 206
4363 6764 310
4364 11949 204
4366 4368 203
4367 4744 303
4369 6808 303
4370 4746 304
4371 4834 202
4372 4697 202
4373 6815 204
4374 6810 202
4379 4383 304
4382 6995 202
4384 7021 202
4385 14394 202
4387 15862 202
4389 7363 202
4390 15863 202
4394 13298 303
4395 4396 203
4397 4750 202
4400 6822 202
4401 16612 202
4403 11133 202
4406 6905 202
4407 13496 202
4408 4753 204
4409 11566 203
4410 4752 310
4411 11730 204
4412 16277 304
4416 16278 202
4417 11986 202
4420 7025 202
4423 12393 304
4426 18279 202
4427 4431 204
4429 12348 202
4430 6847 202
4432 6845 202
4433 13271 202
4439 13505 203
4441 11963 202
4442 6703 202
4443 15264 202
4446 15892 202
4448 4451 203
4449 4452 304
4450 4758 202
4453 6801 303
4460 6789 202
4462 6782 203
4463 6771 303
4464 6781 202
4465 6779 202
4466 6776 203
4467 17197 202
4468 6773 202
4469 15259 202
4470 12407 304
4471 4765 203
4472 6852 202
4475 16270 304
4477 4478 203
4481 4771 203
4482 6873 203
4483 6867 203
4486 14732 203
4487 11280 202
4490 6877 203
4495 4499 204
4496 4785 202
4497 11953 202
4498 7370 202
4500 4782 202
4501 11954 303
4502 7371 303
4503 6880 304
4508 11530 203
4509 11974 202
4510 7368 202
4513 6888 203
4518 6916 202
4520 6624 202
4521 6631 202
4522 16323 202
4523 11046 202
4524 6922 202
4525 13987 202
4526 13309 202
4527 13279 203
4528 4531 306
4529 6923 203
4535 7380 307
4537 6977 202
4540 7143 205
4542 6984 202
4543 11571 306
4550 16621 202
4554 11154 304
4555 11495 203
4557 7011 203
4559 13532 202
4564 15441 202
4565 17771 202
4568 4573 203
4572 6805 202
4576 4578 206
4580 11643 304
4581 6803 202
4582 11979 202
4583 11087 303
4584 4595 303
4585 12281 202
4586 15868 303
4587 4591 303
4588 11723 202
4589 11985 202
4590 15870 303
4592 11018 203
4593 14745 202
4594 4603 202
4596 15244 203
4597 4829 305
4598 15242 203
4599 14744 202
4601 16273 202
4602 17214 202
4604 11946 202
4605 4803 203
4606 6936 306
4607 4611 203
4608 12364 203
4609 18295 203
4610 11001 202
4612 4617 204
4613 11614 202
4614 11121 306
4615 11000 202
4616 16972 202
4618 6943 202
4619 4620 203
4621 4622 204
4623 11010 202
4630 15262 203
4631 15927 303
4632 4634 203
4635 17198 202
4636 6997 202
4637 4852 202
4638 4810 202
4639 6999 202
4640 17862 203
4641 11992 202
4644 4652 202
4645 4647 202
4646 4649 204
4651 5817 202
4653 16624 303
4655 15888 204
4656 16821 202
4657 16344 202
4658 14410 202
4659 11022 204
4660 6656 305
4661 11650 203
4663 15912 202
4664 15273 203
4667 5671 203
4668 16625 202
4669 5672 304
4671 5823 202
4676 4681 204
4677 14404 202
4679 16967 202
4680 17188 202
4683 7051 202
4684 17983 203
4685 7050 203
4686 12465 202
4689 6642 202
4690 6954 204
4691 6948 308
4692 12384 202
4693 6958 205
4696 4698 203
4699 4700 204
4701 7064 204
4702 16968 203
4703 6835 203
4705 17184 202
4706 4830 202
4709 17185 202
4710 16969 202
4711 6831 202
4715 7477 202
4716 6707 202
4717 6713 305
4718 7389 303
4721 6737 202
4722 7402 202
4723 15226 202
4724 17903 203
4725 16804 203
4727 6746 202
4731 7481 202
4732 6762 205
4733 6757 303
4736 13285 203
4738 15874 203
4739 13284 203
4747 6813 306
4751 6908 202
4754 6698 307
4755 7356 205
4762 4846 202
4766 16797 202
4769 16796 203
4774 4777 202
4775 16800 202
4780 7106 203
4784 12002 202
4790 6838 202
4791 17288 202
4796 6826 203
4797 12379 203
4798 18085 202
4799 11713 204
4801 7115 202
4802 16302 202
4804 11734 202
4809 5825 202
4812 17863 202
4813 4814 203
4815 11972 202
4816 18074 203
4818 18016 202
4819 4821 305
4820 13990 202
4822 13060 203
4823 13991 202
4824 7010 202
4825 7007 203
4828 15873 203
4831 14406 202
4833 11969 202
4835 4836 304
4837 4839 204
4838 12394 305
4842 13989 202
4843 15860 202
4844 14409 202
4847 15456 203
4849 11213 202
4850 11572 203
4851 11682 202
4854 11978 202
4856 7178 202
4858 6267 303
4860 7409 203
4861 7185 202
4867 16891 202
4868 15541 203
4870 15540 202
4872 14961 202
4873 6352 202
4874 7235 305
4875 7267 204
4876 14458 202
4877 7234 303
4878 15967 304
4879 15564 204
4881 6410 303
4882 12277 304
4883 12457 305
4884 15568 304
4885 17115 303
4888 16509 305
4889 4890 207
4891 4892 205
4893 7441 205
4898 14168 203
4899 12773 202
4900 17722 202
4901 7254 202
4902 7250 202
4905 16905 202
4908 4923 204
4909 15530 303
4910 6484 203
4911 16479 202
4912 15522 303
4913 7299 202
4922 6499 202
4924 4930 203
4926 8545 202
4927 4935 203
4928 16419 202
4929 12047 305
4931 4933 203
4932 12048 303
4934 14445 202
4938 8815 202
4939 4943 203
4940 8817 303
4941 8190 304
4945 15744 202
4946 11454 203
4947 10350 203
4948 17702 203
4949 8167 304
4950 8532 303
4954 5305 203
4955 10237 202
4958 8880 303
4961 10181 202
4962 10177 202
4963 10175 303
4964 13662 307
4968 10168 203
4969 10284 203
4970 17081 202
4971 5310 204
4974 10157 204
4975 13341 202
4976 4979 202
4978 10151 304
4980 10364 203
4983 10142 202
4986 8870 203
4987 5056 202
4989 8605 202
4990 10324 202
4991 10028 206
4993 5277 306
4994 10127 202
4995 8294 202
4997 4999 304
4998 14268 204
5000 12746 303
5001 8519 202
5002 15982 202
5003 10213 202
5006 10200 202
5007 5008 306
5009 5014 202
5010 5013 304
5011 8504 204
5012 10352 202
5015 5020 202
5016 10351 303
5017 10191 203
5018 10206 202
5019 12723 202
5023 10186 304
5027 14981 204
5031 5260 202
5032 8897 305
5035 5123 204
5036 5271 202
5038 11358 304
5039 17284 202
5040 11355 202
5041 17222 304
5043 15959 202
5047 5220 203
5049 8687 304
5051 8633 204
5052 12662 202
5053 8652 202
5054 11318 303
5055 18188 202
5058 17313 202
5059 5229 204
5060 10043 303
5064 17312 202
5065 5066 203
5068 17217 202
5069 16989 202
5072 5074 202
5073 10111 202
5075 10117 203
5076 10119 202
5077 10031 202
5078 10115 202
5079 15975 202
5086 16854 202
5087 10126 203
5089 8924 202
5090 8926 202
5093 12037 203
5095 17067 202
5096 12036 203
5097 12009 305
5098 16393 202
5101 15348 303
5103 5104 203
5105 5107 203
5108 15347 203
5110 5113 306
5111 10134 203
5112 5114 308
5115 11363 305
5119 14537 202
5120 16384 303
5121 8896 306
5122 9032 203
5124 5127 304
5125 13336 202
5126 8920 202
5128 8921 202
5129 5130 203
5131 10223 304
5133 10356 203
5134 9414 204
5135 16501 203
5136 5138 203
5137 10065 202
5141 10066 303
5144 16660 203
5145 8559 203
5147 10074 202
5148 16661 205
5149 10078 308
5150 11440 202
5151 10076 204
5152 10075 202
5153 13112 203
5155 8402 304
5156 5295 202
5158 10099 202
5159 15979 202
5161 10098 308
5163 15994 202
5165 13339 202
5168 10087 202
5172 10103 202
5173 9037 203
5174 15295 203
5181 7203 202
5182 6293 202
5183 6302 202
5185 7207 203
5186 7354 306
5187 7206 205
5189 15552 202
5192 13450 203
5199 10259 202
5202 5209 303
5203 10250 202
5204 10252 203
5205 10254 202
5208 9028 203
5211 10251 203
5223 11451 203
5226 5230 203
5231 10244 202
5233 9021 202
5234 5236 202
5246 12084 202
5247 12086 202
5248 5251 303
5249 14004 203
5250 10243 202
5254 8277 203
5256 15379 203
5257 10256 202
5261 5263 203
5267 10306 202
5268 16385 303
5269 9031 203
5270 9033 202
5274 5276 203
5275 12678 202
5278 10208 203
5279 5282 202
5284 8499 203
5285 10188 204
5289 12041 202
5290 9039 203
5291 10064 202
5292 16388 202
5293 8910 303
5294 15981 202
5298 10109 202
5300 17079 202
5302 10236 305
5303 10241 204
5308 16523 202
5309 8551 303
5315 16853 202
5316 5322 202
5317 10230 203
5318 14194 204
5319 18007 205
5321 13310 202
5323 14440 202
5324 8052 304
5325 7526 303
5326 7528 304
5327 5592 203
5328 7484 306
5329 5331 204
5330 5604 204
5332 7545 310
5333 14021 202
5334 12554 202
5335 7870 203
5337 7878 304
5340 7656 305
5341 8126 202
5342 9518 202
5343 8229 204
5346 9564 202
5347 9402 203
5349 9393 204
5350 5846 202
5351 5856 203
5354 16958 203
5355 7502 304
5358 15591 202
5359 8075 202
5360 7841 205
5361 5527 203
5366 5368 203
5367 10803 202
5369 15716 203
5370 10608 306
5372 5761 202
5373 15717 202
5376 5760 303
5382 14462 202
5383 17139 202
5386 13015 203
5387 16531 202
5388 5794 202
5389 13202 202
5397 15028 202
5399 5797 202
5400 10774 202
5403 5796 202
5405 16759 202
5409 5410 305
5411 13381 202
5414 10830 202
5416 14979 203
5417 9669 202
5418 10832 202
5419 13380 202
5428 10839 308
5429 10667 304
5430 5432 203
5433 15763 202
5434 15712 202
5437 5438 203
5440 17129 202
5442 5448 202
5444 17899 202
5445 12153 202
5449 9713 203
5451 17126 202
5452 5456 203
5453 7741 203
5454 5461 203
5457 17777 202
5458 7562 203
5460 13590 202
5467 7566 202
5468 7567 304
5469 13626 202
5470 7575 202
5473 16554 202
5476 7504 203
5477 5479 205
5478 15776 202
5481 5483 204
5482 5486 202
5485 7604 203
5487 8201 204
5488 8108 204
5489 14879 202
5490 5497 203
5491 8202 202
5492 5496 202
5498 7612 202
5499 16582 202
5501 7514 203
5502 5746 203
5503 5505 205
5504 5749 202
5506 14800 204
5507 7634 307
5509 5512 202
5510 5748 303
5511 13371 202
5516 7500 204
5517 5519 205
5518 16568 202
5520 5523 203
5521 16569 202
5522 9436 202
5524 16571 202
5525 7646 202
5526 7649 202
5528 9443 202
5532 9495 305
5533 9492 204
5535 7666 202
5537 7667 202
5538 13391 202
5543 5546 203
5545 8204 203
5547 5549 203
5548 9377 202
5551 5560 202
5553 7671 202
5555 16589 202
5556 9503 203
5557 7618 307
5558 16588 202
5559 7672 203
5561 8068 202
5565 5569 205
5567 15153 305
5568 16093 203
5571 15837 202
5572 16092 304
5573 7520 303
5574 5579 203
5575 5684 202
5576 8223 304
5577 15152 304
5578 17790 202
5581 8222 304
5582 14573 303
5583 7521 203
5586 8320 203
5587 14572 202
5600 16086 202
5601 15161 304
5602 7539 303
5603 7536 203
5605 14469 202
5606 5609 306
5607 7541 202
5608 8310 303
5610 15829 303
5611 14468 202
5612 8238 202
5615 7558 202
5616 15108 203
5618 15109 207
5619 5632 202
5626 7797 202
5627 7729 202
5628 14484 304
5629 7730 205
5634 5636 306
5635 13597 205
5637 7690 203
5638 7689 202
5639 5641 205
5640 16561 202
5642 15180 305
5643 7691 203
5644 13595 203
5645 5646 306
5648 15778 202
5649 16585 202
5652 7706 304
5653 14919 202
5654 5657 204
5655 7630 203
5659 7727 203
5663 8231 202
5664 16054 202
5674 8130 202
5680 13393 202
5682 14034 202
5685 8319 202
5687 7522 202
5688 5690 203
5689 14125 202
5691 7777 202
5692 7743 202
5693 7940 303
5696 16052 202
5699 7756 202
5700 15355 202
5701 7766 203
5707 5708 202
5709 9783 202
5711 5717 202
5712 13871 204
5713 10767 203
5720 18390 202
5721 10576 202
5726 5758 303
5727 5756 202
5729 12965 203
5734 16076 202
5738 7643 202
5739 7501 202
5743 7663 203
5744 13375 202
5745 16090 305
5750 15105 202
5754 12532 203
5755 9551 203
5762 15703 202
5774 16709 202
5776 16700 202
5777 16748 305
5778 10880 202
5779 10879 303
5781 16163 304
5786 14256 203
5787 9740 202
5789 5813 202
5793 5812 202
5798 16933 202
5801 10916 304
5802 16233 202
5806 11830 202
5807 12797 203
5809 10869 305
5814 9981 202
5819 13902 202
5822 5824 202
5827 12113 202
5830 7910 202
5831 12539 202
5832 7898 303
5833 5835 204
5836 7805 202
5839 15359 202
5841 5843 203
5842 7807 203
5844 7804 202
5847 8427 304
5848 7815 203
5849 7817 202
5850 12142 202
5851 7812 202
5858 7829 303
5859 8426 202
5860 16857 202
5861 12523 202
5862 7827 304
5863 5865 306
5866 12579 202
5867 7832 202
5868 16858 202
5869 12111 203
5870 7835 303
5871 7836 303
5872 14473 202
5873 16859 202
5874 12122 202
5875 13598 202
5876 12120 304
5877 17086 202
5879 14472 202
5880 6047 203
5881 5882 202
5883 15740 202
5885 5886 203
5895 10508 202
5899 5900 304
5901 5904 202
5906 17926 203
5907 16705 203
5908 16131 202
5909 8996 202
5911 5912 203
5916 5918 204
5922 5925 203
5924 14039 202
5929 10568 205
5940 5942 203
5941 15657 202
5949 14487 202
5950 15651 202
5953 12703 305
5954 10594 202
5955 6066 202
5956 12171 202
5958 13417 202
5959 12976 202
5960 6218 203
5961 15132 203
5963 6239 303
5965 10693 202
5966 15839 304
5967 5992 202
5968 15143 205
5972 9096 202
5973 6197 304
5974 12186 202
5976 9136 204
5977 6233 308
5978 13404 202
5979 9067 203
5982 15830 202
5985 5987 203
5988 15201 202
5990 9246 202
5994 15822 202
5995 15825 202
5996 13218 202
5997 12218 202
5998 14588 303
5999 6012 202
6000 13265 202
6001 15365 202
6003 6058 203
6005 10518 203
6009 6060 203
6010 17241 202
6015 6021 304
6016 15363 304
6025 6027 203
6029 6030 305
6031 12169 303
6032 6034 203
6033 12168 202
6035 6037 205
6036 6151 304
6038 12958 202
6039 15390 203
6040 6045 306
6041 16126 303
6042 16128 303
6043 16238 303
6044 17961 202
6046 16724 202
6048 10434 203
6049 6051 203
6059 10474 202
6061 10526 203
6067 8851 202
6068 18128 204
6069 10596 305
6070 10637 204
6071 13863 202
6073 12220 202
6077 14623 202
6079 16108 202
6080 13412 202
6081 11886 202
6082 10654 304
6083 14502 202
6088 17014 202
6089 16745 303
6090 6092 203
6095 11903 202
6098 10656 202
6102 16147 202
6103 12956 202
6105 16710 202
6106 10382 202
6110 10653 202
6111 12225 202
6120 16782 202
6123 13641 203
6124 12216 303
6129 13403 202
6130 13407 202
6131 13402 203
6132 14043 202
6139 13422 202
6140 15194 305
6141 16574 202
6143 15211 304
6144 13869 202
6148 17276 202
6149 12959 202
6150 16221 305
6155 6156 203
6157 6160 203
6158 16781 202
6163 17023 202
6165 17283 202
6166 10704 202
6167 6169 203
6168 10706 204
6171 12184 202
6176 6179 205
6182 6247 203
6184 13861 202
6188 9099 202
6190 6248 202
6196 15145 203
6199 12188 202
6201 15494 202
6202 10736 202
6203 6207 202
6208 6264 202
6223 12210 202
6224 13409 202
6225 12212 202
6231 15472 303
6232 10628 202
6237 12180 202
6240 17836 202
6241 6243 203
6242 6244 203
6252 11883 202
6257 9182 202
6262 16361 202
6263 10721 202
6268 12270 202
6269 7186 202
6270 14803 204
6271 15533 202
6272 7194 202
6273 7187 202
6277 6564 202
6279 7192 202
6286 6290 205
6288 12279 202
6292 16024 202
6294 12278 202
6297 7205 202
6299 6300 203
6303 7209 202
6304 7204 202
6307 7413 202
6308 6312 203
6310 11838 305
6311 7212 304
6313 16023 202
6314 9076 203
6315 12248 202
6316 7353 202
6317 16022 202
6318 7214 203
6319 6322 204
6320 7355 204
6321 6327 206
6323 6329 202
6325 7349 304
6326 16669 203
6328 6333 204
6330 7348 203
6331 14511 203
6332 7217 202
6334 7346 202
6335 13521 205
6337 14808 202
6338 14809 205
6339 17099 203
6341 8454 202
6342 8455 304
6343 16890 203
6344 15539 202
6345 9050 202
6347 9051 204
6349 9341 202
6353 12262 202
6354 6358 202
6355 7164 205
6356 7166 202
6359 14212 203
6364 11760 202
6366 16041 202
6367 12053 202
6369 7175 303
6371 7177 202
6372 7433 303
6373 6375 204
6377 9349 202
6379 6382 203
6380 6389 205
6381 9046 207
6383 6387 205
6390 16381 202
6394 12244 202
6397 12266 202
6398 12316 202
6400 15534 202
6401 12268 303
6402 15535 202
6403 6404 204
6405 6409 203
6407 8766 203
6408 8764 202
6411 14096 202
6412 6416 202
6413 8765 203
6414 15537 202
6415 7265 305
6417 6419 202
6418 7241 303
6420 15627 202
6421 6423 204
6422 17100 203
6424 12332 202
6425 6431 202
6426 15605 202
6427 12734 303
6428 6611 202
6430 12291 202
6432 15622 202
6433 15604 202
6434 12293 202
6435 15623 202
6437 17723 202
6438 6520 202
6439 7251 303
6442 7257 303
6443 12271 202
6450 9040 202
6452 6687 202
6453 7220 203
6454 9041 303
6459 12351 202
6461 15357 202
6462 6466 203
6463 12024 202
6467 15613 202
6468 7283 303
6469 7278 303
6470 7286 202
6472 15546 202
6473 6476 202
6474 12243 202
6475 7289 303
6477 15542 303
6478 14836 304
6479 12344 203
6480 15544 303
6482 7291 304
6485 6595 204
6489 7295 204
6490 15610 202
6492 14855 303
6496 13326 304
6498 14831 202
6502 14848 202
6504 7334 202
6505 6509 206
6506 7329 306
6507 16674 202
6508 6515 203
6511 7335 202
6514 6521 205
6522 12265 303
6527 6528 203
6529 6530 305
6531 15603 304
6532 6583 203
6533 16901 202
6534 6579 203
6535 6577 203
6537 7311 202
6539 7310 202
6540 9127 204
6541 9129 307
6543 6546 203
6545 12487 202
6548 6551 203
6549 17085 202
6552 12640 202
6554 12295 202
6555 16913 202
6557 14102 204
6558 11807 202
6559 15816 304
6560 16553 203
6563 12241 202
6565 6566 203
6568 14517 202
6570 16668 202
6571 6572 202
6574 14814 203
6578 6581 305
6580 7451 305
6582 12329 202
6584 7458 202
6585 12328 202
6586 7459 203
6587 12330 203
6588 12333 303
6589 12331 305
6594 15543 303
6596 16021 303
6597 12242 202
6598 14837 304
6599 14835 202
6602 6608 203
6603 12947 202
6609 7439 202
6610 16677 202
6613 15289 202
6617 6925 304
6619 11045 202
6620 6622 203
6621 11662 303
6625 15421 202
6626 11050 202
6627 11667 303
6630 11053 202
6633 17054 202
6637 11216 202
6638 11219 202
6639 16326 202
6640 11620 202
6641 11058 202
6643 14746 203
6645 11591 202
6646 11560 304
6650 11581 202
6652 11241 202
6654 15917 303
6657 14719 203
6658 11026 204
6659 11025 203
6663 15415 204
6665 11143 203
6666 6669 203
6667 11145 304
6668 14737 202
6672 6986 202
6674 11147 304
6675 13162 202
6681 11178 202
6682 11172 203
6683 11510 202
6685 18172 203
6686 15486 202
6688 16366 202
6690 11033 206
6691 11035 204
6699 11250 202
6704 15893 202
6705 7391 202
6706 16607 202
6709 7393 308
6711 7388 202
6714 7400 202
6715 11995 202
6718 12403 203
6721 7151 202
6722 15225 203
6723 17202 202
6726 6731 202
6730 15902 202
6734 7405 202
6736 16805 202
6740 7403 202
6741 17207 202
6742 6745 304
6750 11526 202
6751 7054 203
6752 18395 203
6753 17211 202
6755 7057 202
6756 7480 306
6759 15897 202
6760 7060 202
6761 7059 303
6763 7061 202
6767 6769 203
6768 12395 203
6770 11002 202
6772 6778 203
6783 18180 202
6784 7074 204
6790 7077 203
6791 7083 203
6793 6799 203
6800 7046 303
6809 6811 202
6812 6817 204
6814 11007 204
6816 6819 305
6818 7072 203
6827 14068 202
6829 7367 303
6839 6841 204
6840 7365 202
6842 7153 202
6843 6844 303
6846 17895 203
6848 6854 203
6849 15258 202
6850 11476 202
6851 15919 202
6853 17196 202
6864 16965 202
6865 15252 202
6866 15292 202
6868 6879 202
6871 15251 304
6872 16888 203
6874 6876 206
6875 15250 203
6878 16601 204
6881 12386 202
6882 11175 203
6886 6889 305
6887 12387 202
6893 6896 305
6894 6955 202
6895 16281 203
6902 15890 202
6903 16610 202
6906 6909 204
6907 7131 304
6912 11094 203
6924 12401 203
6927 6929 203
6928 6931 203
6932 14413 202
6933 11029 305
6937 7118 206
6938 7116 202
6939 6942 202
6944 6946 203
6947 6949 203
6950 11611 202
6952 11563 203
6959 6960 306
6961 15247 305
6965 6973 202
6967 6971 203
6970 16974 202
6972 7378 202
6974 12399 203
6975 6978 204
6976 7377 202
6979 13494 202
6980 16975 203
6981 6985 204
6987 11092 202
6989 7152 204
6991 12368 202
6992 17333 203
6993 7001 304
6996 12397 202
6998 17199 202
7002 13488 202
7003 18017 203
7008 7013 204
7014 13899 202
7020 15861 202
7023 17182 202
7024 15909 203
7026 16296 303
7027 17865 202
7029 16977 203
7032 7037 304
7034 16285 202
7035 11997 203
7036 7141 203
7041 7042 203
7047 11479 204
7053 16292 203
7056 15895 203
7063 7065 203
7066 13487 202
7071 13470 202
7073 12369 202
7078 11160 304
7079 11541 202
7080 11707 202
7082 11271 202
7084 7087 203
7085 14080 202
7088 13480 202
7092 16606 202
7093 16284 202
7097 7098 203
7107 14533 202
7108 11186 202
7111 13156 202
7112 13154 304
7113 13147 205
7117 16613 202
7120 15876 202
7121 11011 304
7124 11558 303
7125 16280 202
7127 11559 304
7128 16276 202
7130 11244 202
7135 12363 303
7138 16798 204
7139 12362 204
7150 7473 202
7154 13464 202
7155 18392 202
7161 17852 202
7167 12440 203
7168 9336 203
7169 17310 202
7179 7180 203
7196 13516 203
7197 14554 202
7210 14108 203
7211 7213 307
7215 7345 203
7218 12476 202
7219 9271 202
7221 7222 304
7223 15607 202
7225 7426 203
7227 8458 202
7228 12272 202
7229 16927 203
7230 7233 306
7231 12449 202
7232 14428 205
7237 7425 203
7240 16898 202
7242 14460 203
7243 15569 307
7244 16899 202
7245 17091 202
7246 15629 202
7258 12498 202
7259 12474 303
7260 14846 203
7262 12448 202
7264 9004 202
7266 15531 303
7272 12505 202
7273 7280 203
7274 7277 203
7275 7279 202
7281 12435 202
7284 15612 202
7285 15545 304
7287 7290 202
7293 15611 303
7294 7296 203
7298 7437 203
7303 7306 204
7304 13700 203
7305 17028 203
7308 13327 202
7313 12080 202
7314 12486 202
7316 7318 203
7317 12081 202
7319 7321 204
7324 7330 203
7326 7328 305
7331 7332 203
7336 7422 202
7339 15625 202
7341 14948 202
7342 15602 305
7343 15615 203
7347 16914 202
7351 12508 202
7352 16915 202
7359 12516 203
7360 7469 202
7362 13499 203
7379 17057 203
7381 15904 303
7392 15220 202
7394 13290 202
7407 15938 202
7412 18101 202
7414 13718 202
7415 14812 204
7421 13527 203
7424 14849 202
7427 8459 203
7428 15621 303
7429 7443 202
7430 15558 205
7431 16043 202
7438 14518 203
7449 15614 202
7450 14457 202
7452 12287 202
7455 12471 304
7457 14456 202
7471 12001 202
7472 12459 202
7478 11715 203
7479 11131 202
7482 9340 203
7483 17089 203
7485 15642 306
7486 11765 204
7487 8020 307
7488 12520 202
7489 7542 303
7490 7544 308
7491 7547 307
7492 7932 304
7493 18375 202
7498 9543 303
7499 16030 303
7505 16555 202
7506 14801 203
7507 7639 205
7509 16921 203
7510 14791 304
7511 7611 305
7512 9412 204
7515 17168 202
7517 17378 202
7519 15836 202
7523 8321 203
7525 9547 304
7529 7531 203
7530 15772 203
7533 15158 202
7534 14123 202
7535 8217 202
7543 15160 202
7546 15827 202
7548 7553 203
7549 14789 303
7550 15826 305
7551 7557 305
7554 8023 202
7555 8240 303
7556 7559 203
7563 7733 203
7564 7734 202
7582 8305 202
7583 13566 202
7587 7755 203
7588 8197 202
7591 7593 204
7592 15786 202
7594 8296 202
7599 15090 202
7607 12534 202
7608 8301 203
7609 14561 202
7613 7762 202
7614 8113 202
7616 16583 203
7622 8233 202
7624 7628 202
7627 8230 202
7632 8214 202
7633 8212 202
7636 7860 306
7637 8312 303
7638 7641 204
7640 8218 202
7642 7857 203
7644 7647 204
7645 7719 204
7648 7650 203
7651 17172 202
7654 16570 203
7657 7675 202
7661 14032 202
7662 7664 203
7670 15835 202
7677 8071 202
7680 8069 202
7688 14795 202
7692 13561 303
7693 7796 202
7694 7788 304
7695 17246 202
7697 12820 303
7698 7702 304
7699 7789 203
7700 7708 303
7701 16584 202
7704 9527 303
7707 15508 202
7709 7711 306
7710 16088 202
7712 9532 204
7713 16491 202
7714 9526 303
7715 13592 203
7720 8315 204
7721 15100 204
7723 7726 203
7724 14158 202
7725 8208 202
7728 14478 202
7731 12546 303
7738 12141 202
7739 9562 202
7740 16687 202
7742 7935 303
7758 7764 202
7759 8300 203
7761 7763 203
7767 16049 202
7768 18206 202
7769 12585 203
7772 14121 202
7774 18319 202
7775 8309 304
7779 9415 202
7780 8313 202
7790 18214 202
7793 16089 202
7806 7824 202
7814 12577 204
7816 7997 303
7823 8429 202
7833 12527 202
7837 13559 202
7838 8074 203
7839 8199 202
7842 7989 203
7843 8077 305
7846 9481 202
7848 9486 203
7849 9483 202
7851 7853 204
7852 9488 303
7854 9489 303
7855 7858 303
7861 8079 203
7862 9354 303
7863 12553 202
7875 9359 202
7876 9356 305
7877 7879 204
7880 9363 203
7888 14888 304
7889 16498 202
7890 16117 203
7891 8987 206
7892 8102 202
7894 14893 203
7895 9391 202
7897 14892 202
7902 9397 204
7903 9392 202
7904 16356 202
7905 16920 202
7906 7909 203
7907 9405 202
7912 14905 202
7913 8106 204
7916 14788 203
7917 8018 202
7920 9446 202
7922 9447 203
7923 7928 202
7926 14861 202
7927 8022 303
7929 7931 204
7930 12563 303
7933 14863 202
7934 12562 202
7938 15647 202
7941 9465 303
7942 7944 204
7943 8120 202
7948 7950 203
7955 8125 202
7956 16032 202
7964 8116 202
7966 9417 202
7967 13569 202
7971 12536 202
7972 9424 203
7973 7975 305
7974 9430 202
7978 15582 202
7981 15583 202
7984 9439 203
7985 8311 203
7986 7988 203
7991 14934 303
7992 7994 203
7993 8131 203
7995 17116 202
7996 18322 203
8000 8005 303
8002 16368 303
8004 12541 202
8006 8010 204
8007 8073 203
8011 13734 203
8013 13735 202
8015 8016 203
8017 11755 303
8019 9444 202
8021 16017 202
8024 15594 202
8025 9506 202
8026 8030 202
8033 12551 202
8036 13938 202
8038 8112 203
8039 9575 202
8042 8228 203
8043 8226 203
8045 14367 202
8047 8306 202
8048 8089 204
8049 15639 202
8053 9521 304
8054 12525 203
8058 14838 203
8059 8070 203
8060 8064 203
8065 15598 202
8086 9432 202
8091 8093 304
8095 9555 202
8097 9557 202
8110 9569 202
8114 9578 202
8117 9584 303
8132 12608 203
8133 8963 202
8135 14984 203
8138 8846 303
8139 8839 303
8140 10373 306
8141 10378 304
8142 10374 202
8144 8527 203
8145 8523 202
8146 11294 202
8147 8520 203
8148 8153 202
8149 11296 202
8151 8522 202
8152 12643 202
8155 8517 306
8156 8515 202
8157 8509 202
8158 8161 204
8159 8759 202
8160 8474 203
8162 8471 203
8163 8475 202
8164 8476 202
8166 12634 202
8168 16225 305
8169 10170 305
8172 8833 202
8173 10522 202
8178 10442 202
8181 8184 204
8183 12604 202
8186 15675 305
8187 8537 204
8188 15676 202
8191 11291 303
8192 8531 303
8193 8533 202
8194 16028 303
8195 9582 306
8196 8297 202
8198 15787 202
8200 8203 203
8205 14785 202
8207 9375 203
8209 15789 203
8210 15096 202
8213 15788 202
8216 15159 303
8220 15354 202
8221 9515 305
8235 15797 202
8237 16579 202
8242 15302 202
8243 8245 204
8244 8586 206
8248 11409 204
8249 8643 203
8250 16988 202
8251 11340 202
8252 11408 204
8253 8718 202
8254 12666 202
8255 11411 203
8256 8405 203
8258 15341 305
8259 14133 202
8262 8667 306
8263 8668 202
8264 8394 202
8266 11424 303
8271 13812 202
8272 14596 202
8273 9266 203
8274 8281 203
8275 11427 202
8276 11464 202
8278 8705 202
8279 10138 203
8280 8282 203
8283 8391 203
8284 17458 204
8285 8570 202
8286 17994 202
8287 8715 303
8288 15958 202
8289 8689 303
8290 12667 202
8291 11399 203
8292 10079 303
8293 11397 202
8295 14178 203
8307 9445 202
8308 14856 304
8316 8318 204
8317 12584 203
8322 8326 203
8324 9158 203
8327 8329 202
8331 9094 203
8333 9164 203
8334 9188 202
8338 10490 202
8340 10492 206
8341 10496 202
8343 12909 202
8346 8359 202
8347 8367 203
8351 16704 204
8353 15660 202
8354 17936 202
8355 8956 203
8356 12571 202
8358 12911 202
8360 16734 202
8361 8957 202
8362 18310 202
8363 16735 202
8365 12691 303
8368 10392 207
8369 12603 203
8370 17010 202
8372 8375 304
8373 8749 202
8374 8376 304
8377 8745 202
8378 16226 205
8380 14173 203
8381 16227 203
8384 13648 202
8385 15955 202
8386 14724 202
8387 16417 202
8390 16654 203
8393 12587 202
8395 8700 202
8399 11435 202
8404 8639 305
8407 9201 202
8408 13604 202
8409 14676 202
8415 9249 304
8422 16364 202
8423 12775 202
8433 9351 203
8435 9337 304
8440 9293 202
8445 9254 202
8450 14958 304
8451 9232 303
8453 17309 202
8461 8752 203
8464 8753 203
8465 8468 305
8467 10171 204
8469 15665 202
8470 11307 203
8477 17137 202
8482 16944 202
8485 11457 202
8488 8490 202
8489 16945 203
8491 11455 203
8492 8496 204
8497 13639 204
8498 11309 202
8500 11310 202
8501 15668 202
8503 8506 304
8507 9025 203
8512 9022 204
8513 9024 202
8514 12671 202
8518 8521 203
8526 8529 203
8528 12744 202
8530 15672 303
8534 15674 203
8536 16543 202
8538 10022 202
8539 12588 305
8540 10020 304
8541 10023 202
8542 16540 209
8543 12624 304
8546 12659 203
8547 11335 202
8549 8550 202
8554 15683 203
8555 16521 203
8557 12654 303
8558 8625 203
8561 8641 202
8562 8642 203
8563 8650 203
8564 15953 202
8565 11402 205
8566 11336 303
8569 10112 203
8571 8762 202
8574 8763 203
8576 17993 202
8577 11436 203
8578 14176 203
8579 15987 303
8580 16257 202
8582 15313 203
8583 10035 203
8585 15954 202
8587 11365 203
8590 13649 202
8593 11371 203
8594 10124 203
8595 17820 202
8598 10116 304
8602 15948 202
8603 8604 203
8607 11337 202
8608 11382 204
8613 11385 203
8614 11396 202
8619 16635 202
8624 8627 204
8626 11443 202
8629 8630 209
8634 10316 204
8635 11442 203
8637 8716 303
8644 8647 203
8645 11410 202
8648 11413 202
8649 17219 202
8654 9117 202
8655 12663 202
8657 13815 202
8658 8713 202
8659 12677 202
8662 12684 202
8664 8666 204
8669 12005 202
8670 13088 202
8671 12647 203
8672 8675 203
8673 12645 303
8674 18238 202
8677 18376 202
8678 13997 203
8679 17224 202
8680 11343 202
8681 8683 203
8682 8684 202
8685 12672 202
8688 11349 202
8691 10225 203
8693 8698 203
8694 8728 204
8695 8697 305
8701 11465 202
8702 13653 202
8703 10042 202
8704 8707 202
8708 10257 204
8709 8731 204
8710 11419 202
8711 14608 303
8714 10262 303
8717 11444 202
8720 12665 203
8725 13651 202
8726 8869 202
8729 13650 202
8730 10271 202
8732 16653 202
8733 11469 303
8739 15323 203
8741 10153 203
8742 13098 203
8746 10003 306
8747 10007 204
8748 8751 203
8750 10167 304
8757 8882 202
8767 16005 304
8768 17979 202
8769 12621 202
8771 12727 202
8772 13612 202
8773 8778 304
8776 12728 304
8777 12731 303
8779 12760 202
8780 12762 202
8781 8782 204
8789 8793 204
8800 10435 204
8801 12698 202
8802 10432 202
8804 10415 303
8808 12704 202
8812 8814 203
8820 8997 202
8821 12693 305
8823 8824 204
8825 10386 202
8828 13239 203
8829 13238 202
8830 14997 306
8831 10524 210
8835 8837 304
8838 10377 304
8840 8843 203
8841 14965 202
8844 8962 303
8847 8966 303
8849 14192 202
8850 8967 202
8853 10548 202
8854 12575 202
8855 12687 202
8856 8859 203
8857 12688 202
8858 8861 204
8860 16143 202
8866 10228 203
8868 10231 202
8871 9020 303
8872 10245 305
8873 10040 304
8874 10473 202
8876 15969 202
8877 16009 202
8883 15664 303
8884 10247 203
8885 14197 202
8887 8888 203
8889 10053 202
8893 15973 202
8895 10307 202
8898 10137 202
8899 10309 203
8902 15294 208
8903 8905 312
8904 8907 305
8906 10104 303
8908 10108 202
8911 10319 203
8912 15332 204
8914 10101 308
8917 13795 202
8918 11341 202
8919 10218 303
8922 9173 303
8923 10220 202
8929 17066 202
8930 12755 202
8935 11441 202
8940 13681 202
8941 12622 202
8944 14286 202
8946 10535 202
8947 10397 202
8951 12914 202
8954 17362 202
8955 12572 202
8970 16132 304
8971 16135 303
8972 16133 202
8980 16160 202
8981 13667 202
8982 16703 202
8983 13666 202
8984 17259 202
8985 16114 202
8986 13635 202
8990 8993 203
8994 13429 202
9000 10507 202
9002 12902 202
9005 16481 202
9006 9010 203
9008 10836 303
9009 17973 202
9011 12756 203
9012 12757 303
9013 14616 202
9014 10559 202
9017 10554 303
9023 10209 203
9036 10100 202
9038 15340 304
9044 16376 303
9048 13708 205
9049 9311 202
9074 15849 202
9080 9119 307
9081 16244 303
9086 9090 203
9087 13246 202
9088 15151 303
9092 9183 303
9100 9184 203
9102 15799 202
9106 12766 203
9108 16596 203
9115 12181 202
9116 12215 305
9122 9191 203
9123 9197 203
9126 15202 202
9128 9198 202
9132 9134 203
9135 9137 203
9138 9172 202
9140 9145 204
9141 16649 202
9147 9178 203
9154 9156 202
9157 14637 202
9159 16094 202
9162 15843 202
9175 9176 203
9179 14631 202
9185 16072 202
9187 16073 202
9194 12590 202
9199 15846 202
9204 9207 202
9205 16258 202
9213 12783 202
9216 11839 204
9221 9225 203
9222 9227 204
9224 14210 203
9228 9231 203
9239 15219 202
9241 9243 203
9242 9248 203
9245 9322 202
9250 9314 202
9253 9255 203
9256 15212 202
9257 16834 202
9262 9345 204
9263 16864 202
9267 9871 203
9269 15484 205
9272 15493 202
9273 16844 202
9275 9277 305
9276 9278 305
9279 17063 204
9280 12817 203
9282 17308 202
9283 16838 202
9287 12812 304
9289 9290 203
9292 11064 303
9295 9338 202
9299 9300 202
9301 16839 202
9302 9304 206
9306 13611 202
9309 10708 202
9317 11289 303
9326 13712 202
9328 17558 202
9332 12799 202
9333 13702 203
9335 13714 202
9355 14798 202
9358 15515 303
9364 9369 202
9370 9373 303
9380 9554 202
9382 9384 204
9383 14889 203
9385 9387 305
9386 14651 202
9389 14890 203
9390 16482 202
9396 9399 205
9400 14897 205
9401 14895 203
9407 14233 202
9409 17230 202
9410 9576 203
9413 16504 202
9416 9585 203
9423 9426 304
9427 9545 203
9431 9435 202
9433 9544 202
9434 9437 203
9438 14797 202
9451 11809 202
9452 15646 202
9456 9459 203
9457 14862 203
9458 9466 202
9464 14865 202
9468 14866 202
9480 9484 203
9493 15593 202
9497 12828 202
9500 15790 202
9501 12544 202
9507 9567 202
9508 14132 203
9509 13547 202
9511 13744 202
9514 9568 202
9520 14122 202
9524 12823 202
9525 9549 304
9528 16488 203
9529 15509 202
9533 16487 202
9539 14787 202
9541 15775 202
9548 16490 202
9560 14894 202
9565 14904 202
9586 12832 202
9588 14864 202
9589 13552 203
9592 9595 204
9594 9597 206
9596 14778 203
9598 9613 202
9599 9601 203
9602 10744 202
9604 9617 202
9605 14776 202
9606 10742 202
9607 10741 304
9608 14774 203
9609 9619 303
9610 15692 303
9611 15690 202
9616 15648 202
9618 15695 304
9621 9623 202
9626 15755 303
9627 10976 203
9628 9851 305
9629 17493 203
9630 16513 202
9635 14695 202
9636 10849 204
9637 17869 204
9638 9641 203
9640 10842 304
9647 9890 202
9648 10834 202
9649 9653 203
9650 12841 202
9651 9798 203
9654 9799 203
9655 9658 303
9657 15019 202
9659 9660 202
9663 9815 203
9664 9817 304
9665 10953 202
9666 9672 202
9668 10955 304
9670 9822 304
9671 9820 204
9673 9674 303
9675 9676 202
9677 10827 202
9678 13200 202
9680 13017 202
9681 15029 304
9683 9847 203
9684 9688 204
9685 9901 203
9686 15685 202
9687 10672 202
9690 9909 204
9691 9910 204
9692 15684 202
9694 9912 204
9695 9697 306
9699 9917 202
9700 13032 202
9701 13008 202
9702 10809 204
9703 9921 306
9704 10807 202
9707 9935 202
9709 10606 202
9714 9942 204
9718 15051 202
9721 9722 304
9723 10785 202
9724 10784 303
9725 10781 202
9726 9729 205
9727 9957 304
9730 10870 202
9732 10015 203
9733 10871 202
9736 9964 203
9737 10877 204
9738 9976 203
9739 16935 202
9741 9743 204
9744 15761 202
9745 9980 203
9750 15760 204
9751 9983 305
9752 13758 203
9753 9757 203
9754 9982 205
9755 9988 204
9756 13761 203
9758 9873 202
9762 10688 203
9764 13035 202
9766 9845 203
9767 9842 204
9770 13025 203
9771 12848 202
9772 12967 304
9773 9779 203
9775 12850 202
9777 12964 203
9778 10575 303
9780 12851 202
9781 15850 203
9782 10874 202
9788 9790 203
9789 12838 202
9791 12840 202
9796 15707 202
9800 16178 202
9801 9802 204
9803 10969 202
9804 10967 202
9805 10968 202
9806 10962 203
9808 9811 304
9810 9816 203
9812 10682 202
9813 9814 204
9818 10954 202
9821 10687 202
9824 9827 202
9825 10952 304
9830 10946 202
9831 10948 202
9832 9834 203
9833 12842 202
9837 10942 303
9839 10943 202
9840 9914 202
9841 10812 204
9844 9846 204
9848 10602 203
9849 16189 202
9850 12859 202
9853 17019 202
9855 12858 303
9857 10936 202
9859 9863 203
9860 10919 202
9861 13011 202
9876 9878 205
9877 13765 202
9879 13767 203
9880 16185 202
9881 18048 202
9883 16747 202
9889 16218 303
9891 13755 202
9892 10666 202
9894 13790 202
9895 10995 202
9896 10992 202
9898 18232 202
9900 16210 202
9903 9933 304
9905 10671 303
9906 9908 304
9911 9913 203
9915 10668 202
9916 9918 203
9919 9922 202
9920 10902 303
9923 16192 202
9924 10609 203
9925 9927 203
9926 10804 203
9929 10899 203
9930 10894 202
9931 9934 305
9932 14261 204
9936 9940 204
9941 13019 202
9943 10795 303
9944 17264 202
9945 15049 202
9947 10887 202
9948 9950 203
9949 10786 304
9952 12870 202
9954 15057 303
9955 14259 202
9956 10883 203
9959 16162 202
9960 15056 303
9961 9963 203
9962 9965 203
9968 10935 202
9970 15059 202
9971 9974 204
9975 13754 202
9977 16755 203
9978 16754 202
9985 15067 303
9986 13759 202
9989 12868 203
9995 9997 204
9996 16198 202
9998 13764 202
10001 16658 202
10002 17262 202
10006 10979 202
10009 10915 202
10014 10016 304
10018 16934 203
10019 14689 203
10021 17465 203
10024 10164 202
10025 12635 203
10026 12038 202
10027 12097 202
10029 13600 202
10030 15949 203
10032 16656 205
10033 11362 202
10034 11360 202
10036 12880 202
10037 14673 203
10038 11450 304
10045 10047 202
10048 10051 203
10050 10055 203
10054 10058 204
10059 10060 306
10061 10067 304
10069 15027 303
10071 10072 203
10073 12061 203
10077 16390 202
10080 15980 202
10081 14750 203
10082 13692 303
10083 16391 202
10091 13693 202
10092 10095 202
10094 10321 203
10097 10320 202
10105 10107 205
10114 10296 305
10118 10120 203
10122 12679 202
10129 10299 305
10130 12754 203
10131 10133 203
10139 11319 203
10140 10232 202
10141 10147 305
10143 18093 202
10144 10360 202
10145 10365 202
10146 10150 203
10156 10159 204
10161 10169 202
10162 10276 202
10163 10278 203
10166 10283 205
10172 10285 202
10173 10174 203
10176 10179 202
10178 15992 202
10183 14674 202
10187 12722 203
10189 16848 202
10190 10193 203
10192 10196 304
10197 10198 305
10199 10202 305
10201 15991 202
10203 10354 202
10204 15990 202
10210 12747 202
10211 12748 202
10214 12885 202
10217 14269 204
10221 15977 202
10222 17921 203
10224 12088 202
10229 10358 203
10235 12055 303
10238 14675 202
10239 10289 303
10240 13314 203
10246 13656 202
10248 10338 202
10255 10261 202
10258 16096 202
10264 10279 203
10266 10341 202
10270 10343 304
10272 10366 202
10287 12886 202
10288 10290 304
10293 12891 202
10302 10305 203
10308 15345 202
10313 14950 202
10325 13794 202
10326 14953 203
10327 16414 303
10328 10330 304
10329 16399 202
10331 17955 202
10344 15378 202
10345 10347 203
10346 16411 202
10353 12892 203
10357 16846 202
10367 13811 202
10371 10372 202
10375 14964 203
10376 14993 205
10379 13838 202
10381 10521 204
10383 14966 202
10385 10525 202
10387 10523 202
10388 10527 202
10389 14589 202
10390 14594 202
10391 10528 304
10393 10534 304
10394 10399 203
10395 10537 303
10398 10539 304
10401 12916 202
10402 10597 303
10404 14998 303
10408 15005 202
10411 10505 203
10413 17125 202
10416 10468 203
10425 10429 202
10426 10428 202
10427 10469 203
10430 12924 303
10431 16130 202
10433 10513 304
10438 16725 202
10440 13630 203
10441 10512 202
10443 17981 202
10444 10455 203
10449 10452 203
10454 10459 203
10458 10460 203
10461 10463 203
10462 10464 203
10466 12617 307
10467 17978 204
10470 12941 202
10471 15316 202
10472 17731 203
10478 12944 203
10481 12942 202
10482 12620 203
10483 12442 203
10486 10491 303
10497 12733 202
10502 10650 202
10503 15388 202
10515 12694 203
10516 12699 202
10531 12923 202
10538 12574 202
10543 12917 202
10549 10551 203
10550 15399 202
10552 13586 304
10553 17357 202
10556 12934 202
10564 10644 202
10569 17141 203
10572 10926 303
10578 15004 303
10579 18298 202
10595 10639 303
10600 10603 203
10604 15698 304
10605 16188 202
10607 10800 303
10610 16193 202
10611 10901 305
10612 15756 202
10613 10848 203
10615 10970 202
10618 15757 202
10619 10678 202
10620 14968 204
10621 10822 305
10622 10825 303
10623 10624 204
10626 16186 202
10629 15174 203
10630 15198 202
10632 13013 202
10633 12966 303
10635 12689 202
10648 10664 202
10651 10702 203
10657 17256 202
10658 10663 202
10659 13255 203
10660 12957 202
10670 10906 202
10673 10815 202
10674 10914 202
10675 13041 202
10676 16203 202
10677 10934 202
10681 11844 202
10683 10965 202
10685 10964 303
10686 10959 202
10696 15200 202
10700 12196 202
10701 10703 204
10726 17574 202
10729 13857 203
10735 16447 203
10740 15649 304
10745 14775 305
10750 15688 202
10752 10994 303
10754 13026 203
10755 10759 203
10758 10760 203
10770 11791 203
10771 17654 203
10776 16532 202
10777 18378 202
10787 10789 205
10788 13842 202
10792 18231 202
10793 15722 202
10798 14685 203
10805 10898 203
10806 13009 202
10810 10903 203
10811 15039 304
10813 15038 202
10816 10910 202
10823 10824 203
10828 13045 202
10829 10951 202
10831 10957 304
10833 10963 202
10837 13668 202
10840 10930 202
10841 10933 202
10843 10932 202
10844 16207 202
10850 10853 304
10852 15032 202
10854 10974 202
10855 17492 203
10858 15696 202
10859 14474 202
10860 10863 305
10861 15754 303
10862 13046 203
10865 16947 202
10867 16946 203
10868 10878 305
10873 13874 202
10881 14316 303
10882 16519 202
10884 12871 202
10886 13840 202
10888 10891 203
10889 17803 203
10890 13018 202
10896 15044 202
10900 14684 202
10904 13033 202
10907 10911 202
10909 16209 202
10928 10931 203
10938 13028 202
10939 10945 203
10949 10950 204
10958 16170 202
10966 16213 202
10971 17270 202
10972 18058 202
10973 11785 202
10980 16194 204
10981 14255 204
10982 16197 303
10983 13038 303
10990 10993 204
10999 11259 203
11003 11485 303
11004 17190 202
11005 11040 204
11006 16961 203
11008 13895 204
11009 18015 202
11012 11081 203
11021 16334 202
11023 17215 202
11024 11652 205
11027 11028 204
11034 17051 202
11036 17048 202
11041 11661 202
11044 11665 202
11051 11055 202
11052 11705 203
11054 11616 202
11057 11217 202
11060 11063 203
11065 11624 202
11068 11222 202
11069 11209 203
11070 16313 202
11072 15433 303
11073 11224 202
11076 17189 202
11080 15453 304
11082 11639 202
11085 16448 202
11091 11570 305
11097 11726 202
11098 11102 203
11103 11107 304
11105 11248 202
11106 11589 202
11108 14505 203
11109 16457 202
11111 11604 306
11113 13441 304
11115 16463 303
11116 11612 202
11117 11261 202
11124 16330 304
11125 11127 203
11128 13151 202
11130 16305 202
11132 17179 202
11134 11137 304
11135 11239 304
11142 11146 307
11144 11674 202
11151 16349 202
11155 11496 305
11157 11159 203
11158 13074 202
11161 16339 202
11163 14714 202
11164 16341 303
11166 15406 202
11167 11508 202
11170 16469 303
11173 11174 204
11192 11197 202
11196 11555 205
11199 16818 202
11200 11965 202
11201 11276 203
11202 16309 202
11203 14088 203
11208 15430 202
11215 11544 202
11218 16451 202
11229 11232 203
11230 13052 202
11231 11741 202
11233 11698 202
11238 14710 203
11245 13881 202
11246 11729 202
11247 11584 202
11249 11593 202
11251 11252 205
11253 11257 305
11254 11561 303
11255 11258 203
11256 11608 202
11264 11533 202
11274 16319 202
11275 11493 203
11277 15417 204
11285 13489 202
11287 13067 202
11290 11293 203
11292 11295 203
11298 12670 202
11300 17132 203
11301 15671 303
11306 15072 203
11311 11314 303
11315 11316 204
11321 15682 203
11322 12681 202
11323 11324 304
11325 16928 202
11326 16520 202
11327 13114 202
11328 16852 202
11329 13342 202
11332 16929 202
11333 12752 203
11338 12898 202
11339 16982 202
11342 13823 205
11344 16665 203
11345 13818 307
11348 13108 202
11350 13605 303
11351 15298 303
11353 15299 203
11354 15956 203
11356 11438 204
11357 12105 203
11359 13110 202
11372 13091 303
11375 13090 303
11383 16647 202
11386 14729 202
11387 11388 204
11389 11391 205
11398 13661 202
11401 16222 202
11403 16262 202
11404 11445 202
11405 11406 203
11418 13105 202
11421 16633 202
11423 13104 202
11425 11431 303
11426 11429 304
11434 13117 202
11458 15666 202
11459 14345 303
11460 17463 202
11468 14952 203
11477 11484 202
11478 11996 202
11480 11483 203
11486 13135 202
11497 15450 202
11500 13898 304
11501 11535 203
11504 13883 202
11506 11536 202
11507 13133 202
11509 13070 202
11525 15896 202
11531 13072 202
11534 11552 202
11538 11540 304
11549 18355 202
11550 11960 204
11551 18290 202
11553 16308 204
11554 16879 202
11557 16455 202
11562 16332 304
11564 14352 202
11565 13058 304
11567 11569 204
11573 11574 204
11575 17056 202
11587 11590 203
11588 13161 202
11596 11600 304
11599 13152 202
11601 11603 202
11602 11607 203
11606 16333 303
11609 11610 202
11613 16331 203
11615 11716 203
11619 16327 202
11623 16311 202
11625 11626 304
11627 13905 202
11628 15435 203
11630 13904 203
11631 11633 304
11640 12346 303
11642 11694 203
11646 16345 202
11647 11718 203
11648 15413 204
11649 11651 204
11654 11657 203
11656 15288 204
11660 11666 202
11671 11703 303
11672 17052 202
11676 11683 202
11678 17785 202
11679 12349 203
11687 13146 202
11689 11693 203
11692 13148 203
11695 14740 203
11696 16316 203
11697 14741 202
11702 11742 203
11706 13903 202
11717 13155 202
11727 12228 202
11731 12324 202
11733 12325 202
11736 16449 202
11754 14647 202
11758 12357 202
11759 12419 202
11762 14215 202
11763 13179 202
11764 15644 202
11771 11840 203
11772 12156 202
11773 17888 202
11775 18109 202
11776 13923 202
11778 18108 202
11784 11792 202
11790 16183 202
11796 18052 202
11797 18281 202
11798 17917 202
11800 11803 202
11811 12591 202
11814 18030 203
11817 12801 202
11824 12805 202
11825 11827 202
11828 15618 203
11829 13526 202
11834 13618 203
11835 17559 202
11841 13040 202
11846 11851 303
11850 18069 202
11856 11859 202
11863 12159 202
11867 11871 203
11888 13970 202
11890 13948 202
11891 15732 202
11895 12200 203
11898 11900 202
11899 12994 202
11902 12204 203
11911 11912 203
11918 11920 202
11919 16155 202
11921 11922 202
11939 11943 303
11945 13974 202
11948 13486 203
11957 11961 202
11962 14087 202
11964 18291 202
11966 13506 202
11971 13984 203
11973 13491 203
11980 18112 203
11994 15937 202
11998 17883 202
12000 16300 202
12006 13996 203
12007 14003 202
12012 12075 203
12013 17831 203
12014 14433 202
12016 12355 202
12017 14432 202
12018 16245 202
12019 12493 203
12025 15554 202
12026 15563 203
12046 12753 202
12050 12054 202
12067 12305 207
12072 12334 202
12074 12339 202
12076 17530 202
12078 12356 204
12079 17531 202
12089 13805 202
12090 18335 202
12091 18331 202
12106 15071 202
12112 12125 202
12121 16830 203
12123 12583 202
12126 17379 202
12127 12568 202
12140 16440 202
12143 14480 203
12148 18280 202
12149 18059 203
12161 17347 202
12172 13416 202
12176 12977 202
12177 14496 203
12178 14045 202
12179 15795 202
12185 12979 202
12187 12189 202
12194 12197 202
12199 17346 202
12202 12709 202
12203 18130 202
12206 16547 203
12207 15734 305
12217 13400 202
12221 12222 202
12223 18347 202
12231 12326 203
12236 12353 203
12239 12418 202
12246 12322 203
12247 12301 305
12250 17855 203
12251 12255 309
12252 17829 203
12253 14515 202
12254 18268 202
12256 17857 202
12260 13541 202
12263 12441 202
12267 14850 303
12269 18247 202
12276 17114 202
12282 12354 202
12285 12315 202
12290 16034 202
12292 16036 202
12303 13462 202
12304 12481 308
12308 12313 202
12309 12453 204
12311 14514 203
12312 12482 202
12318 12323 202
12327 16303 202
12335 13455 202
12336 12338 304
12347 15452 303
12360 12467 204
12365 17880 202
12366 14529 202
12370 13485 202
12374 12376 303
12375 17637 202
12385 12517 202
12389 16470 202
12392 18387 202
12398 12405 202
12406 14089 203
12409 14103 202
12410 15806 202
12411 12489 203
12414 12491 202
12420 14107 202
12424 12428 202
12429 12433 202
12430 17859 202
12443 15579 202
12444 12447 202
12445 15521 202
12452 12480 305
12458 14420 203
12470 18004 202
12490 12495 202
12519 13549 202
12537 13567 203
12545 12547 203
12557 12559 202
12558 12560 202
12565 13573 202
12566 15632 202
12567 13571 202
12569 15635 303
12576 16856 203
12578 17778 202
12581 16826 203
12589 16541 203
12592 16070 202
12598 13607 203
12614 12616 307
12618 14816 202
12625 17997 202
12638 14208 203
12639 14643 202
12641 16370 202
12646 12649 202
12648 17228 202
12650 13658 202
12655 13636 203
12660 17470 202
12661 15747 212
12690 17933 203
12692 14184 203
12700 16634 202
12711 17932 202
12712 12716 202
12718 17924 202
12732 13677 202
12735 12955 202
12743 12882 202
12745 15745 203
12759 16248 202
12772 14171 202
12778 18021 202
12779 14162 202
12780 12782 202
12788 12794 202
12789 13724 202
12790 13711 202
12791 18033 202
12795 18023 202
12796 13710 203
12802 12804 202
12808 14209 203
12809 13706 202
12816 16383 203
12818 13715 303
12826 14645 202
12854 15713 202
12860 16753 202
12861 16206 303
12864 14253 202
12876 12884 303
12877 14667 202
12878 17954 202
12879 18140 202
12881 13806 202
12900 12919 202
12903 14193 202
12908 16113 202
12921 14289 303
12926 12950 303
12927 12952 202
12929 12931 202
12930 12933 202
12932 18145 202
12939 12940 202
12949 12954 202
12968 12970 202
12984 16081 303
12985 14319 202
12986 12988 203
12987 13848 202
12989 14692 203
12996 12998 202
12999 13001 202
13003 18153 202
13014 16208 202
13016 16177 202
13020 13023 202
13024 13030 203
13027 14248 202
13047 14697 202
13049 13878 203
13057 13437 202
13059 15882 202
13061 13287 202
13063 13064 303
13077 13078 202
13079 13081 202
13082 13145 202
13083 13121 202
13084 13086 303
13094 17467 203
13095 13097 202
13099 18092 202
13120 18038 202
13122 18039 202
13123 13124 203
13128 13894 203
13138 15921 202
13139 13140 203
13149 16253 303
13158 16250 202
13174 13176 202
13177 13520 205
13193 13924 202
13201 14363 203
13272 14399 203
13275 15883 202
13289 14421 203
13293 13975 202
13312 13352 202
13332 14000 202
13347 13348 202
13353 13998 202
13395 13397 202
13396 13853 202
13399 14490 202
13401 14491 202
13410 13431 202
13411 16737 202
13420 16095 202
13421 13424 202
13434 15395 202
13435 14304 202
13465 15431 202
13468 18219 202
13497 15916 202
13503 17919 202
13507 14086 202
13515 14530 202
13522 18251 202
13523 18252 202
13524 14811 203
13525 15529 303
13529 15573 202
13533 13535 202
13538 14559 202
13539 17825 202
13540 14819 202
13560 16586 204
13562 13749 202
13563 13736 202
13572 15634 202
13578 18018 202
13583 13585 204
13584 14287 203
13588 14288 202
13593 18227 202
13594 17104 202
13596 15111 202
13599 16861 202
13606 16438 202
13609 15461 202
13620 14170 203
13628 14165 202
13629 15091 202
13631 13632 305
13644 14140 203
13645 16664 202
13672 16001 303
13673 15303 305
13676 16902 204
13696 17068 202
13697 16395 202
13737 16563 202
13738 13740 202
13739 15112 202
13748 14793 203
13760 13763 202
13769 14247 202
13785 14251 202
13796 13819 202
13798 14672 202
13799 13813 202
13814 14671 202
13817 14670 202
13822 16666 205
13836 14829 202
13837 14854 303
13841 17802 202
13845 15686 202
13846 15694 304
13876 16159 202
13882 14715 202
13949 16772 202
13950 14393 204
13964 17363 203
13965 17799 203
13971 14992 203
14031 17653 202
14114 15616 204
14115 15619 202
14142 17225 202
14143 14599 202
14163 18360 202
14167 14825 303
14196 15945 202
14223 15811 202
14252 14657 202
14263 14614 202
14303 17970 203
14305 14497 202
14314 14317 202
14315 14688 202
14354 17882 202
14355 17295 202
14365 14857 202
14366 16016 202
14452 14753 203
14461 18253 204
14479 15791 203
14482 15513 204
14483 15106 205
14485 15110 202
14486 15650 202
14504 16465 202
14521 15905 202
14542 14545 202
14562 14564 202
14563 14565 202
14595 14996 202
14610 18364 202
14622 16153 202
14628 17092 202
14636 15134 203
14646 15516 202
14649 17105 202
14698 14705 202
14701 14708 202
14718 15414 204
14743 15270 204
14752 14757 202
14756 14759 202
14777 14779 204
14781 15693 202
14792 15512 203
14794 15107 204
14813 14815 202
14817 16474 202
14818 14823 202
14843 17095 202
14847 14851 203
14871 14873 203
14872 14874 203
14878 16998 202
14910 15503 202
14916 15504 202
14917 16489 202
14918 16012 202
14933 14935 203
14946 15641 202
14947 16919 202
14951 16507 202
14954 14956 203
14967 15739 304
14982 15360 204
14987 14988 202
15001 16149 202
15003 15658 203
15022 15061 202
15023 16758 202
15026 16172 202
15030 15033 203
15058 16204 202
15066 16744 202
15079 16091 202
15104 16587 203
15113 15517 202
15114 16059 202
15116 15780 203
15117 16565 203
15120 15845 202
15123 15842 202
15126 15128 203
15129 15844 202
15130 15794 202
15133 15808 202
15150 15495 202
15156 16087 202
15157 15773 202
15175 16360 202
15179 15800 202
15181 16957 203
15191 15193 203
15192 15195 203
15215 16835 202
15227 17879 202
15232 15236 202
15265 16299 202
15272 15274 203
15280 15282 203
15283 15284 203
15293 16453 202
15317 16640 203
15320 16008 202
15321 16768 202
15339 15985 202
15391 16234 303
15394 16771 202
15402 15944 202
15407 16468 202
15416 16306 202
15432 16312 202
15440 15442 206
15443 16819 203
15473 15477 202
15501 15505 303
15502 16486 202
15538 17856 202
15547 15548 202
15562 16906 202
15570 15640 202
15574 15576 202
15597 16483 202
15617 17098 202
15633 15637 303
15638 17554 202
15643 16918 202
15656 15726 202
15662 16224 203
15677 17134 203
15689 15691 202
15711 15762 202
15729 15730 202
15736 16144 202
15738 16546 202
15746 16850 204
15779 16956 203
15807 17833 202
15812 16242 202
15814 15819 202
15818 15821 303
15878 16462 202
15881 17178 202
15894 15925 305
15908 15941 202
15920 15923 303
15924 17210 202
15926 15928 202
15929 15931 202
15957 17456 202
15966 16006 202
15968 16004 202
15996 15999 202
15997 17229 202
16051 16084 202
16061 16062 202
16099 18313 202
16111 16713 202
16112 16115 202
16118 17798 202
16124 16127 202
16125 16129 202
16173 16175 202
16182 17870 202
16184 16742 202
16205 17268 202
16220 16241 305
16232 16778 202
16235 16236 202
16243 16247 303
16249 17724 203
16252 16254 202
16265 16267 202
16272 17044 202
16279 16301 202
16297 17035 202
16396 16416 202
16397 17959 202
16406 16855 202
16420 17072 202
16421 18159 202
16429 17071 202
16433 17065 202
16460 16471 203
16494 17103 202
16667 16981 203
16770 16790 202
16773 16776 202
16876 16889 203
16884 16886 202
16896 16909 203
16897 16911 203
16978 17193 202
17223 17459 202
17299 17303 202
17402 17982 202
17462 17703 202
17464 18157 203
17466 17806 202
17655 18119 202
17725 17971 203
17826 18102 202
17827 17853 203
17867 17915 202
17868 17875 202
17892 17894 203
17897 18114 202
17925 17928 202
18024 18182 202
18032 18351 202
18156 18160 202
18215 18216 202
