0 3513 304
1 10994 305
2 13027 303
3 16741 202
6 13757 203
7 9751 306
8 3566 202
9 464 202
10 3591 202
11 3546 203
14 9790 203
15 15015 204
16 116 202
17 263 203
18 9854 204
19 14375 206
22 5420 303
23 9809 202
29 14979 202
32 16081 203
33 3587 202
37 3560 203
38 16163 203
39 9963 204
40 9319 203
41 15210 303
42 386 303
43 3960 304
44 820 209
45 399 310
48 825 205
49 3695 203
54 13234 202
55 4150 202
60 11748 202
61 11063 202
68 4203 306
69 699 306
70 887 206
71 697 202
72 8721 204
73 6209 203
74 6259 204
75 787 312
76 746 311
77 753 203
78 4214 203
79 6174 203
80 11878 202
81 1881 202
82 630 308
83 632 306
84 12192 202
85 628 206
86 477 202
87 3511 203
88 2874 203
89 13775 202
90 5723 203
91 17128 202
92 3552 204
93 552 203
94 5725 203
95 3553 202
96 9778 304
97 5726 202
98 145 203
99 491 309
100 5736 305
101 9862 204
102 142 204
103 104 305
105 5800 306
106 10145 203
107 18899 202
108 13920 202
109 144 202
110 9648 207
111 15706 204
112 114 204
113 435 203
115 3275 304
117 13058 307
120 14326 202
121 3359 304
124 10614 203
125 16752 202
126 17493 204
127 17654 203
128 14475 203
129 2905 203
130 16182 209
131 13777 204
132 9694 204
133 1806 203
134 14463 202
136 3308 203
137 9906 304
138 13202 303
139 9686 206
143 1509 308
148 13790 202
149 554 203
152 3565 303
153 10577 304
154 13382 202
155 15767 204
156 13381 202
157 16533 303
158 9451 203
159 16580 202
160 15828 306
161 7559 306
162 12642 203
163 7670 303
164 5544 203
165 9370 206
167 9500 202
168 3981 202
169 1887 312
170 9057 202
172 13782 202
173 10761 202
174 3644 203
175 10565 202
176 6170 207
177 8333 311
178 9114 203
179 9116 204
180 13855 204
181 6225 304
186 9308 204
187 13127 304
188 3952 304
189 3955 202
192 12476 203
193 11833 203
196 3686 203
197 6687 204
198 9042 305
199 3688 306
200 14064 202
201 3691 305
202 3689 304
203 16367 303
204 356 312
205 3709 202
206 9045 210
207 9230 307
208 3187 306
209 17109 303
210 6395 304
211 17084 202
212 17108 304
213 6549 305
214 12298 203
215 16866 303
216 6550 202
217 17834 202
218 574 306
219 12239 202
220 12905 203
221 12416 304
222 3620 303
223 12590 203
226 2607 305
227 7313 307
228 13344 304
229 14169 202
230 12496 204
231 6510 204
232 9206 204
233 9210 203
234 7251 305
235 12772 202
236 16839 202
237 12258 203
238 18804 202
239 13179 202
240 4382 303
241 9307 204
242 7389 202
243 4293 202
244 6988 203
246 3579 303
247 17861 203
248 323 202
249 3477 203
250 6561 303
251 2123 304
252 6547 305
253 12080 202
254 8407 202
255 15846 202
256 3681 305
257 12477 303
258 349 308
259 9041 307
262 3363 202
264 10848 204
265 3371 303
267 1695 202
268 7509 304
269 12116 203
270 18108 202
271 1837 202
272 17789 204
273 17231 203
274 9547 304
275 8054 207
276 8055 208
277 5327 202
278 14367 202
279 9520 204
282 8098 304
283 14908 305
284 2501 202
285 8096 203
286 5546 206
287 5540 205
288 9121 202
289 12494 203
291 9203 202
292 2611 204
293 2608 205
294 15796 203
295 2566 304
296 3631 203
297 1244 304
298 2054 203
299 7202 203
300 837 305
301 3410 307
302 3417 204
304 4637 204
305 4639 305
306 546 307
307 3698 305
309 10631 202
310 8439 202
311 9298 204
314 17089 303
315 9301 306
318 12410 307
319 15783 308
320 3478 203
321 18679 202
322 3479 203
324 12081 202
325 9202 303
326 9150 204
327 8234 203
330 6296 203
331 2051 306
334 15178 203
335 9172 205
336 9093 203
337 9089 202
338 1883 305
339 6194 202
340 3967 205
341 6248 203
342 3437 304
343 10727 203
344 4265 303
345 3966 309
346 15559 202
347 358 205
348 9043 206
350 6688 202
351 9270 204
352 9227 304
353 9222 306
354 14211 202
355 357 309
359 3710 202
360 8448 303
361 3705 203
366 9326 203
367 11815 303
368 9332 305
369 11823 202
370 11819 202
371 9333 308
372 13703 303
373 3757 206
374 3760 304
375 3766 202
376 11181 202
377 943 203
378 13704 202
379 3761 203
380 3764 205
381 3758 203
382 3765 203
383 12803 303
387 13708 304
388 390 205
389 12639 203
391 12785 204
396 8328 305
397 15134 203
398 1875 202
400 3674 203
401 9243 205
402 3729 202
404 8029 204
405 9566 202
414 3321 207
415 2929 205
416 10828 307
417 14978 202
418 558 202
419 9951 202
420 3585 203
421 5803 202
422 5815 203
423 3024 202
424 9745 204
425 3026 202
426 17127 203
427 2927 304
428 1828 203
429 3261 202
430 9799 203
431 9654 203
432 11018 204
433 3401 203
434 3273 203
436 12837 202
437 16516 202
438 9646 203
440 14973 205
441 13755 303
442 10937 202
443 9969 202
448 2943 311
449 9937 312
450 5799 202
451 9708 202
452 10799 309
453 2942 312
454 13197 202
455 506 205
456 13206 203
457 15717 307
458 9916 304
459 5378 204
460 1807 306
461 10908 303
462 2937 206
463 10815 204
465 14245 202
466 16590 202
467 13012 202
468 13021 202
469 3521 306
470 9761 204
471 2862 204
472 5758 202
473 10991 202
475 3655 202
476 16698 303
478 5719 202
479 13208 202
480 9763 202
481 10762 202
482 10357 205
483 5129 203
484 9136 204
485 8918 205
486 17534 202
487 16360 203
488 2869 312
489 5729 310
490 5728 305
492 10929 304
493 10988 203
494 496 305
495 16524 202
497 2902 206
500 2947 203
501 9715 204
502 9712 304
503 10890 303
504 12252 304
505 10892 202
507 10796 203
508 3602 202
509 5374 202
510 13203 202
511 9908 305
512 1760 315
513 14254 206
514 13922 203
515 17888 202
518 13772 202
519 5715 202
520 12136 304
521 13780 203
522 10763 203
523 11853 202
524 4551 202
525 3064 307
528 13645 304
529 4534 202
530 5034 304
531 1300 202
547 2080 204
548 5724 202
550 3517 202
551 3590 202
553 3544 204
555 9896 204
557 3567 204
559 14249 202
560 9765 204
561 1811 207
562 18391 202
563 13034 305
565 15816 202
566 12334 202
567 15819 203
569 2028 202
570 12011 304
571 14105 303
575 3467 204
576 12015 202
580 12961 202
581 12283 202
582 16761 202
586 9781 202
587 2868 304
588 14313 202
589 13024 202
590 4199 203
591 11598 204
592 2719 305
593 13809 303
596 3406 202
597 6144 203
598 4650 306
599 11526 202
600 16780 202
601 5991 203
602 3742 203
603 6158 203
604 7067 206
605 14361 304
611 15129 203
614 9171 303
615 15132 205
616 619 204
618 13408 202
620 775 205
621 13857 202
622 11915 303
623 3465 305
624 12215 202
625 12214 203
626 11874 203
627 13427 303
629 4256 304
631 11934 303
633 17837 202
634 8335 304
635 3938 306
636 14310 203
637 10732 305
638 12182 203
639 833 202
640 4211 203
643 8332 202
644 6246 203
645 4215 202
646 4277 204
647 17153 203
648 6193 202
649 6195 202
650 5969 202
654 900 309
655 6098 305
658 13415 202
659 902 306
660 17143 303
661 15741 205
662 3842 203
663 3840 304
664 13255 304
665 3848 305
666 3849 304
667 17253 202
668 10661 202
669 13254 202
670 17252 202
671 8805 304
672 13412 202
673 10506 202
674 1899 312
675 6078 203
676 12195 203
677 17125 202
678 4118 204
679 12194 203
680 1923 202
681 17007 202
682 11860 202
683 6102 202
684 4159 204
685 10651 205
688 16446 203
689 6254 202
690 4266 203
691 12970 203
692 4270 203
693 6200 203
694 10720 203
695 6261 202
696 6204 203
698 8650 203
702 811 305
703 17347 304
704 4070 304
705 707 306
706 4074 308
708 14502 202
709 12201 307
710 893 202
712 8981 309
713 4124 304
714 13689 305
715 16117 207
716 8963 304
717 10530 202
718 5948 304
719 5944 203
722 908 309
723 15651 203
724 853 203
725 14986 304
726 12607 203
727 4086 202
728 13959 202
729 8944 203
732 16142 203
733 10401 203
738 4110 306
739 6020 307
742 5903 204
743 13424 202
744 6131 204
745 11910 203
747 13227 305
748 9063 306
749 6129 309
751 5979 203
752 6125 203
760 17799 202
761 8950 202
762 3863 203
763 6055 203
766 6053 204
767 16694 304
768 13263 202
769 6101 305
770 5914 208
771 5898 304
773 3879 203
774 11931 204
778 781 210
779 3881 204
780 3882 205
784 9146 204
785 9142 205
786 10737 202
788 8810 203
789 16722 202
790 11907 203
791 13261 303
792 2810 204
793 12574 306
794 10400 204
795 10394 303
796 847 203
797 10370 203
798 8968 204
799 10525 305
800 13259 202
801 8848 202
802 12923 202
803 10403 303
804 18717 203
805 16714 303
806 14994 203
807 4062 203
808 8350 303
809 16098 203
810 16136 203
812 17334 303
813 11901 202
815 3049 203
817 3724 202
818 4837 304
819 1885 310
821 9285 205
822 3976 203
826 9322 305
827 9242 202
828 9109 203
829 12767 202
830 15139 202
832 11879 303
834 9094 304
835 9091 203
836 17535 202
840 15199 202
841 9341 202
842 13253 305
843 13251 304
846 4082 202
848 5955 305
849 15736 303
850 10372 205
851 10371 202
852 5952 308
854 15000 206
855 12901 205
856 11926 202
857 12921 204
858 3828 204
859 3823 203
860 3829 203
861 10416 303
862 5894 202
863 3839 203
864 12697 202
865 10412 304
866 10701 304
867 10408 204
868 8807 202
869 12696 202
870 4104 202
871 4030 202
872 10524 202
873 3918 303
874 6014 303
875 16711 203
876 6019 307
877 4050 311
880 15360 303
881 8834 208
883 4377 304
884 10730 202
885 6228 202
886 4019 202
888 13925 203
889 2830 306
890 14379 202
891 4179 202
892 6084 304
894 6093 203
895 4130 305
898 6096 211
899 5887 304
903 3803 307
904 6172 202
905 12979 202
906 6247 305
907 6187 202
909 3913 307
910 16148 304
911 4085 304
912 4091 306
913 10636 306
915 5916 202
916 13947 202
924 13946 303
925 3872 304
926 5915 202
927 10571 202
930 11968 203
931 10306 202
934 7334 303
935 4865 305
936 7144 204
937 11184 306
941 11975 202
944 4655 202
945 4629 203
946 17200 202
947 948 203
949 950 205
951 17293 202
952 12361 204
953 11219 204
954 1197 202
956 6626 202
957 4517 205
958 6919 203
959 1178 202
960 6925 203
961 2270 203
962 4527 305
963 4524 203
964 15412 304
965 11578 202
966 2273 203
968 17637 203
969 4432 202
970 1126 204
971 7038 203
972 15263 206
973 11478 203
974 4442 203
975 977 203
976 7394 202
978 4289 203
979 6705 202
980 6708 308
981 11037 304
982 15934 202
983 6711 203
986 7406 203
987 4319 204
988 6733 203
989 16805 303
990 4323 303
991 6743 305
992 11151 203
993 4727 202
994 14535 202
995 2220 203
998 11631 304
999 7089 305
1000 2077 202
1001 6500 204
1002 11093 207
1003 17179 204
1004 4398 203
1005 17286 202
1006 6822 304
1007 16612 303
1008 4401 204
1009 4796 206
1010 6827 204
1011 14068 203
1012 4805 204
1013 4612 202
1014 15879 204
1015 15876 202
1016 18647 203
1017 16296 304
1018 11511 204
1019 4353 209
1020 6754 203
1021 7060 202
1024 15855 204
1025 2290 204
1028 6857 206
1029 4474 212
1030 16271 202
1031 16964 202
1032 4479 203
1033 2303 203
1034 16874 202
1035 4772 304
1038 17332 202
1039 4635 202
1040 18017 303
1041 16794 306
1042 16960 203
1043 18014 204
1046 17785 203
1047 6675 203
1048 13270 202
1049 6989 204
1050 11723 307
1051 14416 202
1052 18682 204
1053 4552 306
1054 11494 202
1055 14417 202
1058 11737 203
1059 13443 202
1060 6802 204
1061 9133 203
1062 4574 204
1063 4711 205
1064 11980 202
1065 4576 304
1066 11978 203
1067 11694 305
1070 4422 307
1071 4421 203
1072 17038 203
1073 7039 202
1074 4460 202
1075 7282 204
1076 6785 206
1077 18013 202
1078 6771 204
1079 7075 204
1080 4763 203
1081 6776 203
1082 11485 305
1083 4762 306
1084 11582 208
1085 3094 313
1086 17183 202
1087 7363 205
1088 6910 204
1089 6913 318
1090 4396 203
1091 2257 304
1094 4463 203
1095 6777 203
1096 11488 304
1097 4764 202
1098 4312 304
1099 5357 303
1100 15938 203
1101 4329 203
1104 11509 202
1105 4739 204
1106 4645 203
1107 4665 204
1108 4627 205
1109 4512 208
1110 16620 303
1111 3117 205
1112 17205 202
1113 7015 202
1116 6639 203
1117 16326 203
1118 12467 203
1119 4514 202
1120 11736 204
1121 11081 205
1124 4420 204
1125 15909 203
1127 6734 304
1128 13884 202
1129 7043 202
1130 1210 204
1131 17055 206
1132 11055 202
1133 11668 204
1134 6917 202
1135 11660 202
1136 16605 202
1137 4375 307
1138 7001 202
1139 3125 202
1141 11973 202
1142 16799 303
1143 13287 303
1144 3053 204
1145 4478 204
1146 6864 204
1147 4475 205
1148 11751 202
1149 7051 203
1150 11222 202
1151 6696 202
1152 17456 304
1153 11144 308
1154 11269 203
1155 11265 202
1156 15457 303
1157 15454 202
1159 11940 202
1160 1174 203
1161 12466 203
1162 11384 204
1163 4841 208
1164 4575 203
1165 11089 202
1166 1168 206
1167 11696 208
1169 11743 203
1170 13984 202
1171 11971 204
1172 5221 204
1173 13307 202
1175 11704 203
1176 15421 203
1177 4518 204
1179 11666 202
1180 6618 202
1181 6612 202
1182 7365 204
1183 11693 203
1186 2223 203
1187 4402 203
1188 3134 204
1189 13157 205
1192 8619 303
1193 15980 203
1194 11969 202
1195 4833 203
1196 13983 202
1200 18107 203
1201 14402 203
1202 4735 203
1203 6757 306
1207 4516 203
1208 4522 203
1209 6915 203
1211 4519 202
1213 2268 202
1214 8153 202
1215 10045 203
1216 8523 202
1219 15673 202
1220 12063 202
1221 12884 202
1222 14519 202
1230 2026 312
1231 12335 304
1232 6558 205
1233 6458 202
1234 17830 202
1235 12073 202
1236 14103 306
1237 2029 207
1238 12409 304
1239 6559 303
1240 12012 204
1241 2030 202
1242 9118 304
1243 12353 303
1245 4901 204
1246 12271 305
1247 7179 203
1252 6284 203
1253 16473 202
1254 16154 206
1255 6287 205
1256 12238 203
1257 2363 202
1258 14106 202
1259 6542 305
1264 15538 205
1265 13168 204
1266 15541 202
1267 1986 304
1268 9337 202
1269 18022 202
1270 5124 203
1271 6422 204
1272 2147 204
1273 12328 204
1274 7164 203
1275 7167 304
1276 6363 206
1277 16041 204
1278 17824 202
1279 7177 206
1282 6526 204
1283 12444 203
1284 10706 306
1285 16727 203
1286 12469 204
1287 6577 204
1288 12468 203
1289 13679 203
1290 6562 203
1291 18345 202
1292 6539 203
1294 4860 305
1295 6268 204
1296 8503 202
1297 8157 202
1298 8894 203
1299 1368 204
1301 11361 203
1302 8763 308
1303 9030 304
1304 16789 202
1305 8484 203
1306 10207 203
1307 12050 203
1308 15663 203
1309 8375 205
1312 10301 204
1313 16407 203
1314 5276 306
1315 10124 202
1318 14179 205
1319 2676 306
1322 8267 203
1323 13999 202
1324 14267 205
1325 11420 204
1326 14443 202
1327 11419 202
1328 2722 305
1329 8657 204
1330 13313 202
1331 12664 204
1332 8561 314
1333 8718 309
1334 2741 203
1335 8719 202
1336 10050 303
1337 15984 304
1338 15027 206
1339 1436 305
1340 8933 203
1341 12061 306
1342 8626 314
1343 15026 209
1344 2654 306
1345 16389 202
1346 10085 202
1347 12666 202
1348 11443 204
1349 10084 202
1350 10095 202
1351 10090 203
1352 9035 204
1353 5157 205
1356 8567 207
1357 11378 304
1358 1457 308
1359 16855 202
1360 5079 202
1361 8596 203
1362 10123 203
1363 2702 309
1364 5088 203
1365 2748 204
1366 5097 204
1367 8931 202
1369 15954 203
1370 4944 203
1371 8541 202
1372 4939 203
1373 8532 203
1374 8490 308
1375 5026 318
1376 10288 307
1377 11458 205
1382 5037 203
1383 2588 306
1384 17995 303
1385 5040 204
1386 11437 203
1387 13818 202
1388 11348 204
1389 13605 304
1390 18238 203
1391 12649 203
1392 15751 202
1393 1489 308
1394 1484 303
1395 11304 202
1396 1488 307
1397 1524 306
1398 1498 203
1399 15993 203
1400 2764 207
1401 8749 203
1402 1405 203
1404 4972 202
1406 4982 203
1407 4984 202
1408 4981 207
1409 5177 202
1410 8925 202
1411 5090 305
1412 11371 202
1413 13672 303
1414 16393 202
1415 10300 202
1416 2752 310
1417 3038 207
1418 5164 203
1419 5162 304
1420 14271 202
1421 5254 202
1422 5211 202
1423 5198 203
1424 13349 303
1425 13312 203
1426 13335 202
1427 15962 202
1428 2738 204
1429 5132 305
1433 2688 204
1434 10316 202
1435 10068 202
1437 10073 204
1438 5145 306
1439 12060 306
1440 10086 203
1441 10093 204
1442 1551 204
1443 9036 203
1444 10096 202
1445 5169 203
1446 15295 306
1447 8606 203
1448 8607 202
1449 13090 203
1450 5297 203
1451 16408 202
1452 10121 205
1453 5085 206
1454 10299 306
1455 16854 202
1456 5092 305
1462 8893 309
1463 5262 204
1466 11338 320
1467 15313 307
1468 15957 203
1469 1471 308
1470 8288 311
1472 10210 203
1473 9393 304
1476 10205 206
1477 12749 203
1478 5012 207
1479 5017 208
1480 5020 202
1481 5027 307
1482 2662 202
1483 5301 203
1485 10292 202
1486 10182 305
1487 4955 304
1490 12107 202
1491 4959 203
1492 17463 304
1493 15073 202
1494 4962 202
1495 10180 202
1496 4965 311
1497 15070 202
1499 8167 202
1502 10158 204
1503 10160 308
1504 4977 202
1505 4973 202
1506 10273 306
1507 5313 205
1508 13810 202
1510 10140 204
1511 5224 204
1512 4985 203
1513 16851 202
1514 10041 205
1515 10043 205
1516 13800 303
1517 8872 306
1518 10345 205
1519 16411 204
1520 16097 202
1521 10347 203
1522 5259 202
1523 10253 204
1525 4960 305
1526 15976 204
1527 3035 202
1528 2714 203
1529 11405 204
1530 10061 210
1531 14720 202
1532 8605 203
1533 5072 303
1534 15950 202
1535 15297 204
1536 10304 203
1537 13355 202
1538 11937 203
1539 6655 303
1540 5071 205
1541 13346 202
1542 1549 202
1544 12700 202
1545 16634 203
1548 18326 202
1550 8913 204
1558 17102 202
1559 16045 305
1560 7195 204
1561 6285 203
1566 13624 202
1567 7744 203
1568 5352 202
1569 7745 203
1571 5469 202
1573 1577 203
1574 2538 212
1575 9438 204
1576 7572 204
1580 16959 203
1581 2512 306
1582 7980 202
1583 7577 202
1584 7503 202
1585 5475 305
1586 9422 204
1587 7967 307
1588 16679 202
1589 5698 203
1592 5480 202
1594 5486 306
1595 15091 204
1596 5335 307
1597 1747 307
1598 5569 203
1600 15635 202
1601 14034 202
1602 5683 307
1603 7518 307
1604 17791 303
1605 5570 204
1606 5581 204
1607 2489 306
1608 8320 204
1609 2492 203
1610 5586 204
1611 7525 203
1612 7523 204
1613 5589 304
1614 7524 205
1615 5325 306
1616 5592 204
1617 16087 202
1618 14020 202
1619 14366 204
1624 5613 202
1625 8311 202
1626 1631 304
1627 15826 305
1629 7552 204
1630 5453 202
1632 16582 204
1633 7765 205
1634 5500 202
1635 7625 202
1636 7617 305
1637 8230 303
1638 14133 204
1639 14824 203
1640 7716 202
1641 7629 203
1642 16504 304
1643 7722 203
1644 7727 204
1645 3221 307
1646 2435 308
1647 8215 304
1648 7631 202
1649 5508 203
1650 5746 203
1651 7859 308
1652 5360 205
1653 5518 204
1654 15588 202
1655 7987 203
1656 17948 202
1657 9411 304
1661 16433 203
1662 7798 203
1663 5832 207
1664 14896 202
1665 2508 203
1666 7894 305
1667 7899 203
1668 8426 203
1669 5865 205
1670 7825 203
1671 1676 204
1672 16369 202
1673 5864 203
1674 9498 202
1675 7809 204
1677 12576 204
1678 7808 203
1679 2836 204
1680 2837 207
1681 5851 304
1682 5635 209
1683 15107 306
1684 16587 304
1685 15114 204
1686 7696 203
1687 5647 307
1688 7698 307
1689 7705 207
1690 12532 203
1691 7714 303
1692 14916 202
1693 7793 204
1694 1787 306
1696 7737 203
1697 7883 205
1698 8092 203
1699 9557 204
1700 9374 203
1701 8097 204
1702 3486 202
1703 9384 203
1704 5491 203
1705 9504 202
1706 9512 205
1707 12534 202
1708 8300 202
1709 8111 206
1710 14905 305
1711 15991 202
1712 7623 202
1713 17721 203
1714 7657 303
1715 15593 202
1716 13595 307
1717 5646 306
1718 15086 203
1719 8084 204
1720 2528 321
1721 2524 306
1722 8118 304
1723 5696 202
1724 2571 208
1725 18215 202
1726 12538 203
1727 17064 202
1728 15359 203
1729 5677 204
1730 17087 202
1731 5348 306
1732 5676 202
1733 9558 202
1734 3250 202
1735 3253 305
1736 15078 306
1737 2523 304
1738 13629 203
1740 1743 202
1742 5665 202
1748 8201 203
1749 5485 203
1750 13745 304
1751 10863 304
1752 8318 202
1753 12568 202
1756 12132 303
1757 17872 202
1758 9864 203
1759 1987 306
1761 17262 204
1762 7605 205
1763 9509 307
1766 12518 202
1767 9410 203
1768 9490 206
1769 16999 202
1770 5539 203
1771 5336 204
1772 9383 202
1773 8206 203
1774 3239 305
1775 9468 306
1776 1908 303
1777 8346 303
1778 9431 305
1779 7979 305
1780 12536 203
1781 5474 203
1782 2533 202
1783 1786 203
1784 2531 308
1785 2479 204
1792 9874 203
1793 2950 203
1794 5763 304
1795 17269 203
1796 9639 205
1797 5436 203
1798 5437 202
1799 3572 204
1800 14695 202
1801 13753 202
1802 13776 202
1803 2909 205
1804 9696 305
1805 9918 304
1808 1830 305
1809 5433 203
1812 10795 202
1813 12846 203
1814 2944 204
1815 10797 202
1816 5443 305
1817 14260 204
1822 12865 206
1823 13840 312
1824 2948 203
1825 17265 202
1826 10798 305
1827 14685 304
1829 10627 205
1831 3356 303
1836 3495 203
1838 13182 202
1839 13359 204
1840 11805 202
1841 5737 304
1844 7582 203
1845 9585 202
1846 7551 303
1847 8240 204
1848 1851 306
1849 16044 202
1850 1852 305
1853 5456 304
1854 5692 203
1855 2459 204
1856 6089 204
1858 14184 202
1859 3797 203
1860 12991 202
1861 16724 303
1862 10417 304
1863 10507 203
1866 18368 202
1867 6116 203
1868 4106 203
1869 6022 304
1870 4114 204
1871 13839 202
1872 11889 306
1873 13952 203
1874 3663 203
1876 6153 304
1877 9251 202
1878 2835 304
1879 16596 303
1880 13418 202
1882 6196 305
1884 9303 306
1886 3959 305
1888 13709 304
1889 2197 205
1890 10012 306
1891 10009 202
1894 5893 202
1896 16109 304
1897 10662 305
1898 10421 303
1900 10407 203
1901 10409 202
1902 6033 204
1903 4167 307
1906 6115 203
1907 10392 203
1909 13829 202
1910 16710 202
1911 6105 203
1912 13634 203
1913 10514 203
1914 3743 202
1915 10630 203
1916 3798 203
1917 3795 204
1918 10886 203
1919 5768 203
1920 16729 202
1921 6080 204
1922 10699 202
1924 4196 304
1925 2720 203
1930 15869 205
1931 4597 208
1932 2315 204
1933 13442 303
1936 4848 206
1937 13472 203
1950 14081 202
1951 4569 202
1952 4572 202
1953 4579 204
1954 2170 303
1955 4417 308
1956 6900 203
1957 2237 305
1958 8451 306
1959 9288 303
1960 13166 303
1961 9264 205
1962 2394 202
1963 13712 202
1964 12245 303
1965 7351 203
1966 12798 202
1967 7350 202
1968 12480 203
1969 12309 203
1970 12511 204
1971 1976 304
1972 14219 202
1973 18268 202
1974 17853 305
1975 18269 204
1977 1979 308
1978 7159 203
1980 7160 203
1984 14202 203
1985 6344 205
1988 9342 202
1989 4869 204
1990 3732 204
1991 4871 203
1992 18266 202
1993 4868 304
1994 6324 311
1995 9338 203
1996 12261 202
1997 2137 303
1998 12440 303
1999 14212 304
2000 6360 203
2001 6362 203
2002 6366 204
2003 2375 305
2004 3136 203
2005 2101 204
2006 15520 203
2007 6461 207
2008 10490 206
2009 12622 207
2010 16900 203
2011 6527 208
2012 6587 204
2013 14627 202
2016 6295 304
2017 2020 206
2018 6433 204
2019 12954 203
2021 7258 205
2022 14085 203
2023 6457 203
2027 12475 305
2031 12339 202
2032 12415 202
2033 13449 304
2034 14509 202
2035 12237 305
2036 2121 203
2037 15891 204
2038 18678 202
2039 11759 203
2042 6543 204
2043 7312 205
2044 6515 204
2046 6445 203
2047 4903 202
2048 4864 303
2049 12279 204
2050 7200 204
2052 6291 203
2053 6294 203
2055 6298 306
2056 5189 203
2058 12431 202
2059 12434 202
2064 6483 204
2065 16021 202
2066 9016 203
2067 14189 202
2068 5190 304
2069 6488 304
2070 16478 202
2071 7295 305
2072 6493 205
2073 10558 202
2074 14828 203
2075 6497 304
2078 14848 203
2079 2209 208
2081 12296 203
2082 6684 203
2083 9271 304
2086 11168 303
2087 4355 202
2088 14510 202
2089 6338 204
2094 8338 202
2095 13682 202
2096 10494 202
2097 6581 307
2098 14055 203
2099 7176 205
2100 17112 304
2102 10496 304
2103 12764 205
2104 15430 203
2105 15562 305
2106 7241 203
2107 16907 204
2108 2768 203
2109 2148 204
2110 7423 303
2111 17026 202
2112 17027 202
2113 6502 308
2114 9004 205
2115 7237 303
2116 7226 203
2117 9229 205
2118 12492 203
2119 12419 303
2122 4919 203
2124 2609 204
2125 15847 203
2126 13345 202
2127 7323 204
2128 12853 202
2129 13031 202
2130 8430 305
2131 12450 306
2134 13927 202
2135 6563 202
2136 16047 202
2138 10458 202
2139 10476 202
2140 10487 203
2141 17092 202
2142 14057 203
2143 15578 202
2144 18372 205
2145 13835 202
2146 10499 202
2149 7263 203
2150 10470 205
2151 12941 303
2152 10560 304
2153 18247 202
2154 12575 202
2155 13585 204
2156 6301 305
2157 6312 202
2160 8367 203
2161 7204 303
2166 11206 203
2167 13905 303
2171 11594 203
2172 10999 203
2173 14743 202
2174 6952 204
2175 4692 208
2176 2265 203
2178 2302 204
2179 18782 205
2180 2182 205
2181 13982 203
2183 16310 202
2190 14643 202
2191 2192 204
2193 6552 303
2196 13446 202
2202 4921 202
2203 15530 202
2205 4923 202
2206 9008 202
2207 2208 204
2216 2219 204
2217 3449 202
2218 2221 205
2222 7366 205
2224 13147 203
2225 7117 202
2226 7119 203
2227 13155 202
2228 2279 204
2229 7114 203
2236 3100 206
2238 6897 204
2239 16279 202
2240 7127 203
2241 11603 202
2242 6765 202
2243 11167 202
2244 11949 308
2245 4734 202
2246 12501 202
2247 2497 203
2250 12360 202
2252 12465 202
2253 4686 203
2254 3089 203
2255 7142 203
2256 13498 305
2258 12380 203
2259 11936 202
2260 11943 203
2261 11941 202
2262 11061 204
2263 11218 203
2264 14527 204
2266 6914 204
2267 4515 303
2269 14526 204
2271 6920 203
2272 12400 203
2274 11283 203
2275 13488 203
2276 4640 203
2277 16461 203
2278 11126 303
2280 11114 205
2281 4804 204
2282 16463 303
2283 11000 203
2284 10998 205
2288 11141 204
2289 12392 204
2291 6855 203
2292 3055 204
2293 16815 202
2300 4438 203
2301 11963 202
2304 11673 205
2305 11675 203
2308 6805 203
2309 11227 204
2310 4704 202
2311 15452 204
2312 14748 202
2313 7147 203
2314 17328 202
2316 6953 204
2317 16802 202
2318 13441 305
2319 11110 203
2320 6693 202
2321 17050 202
2322 6921 203
2323 6918 202
2324 16336 203
2325 14350 203
2328 7025 205
2329 12393 202
2332 2338 203
2334 11643 204
2335 11087 204
2339 11981 305
2342 13701 203
2343 6494 303
2344 13326 202
2345 9012 303
2346 7307 304
2347 2349 204
2348 14830 202
2354 2642 305
2355 2645 305
2356 4904 202
2357 7337 203
2360 11821 303
2361 9327 303
2362 3473 203
2364 11811 304
2365 9194 305
2366 6544 202
2367 6538 203
2368 12497 202
2369 7315 204
2372 16335 304
2373 14719 204
2374 6375 202
2376 12264 203
2377 13615 202
2378 14303 202
2379 17028 203
2380 4457 204
2381 14851 204
2382 18248 202
2383 14093 203
2384 4881 203
2385 6410 307
2388 15912 203
2389 7096 305
2390 6383 202
2395 3786 305
2400 12935 204
2401 12936 203
2406 8200 202
2407 14878 202
2408 8033 203
2409 17086 203
2410 8031 203
2411 12550 202
2412 7760 203
2413 8110 205
2416 2520 305
2417 8112 203
2418 7566 203
2419 9462 202
2420 2575 203
2421 12529 202
2422 9475 210
2423 2555 317
2424 7586 203
2425 5334 305
2430 12530 203
2431 8303 303
2432 8086 203
2433 5355 305
2434 5502 307
2438 14911 204
2439 8107 203
2440 7959 203
2441 5662 202
2444 16831 204
2445 18323 203
2446 7990 204
2447 7993 203
2450 12945 202
2451 2780 203
2453 10482 202
2458 8239 303
2460 5468 304
2461 7565 206
2462 9469 306
2463 14868 205
2464 8032 202
2465 8034 202
2466 7484 205
2467 7539 202
2468 7540 203
2469 7536 202
2470 16356 203
2471 7904 307
2474 2477 209
2475 7573 202
2476 9436 204
2478 9420 202
2480 5585 205
2481 5576 303
2482 9546 204
2483 12564 202
2484 12524 203
2485 5584 202
2486 2506 204
2487 14897 202
2493 2495 202
2494 7771 208
2496 7667 202
2498 9364 202
2499 5542 202
2500 7882 205
2502 12551 304
2503 9573 203
2504 9559 304
2505 7823 204
2507 5840 202
2509 16357 202
2510 4299 205
2511 7982 203
2513 13627 202
2514 14790 202
2515 9571 203
2516 9519 202
2517 9570 202
2519 8038 203
2521 13565 303
2522 7512 311
2525 16682 202
2526 8116 202
2527 7964 202
2529 13569 307
2530 9418 303
2532 2535 205
2539 7957 203
2541 9587 203
2542 5615 303
2543 14861 203
2546 5460 202
2552 7954 202
2554 14874 202
2556 3231 203
2557 9482 203
2560 7634 203
2561 7506 202
2562 9358 204
2563 9367 202
2564 3204 203
2565 9373 203
2567 7896 202
2568 9394 202
2569 16352 203
2570 12124 202
2574 2577 204
2576 9474 202
2578 9467 203
2579 9588 202
2580 5094 207
2581 8295 306
2582 5102 203
2583 10129 202
2584 16657 204
2585 8897 304
2586 8899 203
2587 8575 303
2589 11143 204
2590 14264 203
2591 14276 202
2592 12207 305
2593 8353 207
2594 3930 202
2596 14982 205
2597 2599 207
2598 2798 205
2601 2825 202
2610 7322 305
2612 4021 202
2613 15137 202
2614 13616 202
2616 12008 203
2617 8589 202
2618 15349 308
2619 8590 305
2620 13073 305
2621 6596 306
2622 2644 304
2623 12933 203
2626 17981 202
2627 12615 202
2628 2991 202
2638 5077 202
2639 10113 203
2643 6489 202
2648 13119 304
2649 14609 202
2650 8727 202
2651 8270 202
2652 5298 303
2653 10106 203
2655 10076 203
2656 13221 202
2657 2690 303
2658 12891 305
2659 8758 303
2660 8483 204
2661 14345 305
2663 5019 204
2664 11347 202
2665 13796 202
2666 13797 202
2667 13604 303
2668 8581 204
2669 12899 203
2670 8247 203
2671 12683 202
2672 5109 303
2673 10132 305
2674 16000 202
2675 13354 202
2677 6971 305
2678 10297 202
2679 11374 204
2680 8611 202
2681 15995 203
2684 10083 304
2685 2708 305
2686 2710 214
2687 5050 313
2689 11403 306
2691 18673 202
2692 18672 202
2693 5053 202
2694 8655 203
2695 12663 203
2698 16664 202
2699 8682 204
2701 15988 203
2703 8599 204
2704 11375 204
2705 11372 203
2706 16644 202
2707 16646 202
2709 11387 203
2711 10059 204
2712 5140 202
2713 11404 203
2715 2739 202
2716 11412 203
2717 8249 304
2718 12071 205
2721 8563 202
2723 5052 202
2724 18367 204
2725 13803 303
2729 2730 205
2731 2732 203
2733 2734 204
2735 13310 202
2736 2740 204
2737 11407 203
2746 11373 203
2747 11370 205
2749 10122 202
2750 13808 303
2751 10036 304
2753 8639 303
2754 2757 206
2755 12742 202
2760 12745 202
2761 8815 202
2762 8881 304
2763 4956 203
2765 10280 202
2774 2777 304
2775 7451 202
2776 12623 203
2778 14629 202
2779 14628 202
2782 14154 202
2783 13529 203
2785 10465 204
2786 8770 202
2787 12729 202
2790 8177 202
2791 8777 205
2796 16100 306
2797 10386 203
2799 3922 202
2800 16693 306
2801 17965 303
2802 3914 304
2803 13831 303
2804 6071 303
2805 8180 203
2806 13432 202
2807 6168 202
2809 8371 305
2812 3889 306
2813 2988 206
2816 12695 202
2817 10426 202
2818 11435 305
2819 12089 303
2822 15812 303
2823 9190 203
2824 2828 205
2829 16246 202
2832 9178 203
2833 4197 203
2842 7893 202
2843 9381 202
2844 2847 305
2845 2851 206
2846 14873 202
2853 14871 203
2854 9641 204
2856 10916 305
2857 13011 203
2858 10919 202
2860 13874 202
2861 3550 205
2864 13042 202
2865 12133 202
2866 10573 202
2867 10574 202
2870 10887 202
2871 10788 202
2872 5441 303
2873 2875 203
2876 13781 202
2877 10875 202
2879 12984 303
2880 13878 203
2881 13877 203
2884 2886 206
2885 9850 204
2887 10619 304
2888 2890 205
2889 9592 203
2891 16535 202
2892 9599 203
2893 10743 204
2894 17916 202
2895 9604 202
2898 13047 205
2899 9625 305
2900 14697 202
2901 18053 204
2903 3331 202
2904 2906 205
2907 10975 203
2908 3615 204
2912 3386 202
2913 12859 202
2914 9630 202
2915 9632 203
2916 10928 304
2917 12854 202
2920 9650 203
2921 3400 203
2922 9796 304
2923 3267 203
2924 10968 205
2925 10684 203
2926 9660 203
2928 9666 202
2930 10625 202
2931 9677 203
2934 13017 203
2935 9835 203
2936 10909 202
2938 9904 305
2939 9690 205
2940 10807 305
2941 10901 204
2945 17264 202
2946 15050 202
2949 10885 203
2951 14255 202
2952 13766 305
2953 10003 309
2955 13872 202
2956 9886 304
2957 11774 303
2958 11425 303
2959 8265 303
2962 5141 203
2963 11400 203
2964 5154 304
2965 11390 203
2966 5296 202
2967 13338 202
2968 10296 203
2969 14343 202
2970 16983 202
2971 5122 202
2974 11439 202
2975 14272 202
2978 10504 202
2979 10406 202
2984 2989 205
2985 4122 202
2990 9991 303
2993 6177 202
2994 4213 202
2996 10725 204
2997 4219 202
3006 3009 202
3007 3020 202
3008 3011 206
3022 10869 203
3023 14257 202
3025 10019 303
3027 10017 202
3032 9983 202
3033 9979 202
3034 8259 203
3036 8256 202
3037 3039 204
3044 18015 202
3045 13128 203
3046 4839 304
3047 13129 203
3048 16593 202
3052 3122 305
3054 7100 202
3058 13079 202
3059 3060 204
3061 13907 202
3065 12280 306
3066 11032 203
3067 6662 202
3068 11043 203
3069 11663 203
3070 11620 203
3071 11749 305
3072 11627 305
3073 3075 204
3074 11750 202
3076 11226 204
3077 11639 203
3078 11085 205
3079 11641 204
3080 4578 203
3081 11740 204
3084 11577 204
3085 11240 204
3086 16628 204
3087 6651 204
3088 3091 307
3090 11247 202
3095 17639 202
3096 11104 204
3097 11246 204
3098 11595 203
3099 11108 204
3101 3102 203
3103 11608 202
3106 15877 205
3107 11113 309
3108 11716 304
3109 16278 305
3110 6826 203
3111 14712 202
3123 6852 304
3124 11288 305
3126 3128 203
3127 11289 203
3129 7071 203
3132 16304 202
3133 3135 204
3137 11130 202
3178 6753 204
3179 11522 203
3182 4897 205
3183 9346 202
3184 7225 202
3185 7227 202
3186 9291 304
3189 7590 204
3190 3498 204
3192 7863 203
3194 14801 203
3195 9489 203
3196 12522 202
3197 7885 203
3198 14784 204
3199 17175 202
3202 9554 203
3205 9369 202
3206 8258 204
3207 9038 202
3208 14166 203
3211 17111 202
3214 13750 202
3215 8194 304
3216 8214 304
3217 15788 202
3218 7963 203
3219 5134 307
3220 3222 205
3223 17170 203
3224 7851 204
3225 7853 203
3226 3228 205
3227 7850 203
3229 9487 304
3230 7843 305
3232 7952 203
3233 8125 202
3234 9590 202
3235 7953 203
3236 7571 204
3237 5338 204
3238 13552 202
3241 14647 204
3246 15115 203
3247 14646 304
3248 11820 303
3249 11834 203
3252 9388 202
3256 13198 203
3257 11786 304
3258 3260 203
3259 3380 202
3262 3265 305
3263 9800 203
3264 3266 204
3268 3270 202
3269 15768 202
3271 5425 203
3272 3372 203
3276 5432 202
3279 5427 202
3280 10839 205
3281 10667 304
3282 12152 304
3283 3287 204
3284 17900 303
3285 10801 203
3286 5368 202
3288 15716 202
3291 5760 202
3292 10609 203
3293 10810 202
3294 3575 303
3295 5376 304
3296 16157 202
3297 3302 205
3298 3305 305
3299 3576 303
3300 13204 202
3303 17138 202
3304 3309 202
3306 9912 202
3307 13205 202
3310 9692 202
3312 9683 202
3314 10814 203
3315 5450 204
3316 9837 203
3317 16190 203
3320 10686 202
3322 5419 202
3323 5414 202
3324 5411 305
3325 9670 303
3326 5406 202
3327 5410 304
3328 5408 202
3329 15060 202
3330 9618 202
3334 18379 202
3335 9831 203
3338 5396 202
3339 5398 204
3340 9836 204
3341 3391 202
3342 3349 307
3343 3599 202
3345 3350 204
3346 10944 202
3347 5394 204
3348 3384 305
3352 3395 203
3353 9893 202
3354 3396 202
3355 9642 202
3357 15712 202
3358 3368 202
3360 10840 202
3361 15713 204
3362 15711 203
3364 10845 202
3365 10931 304
3366 15710 303
3367 10849 202
3369 10613 203
3370 15703 202
3373 9798 203
3374 10816 202
3375 5388 202
3378 17899 202
3379 5444 202
3381 15720 202
3382 17126 202
3383 5393 203
3385 5451 202
3387 10856 203
3388 5400 202
3389 5404 303
3390 14363 203
3392 10910 202
3393 9682 303
3394 5431 202
3398 9643 204
3399 10987 202
3402 9795 203
3403 9797 204
3404 6314 303
3405 9204 202
3407 5966 304
3411 16573 202
3412 9174 202
3413 4207 203
3415 3416 203
3418 15146 202
3419 9140 202
3422 4192 206
3423 16359 305
3424 9148 202
3425 3533 202
3428 15147 203
3429 3431 203
3430 3535 303
3432 9095 305
3433 3435 203
3434 5971 202
3436 5970 202
3438 4228 202
3439 3442 204
3440 5968 206
3441 13860 202
3443 9101 203
3448 4334 204
3451 3940 203
3452 6124 202
3453 3538 202
3456 13192 202
3457 9067 304
3461 9056 202
3462 3537 203
3463 3937 306
3464 3536 202
3470 9200 203
3471 9151 202
3476 9120 202
3483 15844 202
3488 8120 202
3489 5339 202
3492 8010 303
3493 3497 203
3499 8081 202
3505 3558 203
3506 16080 202
3507 13048 303
3510 16539 202
3512 3564 203
3514 3547 204
3516 5727 202
3519 5759 202
3520 3522 305
3523 10768 202
3524 11768 204
3525 5771 204
3526 5773 203
3527 12155 305
3529 9132 202
3532 9092 202
3534 3969 303
3545 17912 202
3548 5735 202
3549 10872 202
3551 10925 203
3554 3556 204
3555 3568 204
3557 14235 202
3561 3657 202
3563 5710 203
3569 14246 202
3570 16749 305
3571 9999 306
3573 18385 202
3574 5370 202
3577 13207 202
3578 3580 203
3581 9786 205
3582 14776 204
3583 14775 206
3584 3660 202
3586 14655 202
3593 14362 202
3595 13201 203
3596 13200 202
3597 9681 202
3604 12153 202
3605 5445 303
3607 9897 202
3608 9997 203
3609 5772 202
3610 9992 203
3611 13764 202
3612 17860 203
3613 13040 202
3614 17874 202
3616 15838 202
3617 9261 202
3618 3699 305
3619 5990 203
3622 3625 309
3623 18153 202
3624 15839 202
3628 9207 202
3632 7256 203
3633 14170 202
3640 9217 203
3643 3647 304
3645 3659 203
3646 3650 203
3648 5780 206
3649 3651 204
3652 10870 203
3653 9961 202
3654 5808 202
3661 5781 202
3664 9252 202
3666 4016 303
3667 8446 305
3672 9258 203
3673 16832 202
3675 16833 202
3676 6145 204
3677 10694 202
3678 13328 202
3679 13458 303
3680 11859 202
3683 9268 203
3684 15489 204
3685 9267 303
3687 9347 202
3690 3693 304
3692 16844 202
3696 3993 202
3697 9325 202
3700 5989 203
3701 8417 203
3702 8422 204
3703 15469 204
3704 8458 202
3706 14959 203
3707 8449 305
3708 9232 204
3711 6387 202
3713 9274 203
3714 9281 203
3715 17088 202
3716 14061 202
3717 3719 304
3718 13181 202
3723 3789 203
3725 13610 202
3726 3768 208
3727 7170 204
3730 8441 202
3731 3771 202
3733 9339 202
3734 3775 202
3735 6351 202
3739 12787 203
3746 8629 203
3747 8635 204
3748 13714 304
3749 3784 303
3750 12323 202
3752 12818 303
3753 9330 203
3754 3778 304
3755 8432 306
3756 13172 202
3759 11814 305
3762 15393 202
3763 15397 202
3767 13171 202
3769 15481 202
3770 6348 202
3772 6343 304
3773 9343 202
3774 8455 202
3779 9223 203
3780 11835 303
3781 3793 308
3782 17085 202
3783 13618 303
3785 9353 202
3788 6384 202
3792 9286 305
3794 10656 203
3796 3800 204
3799 3805 203
3801 3809 204
3802 10439 205
3804 3807 203
3806 10435 202
3808 3813 205
3810 4063 203
3811 4064 203
3812 3814 204
3815 6046 303
3816 17966 202
3817 18911 202
3818 12990 303
3819 3822 204
3820 12924 303
3821 10430 308
3824 6049 303
3825 10511 203
3826 10432 305
3827 10586 203
3830 3834 203
3831 10510 203
3832 5892 303
3833 17142 202
3835 3841 305
3836 16544 202
3838 16545 202
3843 16111 203
3844 3847 307
3845 16713 202
3846 10660 202
3851 10658 202
3856 5936 202
3860 8357 202
3870 5927 202
3871 5920 202
3873 3875 203
3874 4066 202
3878 3880 203
3883 3887 203
3886 12997 203
3888 12956 202
3890 8139 306
3891 15735 202
3893 3897 205
3894 16692 202
3895 15727 203
3896 5941 203
3898 3900 204
3899 14990 303
3901 5950 202
3904 5946 305
3905 11904 202
3906 15650 202
3907 5947 203
3908 14987 203
3909 5949 202
3910 5951 303
3911 16549 202
3912 3915 304
3916 13236 202
3917 16105 202
3919 16739 304
3920 4107 202
3921 10387 203
3923 4047 202
3924 4052 204
3925 8172 202
3926 6024 204
3927 8832 202
3928 4076 203
3929 16144 202
3931 14992 306
3932 15734 203
3933 16145 304
3934 12181 202
3935 17155 202
3936 12213 202
3939 12185 202
3941 6175 203
3947 17166 202
3949 4002 202
3953 10708 304
3957 3961 203
3958 9260 202
3962 4155 205
3963 9318 203
3965 4154 203
3968 5972 303
3970 9090 202
3971 6257 205
3972 18878 202
3973 8829 303
3974 4183 203
3975 4004 303
3977 3982 303
3980 10695 202
3983 5980 304
3984 5981 203
3985 3988 304
3987 5982 203
3990 3996 203
3991 9323 202
3992 4157 202
3997 5987 202
3998 5986 202
3999 4001 205
4000 6152 202
4003 8420 203
4005 17974 202
4008 5967 203
4009 5964 202
4010 5995 202
4011 4182 203
4012 15824 203
4013 8457 202
4017 6142 202
4018 9175 202
4020 18849 203
4025 4026 202
4027 17963 202
4031 18904 202
4032 6104 202
4033 10475 202
4036 14687 204
4037 6013 303
4038 14686 202
4039 4042 204
4040 13237 202
4041 15362 202
4043 4045 204
4044 6018 303
4046 16057 202
4048 10384 202
4049 4108 202
4051 4113 304
4053 4055 202
4054 4112 304
4056 6027 303
4057 6025 202
4058 6107 202
4067 5911 202
4068 12168 203
4069 13230 303
4071 12719 202
4072 11893 204
4073 4075 308
4079 18087 202
4080 4142 202
4081 4144 202
4084 12167 303
4087 12902 202
4088 8183 304
4089 11906 203
4090 4093 304
4092 16152 202
4094 13260 303
4095 12689 203
4096 6075 202
4097 11929 202
4098 11961 202
4099 10526 202
4102 16101 204
4103 15364 202
4105 16056 203
4111 15361 202
4115 14983 208
4116 11887 202
4117 9001 307
4119 4123 205
4120 17006 202
4121 13256 202
4125 17335 202
4127 6082 202
4128 17258 202
4129 16114 202
4131 8988 203
4132 14389 202
4133 6099 303
4134 8995 202
4135 14392 202
4143 13961 202
4145 11921 203
4147 13240 202
4148 6110 203
4149 10653 203
4151 18034 202
4152 8143 308
4153 13971 204
4156 5984 202
4158 11861 202
4160 10650 202
4161 4162 203
4169 16784 202
4174 6130 303
4176 12219 303
4177 13866 202
4178 4180 203
4181 14491 202
4189 4190 204
4191 9085 202
4193 12971 203
4200 6206 202
4201 6210 202
4202 4279 204
4204 6213 202
4205 5976 304
4208 16572 202
4210 4261 204
4212 13419 202
4216 6245 202
4217 6180 202
4218 6176 202
4220 6178 202
4226 6190 203
4234 11881 203
4235 6189 202
4236 15215 304
4237 8447 205
4241 6215 202
4242 13856 202
4243 6227 203
4245 4246 202
4251 4253 203
4252 4254 304
4255 6238 203
4257 4258 202
4259 10733 203
4260 12184 202
4264 11883 202
4267 11880 202
4268 6198 202
4269 6199 202
4274 6263 203
4275 10736 202
4276 4278 206
4281 16606 202
4282 7475 202
4283 7391 202
4284 6707 202
4285 4713 203
4286 16309 202
4287 13482 202
4288 6710 303
4290 15935 202
4291 12402 202
4292 7400 202
4294 4297 204
4295 6714 203
4296 4719 203
4300 7151 202
4301 17203 202
4302 6720 202
4303 4308 306
4304 4307 203
4305 15867 304
4306 4313 202
4309 6727 204
4310 17878 202
4311 16566 202
4314 4317 304
4315 6724 202
4316 4318 205
4320 6728 203
4321 15224 203
4322 15903 304
4324 6736 202
4325 4328 202
4326 4722 202
4327 16293 303
4330 6741 202
4332 4335 204
4333 17206 202
4336 4339 305
4337 7029 303
4338 18394 203
4342 17210 202
4343 4349 204
4344 15925 203
4345 15894 203
4346 14419 202
4347 4729 303
4348 15233 202
4350 17034 202
4351 4730 203
4352 11171 305
4354 17864 303
4356 14418 202
4357 11524 304
4358 11169 204
4359 11508 203
4360 4365 203
4361 6762 303
4362 13071 206
4363 13285 304
4364 4737 304
4366 6815 202
4367 7063 202
4368 4744 202
4369 4701 303
4370 4746 204
4371 4698 203
4372 4697 202
4373 6817 304
4374 6812 305
4376 12598 303
4378 13471 303
4379 4383 204
4384 7021 202
4385 14394 202
4386 12228 202
4387 11727 202
4390 14395 202
4394 12381 202
4395 11094 203
4397 13298 202
4399 6823 203
4400 6839 202
4403 11133 202
4406 6905 202
4407 4751 203
4408 4753 204
4409 6909 202
4410 4752 310
4411 7035 203
4412 16610 202
4413 14505 202
4416 7468 303
4423 17053 203
4426 13271 303
4427 4431 304
4428 6844 202
4429 12348 202
4430 4433 202
4439 6873 303
4441 11550 304
4443 7033 202
4448 16347 202
4449 4452 204
4450 4758 202
4453 6801 203
4461 4462 204
4464 6781 202
4466 11487 202
4467 17197 202
4468 6773 202
4470 16598 202
4471 4766 203
4472 6850 303
4477 4480 204
4481 4771 203
4482 18768 203
4483 15292 304
4486 14734 202
4487 4490 204
4495 4499 204
4498 4782 203
4500 4502 204
4501 11953 203
4503 6880 204
4508 6881 202
4509 11974 202
4510 6883 202
4513 6888 203
4520 6624 202
4521 6631 202
4523 6916 202
4525 13987 202
4526 13309 202
4528 6924 202
4529 6923 303
4530 6926 203
4531 13279 305
4532 11027 202
4533 11028 203
4535 15904 203
4540 13299 202
4541 4750 202
4542 6984 202
4543 17784 202
4546 13495 202
4550 16621 202
4554 7012 202
4555 11275 305
4557 7011 203
4559 13532 202
4564 11178 202
4565 13511 202
4568 4573 203
4577 6804 202
4580 11086 202
4581 6803 202
4582 11979 202
4583 11084 204
4584 4595 203
4585 12281 202
4586 15868 203
4587 4591 203
4588 15873 203
4589 4828 205
4590 15870 203
4592 4829 204
4593 14745 202
4596 15242 203
4598 15244 304
4599 14744 202
4601 7099 202
4602 17214 202
4603 11646 203
4604 11946 202
4605 4800 205
4606 7116 305
4607 4617 203
4608 12364 303
4609 16881 204
4611 11127 202
4613 4802 203
4614 11612 203
4616 4618 205
4619 7120 202
4622 11115 304
4623 11010 202
4630 15262 203
4631 15927 203
4632 6992 306
4633 12368 303
4634 6995 203
4636 17199 202
4638 7002 203
4641 7000 203
4644 4652 202
4651 5817 202
4653 16624 203
4656 11651 203
4657 16344 202
4658 4662 204
4659 11022 204
4660 6656 305
4661 11650 203
4664 15273 203
4668 5823 202
4669 4671 206
4670 5672 203
4676 4683 202
4677 14404 202
4678 4756 202
4679 16967 202
4680 17189 202
4681 14398 202
4684 17983 303
4685 4757 203
4687 11944 202
4690 6954 204
4691 14738 204
4693 6958 205
4696 4836 202
4699 6809 203
4700 4835 203
4702 16968 203
4703 6835 203
4705 4706 203
4707 12347 202
4708 4710 203
4709 17185 202
4712 13290 202
4714 6706 202
4715 7477 202
4716 6718 202
4717 7386 202
4718 7472 303
4721 6737 202
4724 16349 202
4725 16804 303
4728 11528 202
4731 6755 203
4732 7061 204
4733 11960 202
4736 4745 203
4738 7065 204
4747 6811 202
4754 11559 314
4755 12325 203
4759 7046 203
4761 7083 202
4765 16797 202
4769 16796 303
4774 6869 202
4775 16800 202
4777 6877 202
4780 11955 202
4790 6838 202
4791 17288 202
4797 7113 308
4798 18085 202
4799 11717 304
4801 7115 202
4803 11120 203
4811 4814 202
4812 17863 202
4815 7139 202
4816 18074 303
4817 4852 202
4818 18016 202
4819 4821 305
4820 13990 202
4822 13060 203
4823 13991 202
4824 7010 202
4825 7007 303
4830 6834 202
4831 14406 202
4834 11008 205
4838 12394 205
4842 13989 202
4843 15860 202
4844 14409 202
4846 6778 202
4847 15456 303
4849 11213 202
4850 6979 305
4851 11091 204
4854 18112 202
4856 4859 204
4858 7409 203
4861 7185 202
4862 7194 202
4866 7483 304
4867 16891 202
4870 15540 202
4872 6350 202
4873 8434 208
4874 6397 202
4875 12266 303
4876 12269 304
4877 14429 203
4878 15967 204
4879 10471 206
4882 7243 304
4883 12457 305
4884 17091 202
4885 12276 304
4888 6455 206
4889 4890 307
4891 4892 205
4893 7441 305
4896 9272 202
4898 12773 202
4899 4902 202
4900 6439 202
4905 16905 202
4908 15624 303
4909 7422 202
4910 6595 303
4911 16479 202
4912 15522 203
4918 6546 202
4922 6499 202
4924 4930 203
4927 4928 202
4929 12047 205
4931 4936 202
4932 12048 203
4934 13343 202
4935 8546 307
4940 8535 305
4941 8190 204
4942 4951 202
4943 8817 202
4945 15744 202
4946 11454 203
4947 14603 203
4948 17702 203
4949 8465 311
4950 12058 202
4952 5305 203
4953 10237 202
4954 4957 204
4958 8880 203
4961 10181 202
4963 8469 202
4964 4967 206
4966 5311 202
4968 10168 303
4969 10284 303
4970 10265 202
4971 10170 202
4974 10157 204
4975 13341 202
4976 4979 202
4980 18885 202
4983 10365 202
4986 5061 202
4987 10225 202
4990 8909 202
4991 5074 305
4992 14178 205
4993 10298 305
4994 10127 202
4995 8294 202
4997 5001 204
4998 10214 202
4999 17952 202
5000 14268 203
5002 14269 202
5003 10217 303
5007 5013 204
5008 10195 202
5009 10190 303
5010 10352 202
5011 8504 204
5014 10191 204
5015 10351 202
5016 12723 202
5018 12893 202
5022 5028 203
5023 10186 304
5029 14981 202
5032 16384 205
5033 11364 203
5035 14160 204
5036 8570 303
5038 8285 307
5039 15312 204
5041 17222 204
5047 5220 203
5048 10263 202
5049 11351 203
5051 10070 203
5054 5309 206
5055 18188 202
5058 12088 203
5059 5229 204
5064 17312 202
5065 10243 203
5066 10042 202
5067 8873 202
5068 17217 202
5069 16989 202
5070 12090 203
5073 10324 304
5076 10119 202
5078 10115 202
5086 5274 305
5087 17820 202
5089 8924 202
5091 12037 203
5093 5096 205
5095 17067 202
5098 12755 304
5099 8928 204
5101 15348 203
5103 5104 203
5105 5107 203
5108 5111 204
5110 5260 305
5112 5114 208
5115 11363 305
5118 11201 202
5119 18070 202
5120 5268 309
5121 8895 204
5125 13336 202
5126 5130 303
5127 8562 202
5131 8251 203
5133 8923 202
5135 16501 303
5138 10065 305
5139 8932 202
5144 5146 203
5147 10074 202
5148 8290 305
5149 5152 310
5150 11440 202
5151 16661 203
5153 16390 203
5155 8402 304
5158 8915 203
5159 8609 303
5160 11379 303
5161 10098 208
5163 10320 303
5165 13339 202
5172 10103 202
5173 9037 203
5174 8902 306
5175 11337 204
5182 6293 202
5183 7205 303
5184 18907 202
5185 7207 203
5186 7354 306
5187 6305 204
5188 7280 202
5191 6484 202
5197 11426 202
5199 16096 203
5203 8708 204
5204 10252 203
5205 10254 202
5208 9028 203
5209 15969 202
5222 13118 202
5223 11451 203
5228 16654 202
5230 5250 202
5231 9020 203
5233 9021 202
5234 5236 202
5246 12084 202
5247 8705 203
5248 5251 203
5249 14004 203
5255 5256 206
5257 10258 204
5261 10033 303
5263 8385 202
5269 9031 203
5270 8574 202
5271 11339 303
5275 12678 202
5277 10128 304
5278 8516 202
5279 5282 202
5284 8499 203
5285 16848 202
5289 8405 202
5290 9039 203
5291 10064 202
5292 16388 202
5293 8910 203
5294 13693 202
5295 10091 202
5299 8568 202
5300 17079 202
5302 14675 202
5303 10290 203
5304 10241 202
5308 13662 202
5310 17081 202
5315 16853 202
5316 5319 206
5317 10230 203
5318 5322 205
5320 14195 202
5321 15403 303
5323 14440 202
5324 7528 304
5326 7773 202
5328 8018 203
5329 5331 304
5330 5604 204
5332 7545 310
5333 8020 202
5337 15514 202
5340 7656 205
5341 8126 202
5342 9518 202
5343 5663 203
5346 5833 206
5347 5837 202
5349 8131 304
5353 14797 204
5354 16958 203
5356 7502 202
5358 8077 203
5359 7718 203
5361 5527 203
5362 5447 202
5366 10899 202
5367 10803 202
5369 10608 202
5377 5379 203
5382 14462 202
5383 17139 202
5386 5389 304
5387 16531 202
5390 5392 202
5395 5397 305
5399 5797 202
5402 16532 202
5403 13196 202
5405 16759 202
5415 13380 202
5416 9671 203
5417 9669 202
5418 10832 202
5426 5428 209
5429 9891 304
5430 15763 203
5440 14329 202
5442 5448 202
5446 18115 203
5449 9713 303
5454 5461 203
5455 7741 202
5457 17777 202
5470 7575 202
5472 7574 202
5473 16554 202
5476 7504 203
5477 5479 305
5478 16053 202
5481 8299 203
5482 5484 202
5483 7602 202
5487 7604 205
5488 8108 204
5489 14879 202
5490 5497 203
5492 14791 202
5493 5496 203
5494 5498 203
5495 7761 202
5499 5700 203
5503 5505 305
5504 7855 203
5506 9354 306
5507 7778 304
5509 5510 304
5511 14800 202
5512 7857 202
5516 16030 202
5517 7499 304
5519 7498 203
5520 5523 203
5521 7646 202
5522 5525 203
5524 7649 202
5526 16571 202
5532 9495 205
5533 14877 202
5535 5537 204
5536 7879 202
5538 13391 202
5541 13390 202
5543 8204 202
5548 14785 203
5551 5554 203
5552 16589 202
5553 9538 202
5555 14564 202
5556 5558 204
5557 16588 202
5559 7681 202
5560 14562 203
5561 14563 202
5564 7517 202
5565 15153 203
5566 7519 306
5567 18872 202
5568 17378 203
5571 5684 202
5572 18873 202
5573 5575 203
5574 7520 203
5577 16092 202
5578 17790 202
5579 7521 203
5580 5587 202
5582 14573 203
5583 14466 202
5588 8321 204
5598 13365 202
5600 15159 206
5601 7534 203
5602 15161 305
5603 15774 202
5605 5690 203
5606 7777 203
5607 7542 303
5608 8310 203
5609 14021 202
5610 7547 303
5611 7916 202
5614 7934 203
5616 15108 303
5617 14565 202
5618 11754 203
5619 15517 202
5626 7797 202
5627 12545 202
5628 15112 203
5629 13562 303
5634 5636 206
5637 7688 203
5638 14795 202
5639 16561 202
5640 16957 202
5641 7691 203
5642 13594 306
5643 16560 202
5644 15778 202
5645 5648 203
5649 16585 202
5652 15511 202
5653 14919 202
5654 5657 304
5655 8208 202
5656 7726 202
5659 7723 202
5664 16054 202
5680 8316 202
5681 5682 203
5685 8319 202
5686 8088 303
5687 7522 202
5688 14469 202
5689 14125 202
5691 7985 303
5693 7943 206
5701 7766 203
5708 13784 202
5709 16159 202
5712 13871 304
5713 10767 203
5714 5717 203
5716 12137 202
5720 18390 202
5721 14248 202
5734 9872 202
5738 7643 202
5739 7848 204
5744 7630 205
5745 7725 305
5747 13369 202
5748 16051 202
5749 7637 305
5750 15105 202
5754 7791 207
5755 7715 306
5761 9920 203
5762 15704 202
5770 9787 202
5774 16709 202
5775 5776 206
5777 9994 206
5778 14317 202
5779 10877 303
5786 9747 202
5787 9740 202
5789 5813 202
5793 5812 202
5798 16933 202
5801 12154 202
5802 5804 202
5806 17098 202
5807 14815 204
5809 14315 202
5814 9981 202
5819 13902 202
5830 5835 202
5831 12539 202
5841 7805 202
5842 7807 203
5843 7804 203
5844 7806 202
5846 8429 303
5847 8427 204
5848 12577 304
5849 7912 303
5856 8428 203
5858 5861 204
5859 12523 202
5860 16857 202
5862 7827 304
5863 14470 202
5868 12582 202
5869 12111 303
5871 7836 203
5872 13598 202
5873 16859 202
5874 12122 202
5875 14473 202
5876 12120 304
5877 16861 202
5879 13559 202
5880 10434 202
5881 6048 203
5882 5908 305
5883 10431 304
5884 8997 202
5885 6051 202
5886 8800 303
5895 10468 202
5899 5904 203
5900 15733 202
5901 5902 202
5906 16133 206
5907 8972 303
5909 8996 202
5917 6100 203
5924 14039 202
5925 16716 202
5929 10568 205
5953 10597 308
5954 10594 202
5956 8854 203
5957 6111 202
5958 13417 202
5959 10398 203
5962 13722 303
5963 6239 203
5965 5994 202
5973 6251 303
5974 12189 202
5975 6252 202
5977 6233 208
5978 13403 303
5983 15200 203
5985 10697 202
5988 15468 304
5996 13400 202
5997 12217 304
5998 14588 203
5999 8826 202
6000 17962 202
6001 6058 303
6002 6061 203
6004 14965 204
6005 8846 204
6009 6060 303
6010 17241 202
6012 14048 202
6015 13239 303
6016 15363 204
6017 6021 304
6028 10702 202
6029 10502 203
6030 10503 203
6031 12169 203
6032 16129 203
6034 12958 303
6035 6038 204
6036 16127 203
6037 16124 202
6039 15390 203
6040 17961 303
6041 16220 204
6042 16235 305
6043 6045 205
6044 16238 203
6047 18910 203
6059 10474 202
6066 12703 202
6067 8851 202
6068 18128 204
6069 10596 305
6070 12918 202
6073 12220 202
6074 6077 202
6076 11920 202
6079 16108 202
6081 11886 202
6083 11895 303
6085 18718 202
6088 17014 202
6092 7891 304
6103 10648 202
6106 14966 202
6114 12174 202
6120 16782 202
6121 14490 203
6128 9068 202
6132 14043 202
6135 9219 202
6139 13421 303
6140 16265 202
6141 15214 202
6143 15211 304
6148 17276 202
6149 12959 202
6150 16221 305
6151 15391 203
6155 6156 203
6159 10709 303
6160 16781 202
6163 6166 203
6165 17283 202
6167 6169 203
6171 12193 202
6173 6179 203
6184 13861 202
6188 17574 202
6191 6250 203
6197 9096 303
6201 12968 202
6202 16358 202
6203 6207 202
6205 10721 202
6208 10629 202
6211 6264 202
6216 14044 202
6217 11930 202
6218 15217 202
6223 15216 202
6224 13409 202
6226 12212 203
6230 6265 203
6231 15472 203
6232 10628 202
6236 11935 202
6237 12180 202
6240 17836 202
6241 6243 303
6242 6244 303
6267 12270 203
6269 7186 202
6273 7184 202
6277 6564 202
6279 7192 202
6286 6290 205
6288 7203 303
6289 16472 202
6292 16024 202
6297 6300 203
6299 6304 204
6303 7209 202
6307 7413 202
6310 11838 205
6311 7212 304
6313 16023 202
6315 6317 203
6316 6318 203
6319 6322 304
6320 7355 304
6321 7353 202
6323 6327 304
6325 6329 206
6326 7349 205
6328 6334 204
6330 7215 304
6331 14511 203
6332 14808 202
6333 7348 203
6335 13521 305
6339 17099 203
6340 15539 203
6341 16890 203
6342 17856 303
6345 9050 202
6346 6349 305
6347 9051 304
6354 6356 203
6355 14957 203
6358 7166 202
6359 11761 203
6367 12053 202
6369 16040 202
6372 7433 203
6373 7435 202
6376 7228 203
6377 12065 202
6380 6385 309
6381 16926 205
6382 9044 303
6386 6393 202
6388 6391 204
6390 12813 203
6394 12244 202
6396 6399 203
6398 6401 203
6400 15534 202
6402 15535 202
6403 6404 204
6405 6409 203
6408 8764 202
6411 12317 202
6412 12456 202
6413 8767 303
6414 13319 203
6415 15968 203
6416 16898 202
6417 6419 202
6418 17114 204
6420 12470 202
6423 16903 204
6424 6611 204
6425 7455 202
6427 12734 203
6428 17101 202
6429 15622 202
6432 6435 204
6437 17723 202
6438 6519 202
6442 7257 203
6450 6452 203
6453 6454 203
6463 7273 203
6466 15548 304
6467 7288 202
6468 7283 203
6469 7278 203
6472 12435 202
6473 7284 203
6474 15542 203
6475 7453 203
6476 7285 202
6477 6594 307
6478 14836 204
6479 7289 203
6480 15544 203
6481 7290 306
6482 7291 204
6485 15543 202
6492 14855 203
6496 13451 203
6498 13450 203
6501 16906 203
6503 15531 304
6504 7327 203
6505 9074 207
6506 7329 306
6507 16674 202
6508 6511 203
6509 7335 303
6514 6517 203
6516 6521 204
6522 12265 203
6523 6528 203
6529 6530 305
6531 7340 202
6532 6579 203
6533 7343 203
6535 14949 202
6536 17847 202
6537 7311 202
6540 7310 304
6541 9129 207
6545 7314 203
6548 6551 203
6553 14117 202
6554 12295 202
6555 16913 202
6556 13455 202
6557 12232 202
6560 16553 203
6565 13517 202
6568 14517 202
6570 16668 202
6571 18689 202
6572 14814 203
6574 14813 202
6578 12329 202
6580 7454 203
6584 12287 203
6586 7456 203
6588 7459 303
6589 6610 202
6597 12344 202
6598 14837 204
6602 17725 303
6603 10557 202
6609 7439 202
6613 15289 202
6616 17049 202
6617 13278 305
6619 11045 202
6620 6625 202
6621 11044 202
6627 11667 203
6630 11053 202
6633 17054 202
6637 11216 202
6640 6695 202
6641 11058 202
6642 18066 304
6643 14746 203
6646 11254 203
6650 11581 202
6652 11241 202
6654 15917 203
6657 15414 204
6658 6660 203
6659 15415 203
6663 11025 303
6666 6669 203
6668 6673 203
6672 6986 202
6685 12297 202
6686 15486 202
6689 9349 202
6690 11033 306
6691 11035 204
6698 11601 202
6699 11250 202
6702 7093 203
6703 15264 203
6704 16607 202
6709 18293 202
6712 7390 202
6713 7387 203
6715 11995 202
6719 13288 202
6722 15225 303
6723 17202 202
6725 7397 202
6726 6731 202
6729 15902 202
6730 7407 202
6735 7402 203
6740 7403 202
6742 6745 204
6744 17903 202
6746 7028 202
6747 7052 203
6748 16977 202
6749 17902 202
6750 11527 202
6751 7054 203
6752 18395 203
6756 7480 306
6758 6763 203
6760 15898 203
6761 7059 203
6764 15899 202
6768 6808 203
6769 7064 202
6770 11002 202
6772 6780 202
6779 6786 303
6782 11489 303
6783 6784 205
6787 6789 203
6790 7077 203
6791 11541 204
6793 16979 202
6799 13081 202
6800 11996 202
6810 6813 204
6814 11007 304
6816 7072 304
6818 12369 202
6819 13895 202
6824 7364 203
6825 14069 202
6829 7367 203
6830 14080 202
6831 7085 203
6840 13148 204
6842 7153 202
6843 6847 202
6845 17636 202
6846 17895 303
6848 6851 203
6849 15258 202
6853 17196 202
6854 11476 202
6865 16801 202
6866 18661 202
6867 6875 204
6870 7102 202
6871 15251 204
6872 6879 305
6874 14733 304
6878 16888 304
6886 6889 205
6887 12387 202
6893 16281 203
6894 7360 202
6895 6896 205
6898 16280 202
6901 7358 202
6902 15890 202
6903 16277 202
6906 13496 203
6907 11567 306
6908 6911 202
6912 13160 202
6922 17191 202
6927 6929 203
6928 13981 303
6932 16617 202
6933 11029 205
6936 11615 305
6937 7118 206
6944 6946 203
6947 12385 202
6948 14739 202
6949 7121 202
6950 16332 202
6951 12384 203
6955 11563 204
6959 6960 206
6961 15247 205
6965 12398 204
6969 7381 202
6970 16974 202
6972 6980 303
6973 12399 204
6974 16975 202
6975 6978 204
6981 6985 204
6987 11570 303
6993 16880 303
6996 12397 202
6997 11287 202
7003 17862 304
7005 11722 202
7008 7013 204
7014 13899 202
7020 15861 202
7023 17182 202
7024 15942 202
7026 7055 203
7027 17865 202
7032 15926 202
7036 11997 204
7037 17883 202
7040 7140 202
7041 7042 203
7047 11479 204
7053 16292 203
7056 15895 203
7066 11948 202
7073 13470 303
7078 14715 202
7080 13903 202
7082 11271 202
7084 7087 203
7086 11012 202
7088 13480 202
7092 15221 202
7097 7098 303
7106 18811 202
7107 14533 202
7108 11186 202
7109 11262 202
7112 18084 204
7124 7469 202
7125 16302 202
7126 11596 202
7130 11244 202
7131 7143 202
7135 12363 203
7138 17918 202
7141 11999 202
7150 14420 202
7152 18806 202
7154 13464 202
7155 18392 202
7156 13277 202
7157 11209 202
7158 7163 204
7161 12439 202
7168 9336 303
7169 17310 202
7174 8787 202
7175 7432 202
7196 13516 303
7197 14554 202
7206 7210 205
7211 7213 307
7214 7412 303
7218 18172 303
7219 9040 303
7220 16509 204
7221 7222 204
7223 14943 202
7229 16376 202
7230 7235 304
7231 7267 303
7232 12940 306
7233 7425 306
7240 12277 202
7242 17233 202
7244 16899 202
7245 18253 202
7247 14168 202
7250 7254 204
7255 9213 202
7259 12293 202
7260 14846 203
7262 7266 203
7264 10473 203
7265 13317 203
7272 12429 203
7275 7279 202
7277 15549 202
7281 7286 202
7287 15545 203
7293 7299 203
7294 13836 303
7298 7436 202
7303 7306 204
7304 9014 203
7305 10559 205
7308 13327 202
7309 14831 203
7316 7319 202
7317 17841 202
7318 12486 202
7324 7328 203
7326 7330 205
7331 7332 203
7336 7338 203
7339 15625 202
7341 15603 202
7342 16901 202
7347 16914 202
7352 16915 202
7359 17180 202
7362 13499 203
7370 11954 202
7378 7380 203
7379 17057 203
7388 7393 202
7392 15220 202
7396 7473 202
7414 13718 202
7415 14635 202
7416 14817 202
7421 13527 203
7424 12449 202
7428 15621 203
7429 7443 202
7430 15558 305
7437 12759 202
7438 14518 203
7440 7442 202
7449 15614 202
7450 14457 202
7452 7458 202
7457 14456 202
7471 12001 202
7478 11715 203
7481 15897 303
7482 9340 203
7485 16017 204
7486 7543 304
7487 15160 306
7488 7538 203
7489 15645 202
7490 14468 203
7491 12520 305
7492 12563 202
7493 7558 203
7500 9483 303
7501 9488 202
7505 16555 202
7507 7639 205
7508 16353 203
7510 7613 203
7511 7762 304
7513 9576 304
7514 8037 304
7515 17168 202
7526 8052 202
7527 12525 203
7529 14121 202
7530 15772 203
7531 8053 202
7537 16918 202
7544 9446 204
7546 15827 202
7548 7553 203
7549 7776 202
7550 9447 203
7554 14789 202
7555 7557 203
7556 8022 202
7560 8238 202
7562 15647 202
7563 7733 203
7564 7734 202
7567 13554 202
7583 13566 202
7584 16678 202
7585 8195 203
7587 7755 203
7588 8197 202
7589 14131 202
7591 7593 304
7592 15786 202
7594 8296 202
7595 8198 305
7606 13547 202
7608 7759 204
7609 14561 202
7610 9515 202
7611 7763 303
7612 8221 202
7614 7616 310
7615 15355 305
7618 9575 203
7619 16583 202
7622 8233 202
7624 7628 202
7626 8039 202
7627 8229 202
7633 8212 202
7636 7860 306
7638 16085 202
7640 8218 202
7641 7858 303
7642 16084 202
7644 7647 204
7645 16569 202
7648 7650 203
7651 17172 202
7654 16570 303
7661 9359 202
7662 7664 203
7663 14032 203
7671 9539 202
7680 8069 202
7689 7690 202
7692 13561 203
7693 7796 202
7694 7788 304
7695 17246 202
7697 12823 202
7699 7789 303
7700 7702 204
7701 16584 202
7703 7708 203
7704 7711 204
7706 16917 202
7707 9529 203
7709 16490 202
7710 9532 202
7712 14917 204
7713 16491 202
7719 16568 202
7720 8315 304
7721 15100 204
7724 14158 202
7728 18831 202
7729 12544 303
7730 15512 203
7731 14792 306
7739 9562 202
7740 16687 202
7752 9417 202
7753 7966 202
7754 16052 202
7758 7764 202
7768 18206 202
7769 12127 203
7775 14946 202
7779 9415 202
7780 8313 202
7790 18214 202
7812 7997 303
7813 8003 304
7814 16826 202
7815 7999 202
7821 12141 203
7822 7824 203
7826 14893 203
7828 16482 202
7829 9390 202
7832 12580 202
7833 12110 202
7835 16858 202
7838 8074 203
7839 8199 202
7840 7842 309
7841 7986 202
7844 7847 204
7845 8075 202
7846 9481 202
7849 9480 202
7852 7854 203
7856 7862 303
7867 7870 202
7876 9356 205
7878 15515 202
7880 9363 203
7881 9368 203
7888 14888 204
7889 16498 202
7890 8982 207
7892 7895 202
7897 14892 202
7898 7903 203
7902 9397 304
7905 12117 202
7906 7909 203
7907 9405 202
7910 9406 202
7913 8106 204
7920 7922 202
7925 16495 202
7926 17103 202
7927 16494 202
7928 8241 202
7929 7931 204
7930 7932 305
7933 14863 202
7935 9453 202
7942 7944 204
7955 7956 203
7958 8115 203
7965 16505 202
7969 13568 202
7972 9429 202
7973 7975 205
7974 9430 202
7981 15583 202
7984 14875 202
7991 14934 203
7992 17116 202
7994 16925 202
7996 12527 203
8000 17236 202
8001 12578 202
8002 16368 203
8006 18830 202
8007 8073 203
8011 13734 303
8013 13735 202
8014 12547 202
8017 11755 203
8019 14123 202
8021 15642 203
8023 14788 203
8024 8202 303
8025 9506 202
8026 8301 202
8027 8109 202
8028 8030 204
8035 8113 202
8036 13938 202
8042 8228 203
8043 9577 203
8046 9521 203
8048 8089 204
8058 14838 203
8070 18135 202
8091 8093 204
8095 9555 202
8102 9382 202
8114 9578 202
8117 9583 202
8119 9584 203
8130 9395 202
8132 12608 303
8133 8967 202
8135 14984 203
8138 10518 303
8140 10373 206
8141 10378 304
8142 8838 203
8144 12039 202
8145 10044 202
8146 8527 203
8147 8520 203
8149 11296 202
8151 8522 202
8152 12746 202
8154 8722 202
8155 8509 203
8156 8515 202
8158 8161 204
8159 8759 202
8160 8474 203
8162 8164 203
8163 8476 303
8166 15662 202
8168 8751 204
8169 8464 309
8173 10443 202
8175 8176 203
8178 10442 202
8181 8184 304
8182 13430 202
8186 8813 203
8187 8538 204
8188 18365 202
8189 15675 203
8191 11291 203
8193 15745 202
8196 8297 202
8203 13628 304
8209 15789 303
8210 15096 202
8211 8213 203
8216 15773 204
8217 8309 306
8220 15354 202
8222 13571 303
8223 12567 203
8226 8232 202
8227 9412 202
8231 13548 202
8235 15797 202
8237 16579 202
8242 16001 303
8243 8245 204
8244 11365 204
8246 8892 202
8248 8252 204
8250 11409 203
8253 8255 306
8254 8641 203
8257 8640 303
8262 8264 204
8263 15945 203
8266 11424 203
8271 13812 202
8272 14596 202
8273 9269 203
8274 8281 203
8275 11427 202
8276 8704 202
8277 11429 202
8278 8868 202
8279 10144 202
8280 11464 202
8284 17458 304
8286 11356 304
8287 8715 203
8289 15299 204
8291 11399 303
8292 10079 203
8293 11397 202
8298 15090 204
8306 17555 303
8307 9445 202
8308 14365 202
8317 12584 203
8324 12592 203
8325 9162 202
8327 12179 203
8329 14636 203
8330 9183 202
8331 9097 202
8334 9188 202
8344 8347 202
8351 8973 303
8352 14991 203
8354 17936 202
8355 12691 203
8356 8957 203
8360 16734 202
8362 14152 202
8363 16735 202
8365 17933 303
8366 8369 205
8368 8946 304
8370 17010 202
8372 8379 203
8373 16224 202
8374 8745 202
8376 8746 205
8377 18028 203
8380 13098 203
8381 18029 202
8384 13648 202
8386 14724 202
8387 16417 202
8390 8695 205
8391 8697 305
8393 12587 202
8404 8634 306
8406 12597 203
8408 8680 202
8409 8582 203
8414 12775 202
8415 9246 204
8416 9249 202
8421 15201 203
8423 12599 203
8431 16366 202
8433 9351 203
8435 8436 204
8438 15480 202
8440 14955 202
8450 16377 203
8453 17309 202
8459 17106 202
8460 16225 202
8461 8750 202
8466 15665 202
8467 10285 303
8468 12634 203
8470 11303 202
8471 8475 203
8477 10234 203
8482 16944 202
8485 8486 203
8488 11315 202
8489 16945 203
8491 8493 203
8492 8496 204
8497 10189 305
8498 11309 202
8500 14346 202
8505 8506 203
8507 9025 203
8512 9022 204
8513 18740 203
8514 12671 202
8517 17133 202
8518 11300 202
8519 17132 202
8521 15670 202
8526 8529 203
8528 12744 202
8530 15672 203
8531 11290 204
8533 11293 202
8534 15674 203
8536 16543 202
8539 12588 305
8540 10020 204
8542 16542 306
8543 13636 306
8545 12659 202
8547 17470 303
8550 15680 202
8551 11318 202
8552 11326 202
8553 11321 202
8554 16523 202
8555 16521 203
8556 10023 203
8557 12656 202
8558 8625 203
8559 8934 304
8560 11411 303
8564 10060 304
8565 11402 305
8566 11336 203
8569 10028 305
8576 17993 202
8577 11355 202
8578 14176 203
8579 17223 203
8580 11358 203
8583 12898 202
8588 13649 202
8592 11369 202
8593 8595 204
8594 8597 202
8598 10116 204
8603 13091 202
8604 15948 203
8608 11382 304
8610 11388 203
8614 8620 204
8615 10082 202
8621 11396 203
8624 8627 304
8628 13660 202
8630 11442 203
8631 10069 304
8636 17687 203
8637 8638 203
8642 8645 203
8643 11410 203
8644 8647 203
8648 11413 202
8649 17219 202
8651 12665 202
8652 12662 203
8653 13817 202
8654 9117 202
8658 8713 202
8659 12677 202
8662 8665 202
8664 8666 204
8667 11431 304
8670 18165 202
8671 15996 304
8672 17229 202
8673 12646 203
8674 8679 203
8675 17228 202
8676 18923 202
8677 11343 305
8678 8683 203
8681 13997 202
8684 16629 203
8685 8688 305
8686 14615 202
8687 11350 203
8689 15298 303
8690 13650 202
8691 8694 203
8700 8870 303
8701 10244 202
8702 8707 202
8703 8728 202
8706 8709 203
8710 14277 202
8711 14608 203
8714 11436 202
8716 10058 303
8720 11450 202
8725 13651 202
8726 17317 202
8729 11434 203
8730 10271 202
8731 13653 202
8732 16653 202
8733 11469 203
8739 15323 203
8740 10151 204
8741 16658 203
8742 14173 202
8747 10007 204
8754 15071 202
8757 8882 202
8762 16257 202
8765 8766 307
8768 17979 202
8769 12619 203
8772 13612 202
8773 8778 204
8776 12728 304
8779 12731 204
8780 12762 202
8781 8782 304
8789 8793 204
8801 10441 303
8804 10415 203
8808 12704 202
8809 12920 202
8812 8816 203
8820 12699 202
8821 13429 202
8823 8824 204
8825 14996 203
8827 16738 202
8828 8833 202
8830 14997 206
8831 10523 205
8835 8837 204
8836 10382 202
8839 14964 203
8840 8843 203
8841 10375 202
8842 8962 202
8844 14985 203
8845 10519 202
8847 8966 203
8849 14192 202
8850 14988 202
8858 13241 202
8860 16143 202
8866 10228 203
8869 10231 203
8871 10040 202
8876 16004 203
8883 11461 206
8884 10247 303
8885 14197 202
8887 8888 203
8889 10055 202
8896 13602 203
8898 14161 202
8903 10107 204
8904 8907 205
8905 10102 203
8906 10109 202
8908 10108 202
8911 16635 204
8912 15332 204
8914 10101 208
8916 10100 202
8917 13795 202
8919 10218 203
8922 9173 203
8929 17066 202
8930 12651 202
8935 16660 202
8940 13681 202
8941 10493 202
8947 10397 202
8954 17362 202
8955 12572 202
8970 16132 204
8971 16135 203
8974 8976 203
8978 8980 203
8983 13666 202
8984 16702 203
8986 10547 202
8989 12908 202
8990 8993 203
8994 13633 203
9000 10410 202
9005 16481 202
9006 12756 303
9009 9010 204
9011 10836 303
9013 18027 202
9015 13700 202
9017 10554 203
9023 12748 203
9032 16385 202
9033 14676 202
9048 18019 202
9049 9311 202
9071 13641 204
9080 9119 307
9081 16242 203
9084 9149 203
9086 9182 304
9087 13246 202
9088 15151 203
9108 13723 203
9122 9191 303
9123 15203 203
9126 15202 202
9128 9198 202
9141 16649 202
9143 15150 203
9144 15840 203
9145 16361 202
9147 14631 202
9154 15130 204
9155 14637 203
9158 12593 202
9163 15843 202
9179 9181 202
9199 12487 202
9201 18803 202
9216 11839 204
9221 15496 202
9224 14210 203
9225 15497 203
9226 12064 202
9228 9231 203
9238 9244 304
9240 9284 203
9245 9247 204
9248 14221 202
9250 9314 202
9253 16574 202
9256 15212 202
9257 16834 202
9262 9345 304
9263 16864 202
9266 15484 203
9273 9348 204
9275 9277 205
9276 9278 205
9279 17063 204
9280 12817 203
9282 17308 202
9283 16838 202
9287 18184 202
9290 12812 202
9299 9300 202
9302 9304 306
9305 15460 203
9306 13611 202
9310 11825 202
9312 14642 202
9315 13607 304
9317 13066 203
9328 17558 202
9329 13713 202
9331 12799 202
9334 13702 202
9335 12819 202
9352 17559 202
9355 14798 202
9366 9371 202
9375 9377 203
9380 9556 202
9385 9389 204
9386 14651 202
9387 14890 204
9392 9561 303
9396 9399 305
9400 9403 203
9401 14895 203
9402 9564 202
9407 14233 202
9409 17230 202
9413 9414 203
9416 16029 202
9419 9582 203
9423 9426 204
9427 9545 203
9432 9437 202
9433 9544 202
9444 11765 202
9452 15646 202
9456 9459 203
9457 14862 203
9458 9466 202
9484 9543 202
9485 9486 304
9507 9567 202
9508 14132 203
9511 13744 202
9513 9569 202
9514 9568 202
9524 12820 202
9525 9549 204
9526 18211 202
9527 15509 203
9528 16488 203
9533 16487 202
9536 11898 202
9541 15775 202
9548 15508 203
9579 14912 203
9589 9591 203
9593 10867 202
9594 9597 206
9595 16947 203
9596 9601 204
9598 9613 202
9600 10744 202
9602 14777 202
9603 14779 202
9605 10745 203
9606 10742 202
9607 9619 202
9608 15648 203
9609 9616 202
9610 15692 203
9612 15689 202
9617 11848 202
9621 9623 202
9624 15754 202
9626 13845 205
9627 10976 203
9628 9851 305
9629 17016 202
9631 10851 202
9634 10772 203
9635 17271 203
9636 18284 202
9637 17869 304
9638 16203 202
9640 10842 204
9647 14972 203
9649 9653 203
9651 15707 202
9655 9656 204
9657 17145 202
9658 16178 202
9659 9805 203
9661 10962 202
9662 9664 205
9663 9815 203
9665 9819 202
9667 9817 303
9668 10955 304
9672 10830 202
9673 9820 204
9674 9822 203
9675 9676 202
9678 15029 202
9680 16177 304
9684 9687 204
9688 10911 202
9689 9907 202
9691 9910 204
9695 9697 306
9699 9917 202
9700 9919 202
9701 9922 203
9702 10896 204
9703 10902 202
9704 10897 202
9709 10606 202
9714 9942 204
9716 15722 202
9717 9945 304
9718 13211 202
9719 10787 202
9720 10786 307
9721 9949 204
9722 10789 202
9723 10785 202
9727 9957 204
9728 16162 202
9729 9959 203
9730 9733 203
9731 9964 202
9732 9736 204
9737 14314 203
9738 9976 203
9739 16935 202
9741 9743 204
9744 16515 202
9750 17131 203
9752 13758 203
9753 9754 204
9755 9988 304
9756 13761 303
9757 18042 202
9758 9873 202
9762 10753 202
9764 13035 202
9766 9845 203
9767 9842 204
9768 12840 202
9770 12851 203
9771 9780 304
9772 13768 202
9773 9779 303
9776 12849 303
9777 12964 303
9782 10874 202
9783 13779 303
9801 15019 202
9802 15018 202
9803 10969 202
9804 10967 202
9806 9814 202
9807 10966 202
9808 9811 204
9810 9816 203
9812 10965 202
9813 10833 203
9818 10954 202
9821 10957 303
9823 10953 204
9824 15022 303
9825 10952 204
9832 10823 204
9833 10774 203
9834 16173 202
9840 9914 202
9841 10812 204
9844 9846 204
9847 10817 202
9848 10602 203
9849 16183 203
9853 10771 303
9855 12858 203
9857 10612 202
9859 9860 203
9861 9863 203
9866 17266 202
9867 11804 202
9875 9998 203
9876 16184 203
9877 13765 202
9878 16742 202
9879 10983 303
9880 16185 202
9881 18048 202
9887 10000 202
9889 16218 203
9890 10986 202
9892 10666 202
9894 10992 202
9895 10995 202
9898 18232 202
9899 10990 202
9901 10673 202
9902 18863 202
9903 9930 304
9905 10671 203
9909 10905 304
9911 9913 203
9915 10668 202
9921 13008 204
9923 10806 304
9924 10900 203
9925 14684 202
9926 10804 203
9927 10611 202
9928 18862 202
9929 18732 202
9931 9934 305
9932 10607 202
9933 10800 303
9935 14261 204
9936 10794 204
9941 9943 204
9944 17803 303
9946 14253 202
9947 12864 203
9948 9950 203
9952 12870 202
9953 10880 303
9954 15057 203
9955 14259 202
9958 10883 202
9960 15056 203
9962 9965 203
9970 10843 202
9971 9974 204
9975 13754 202
9977 16755 203
9978 16754 202
9980 14242 202
9982 9984 205
9985 15067 203
9986 13759 202
9989 12868 303
9993 10675 203
9995 16748 203
9996 13041 202
10001 10002 306
10006 10979 202
10013 11771 303
10014 10016 204
10015 10878 304
10018 18785 203
10022 12882 202
10024 10164 202
10025 12635 203
10026 12877 203
10027 12097 202
10029 13600 202
10030 15949 203
10031 10120 203
10032 16656 305
10034 11360 202
10035 14677 202
10037 14673 203
10038 16630 202
10039 10219 202
10047 12885 202
10048 15341 203
10051 15340 203
10066 10317 203
10067 17686 202
10071 10072 203
10075 10078 204
10080 10087 202
10081 14750 203
10094 10097 203
10104 13794 202
10105 10325 305
10112 10114 202
10117 13601 203
10118 15975 202
10126 15296 202
10130 12754 203
10131 10133 203
10134 10307 202
10137 10309 202
10139 11324 202
10141 10361 205
10142 10360 202
10143 10150 202
10146 10367 204
10147 18898 202
10156 10159 204
10161 10278 203
10162 10276 202
10163 10169 202
10166 10283 205
10167 10172 202
10171 13663 303
10173 10174 203
10175 10179 204
10176 17462 203
10177 17703 203
10178 15992 202
10183 10238 203
10187 10350 303
10188 10193 203
10192 10196 204
10197 10198 205
10199 10202 205
10201 10204 203
10203 10354 202
10208 10355 202
10209 10211 202
10216 12643 202
10222 17921 203
10223 10356 205
10224 13805 202
10229 10358 203
10235 12055 203
10236 14674 202
10239 13314 202
10240 12886 202
10245 17313 202
10246 16633 202
10248 10336 202
10255 10261 202
10260 10342 203
10262 17457 202
10264 10279 203
10266 10341 202
10267 10312 202
10270 10343 204
10272 13811 202
10289 13315 303
10302 10305 203
10308 15345 202
10313 14950 202
10321 15979 202
10326 16416 304
10327 10329 204
10328 17955 202
10330 13697 203
10331 16414 202
10346 13801 202
10353 12892 203
10364 13095 202
10374 10377 305
10376 10520 202
10379 13838 202
10380 10383 205
10381 10521 204
10385 13238 202
10390 18809 202
10391 10527 204
10393 10534 204
10396 10539 204
10399 10537 304
10402 10599 203
10404 14998 203
10411 15004 203
10413 10414 203
10420 10424 204
10425 10429 202
10427 10469 203
10433 10513 204
10438 16725 202
10440 13630 303
10444 10455 203
10446 15553 202
10454 10459 203
10461 10463 203
10462 10464 203
10466 12617 207
10467 17978 204
10472 17731 203
10477 12944 202
10483 12442 203
10486 10491 203
10492 14948 304
10497 12733 202
10505 15005 202
10508 10663 202
10509 17930 202
10512 10515 202
10516 13428 202
10517 13631 203
10528 14594 202
10535 10536 203
10538 10543 203
10542 10548 202
10549 10551 203
10550 12687 202
10552 12911 203
10553 13583 303
10555 12931 202
10556 12934 202
10564 10644 202
10569 17141 203
10572 10926 203
10575 15851 204
10578 12197 202
10579 10664 304
10595 10639 203
10598 18127 202
10600 10603 203
10601 16513 202
10604 11845 203
10605 15033 203
10610 10808 205
10615 10678 202
10618 10936 303
10620 10670 202
10621 10822 205
10622 10825 203
10623 10624 304
10626 16186 202
10633 15850 203
10634 13586 202
10635 14622 202
10637 11927 203
10638 16723 202
10649 10700 202
10654 11897 202
10655 11870 202
10657 17256 202
10659 16110 203
10665 18298 202
10672 16209 202
10674 18734 202
10676 10930 303
10677 10934 202
10679 11788 202
10680 10974 202
10681 11844 202
10685 10964 203
10687 10831 303
10693 13003 202
10696 13869 202
10698 10703 203
10704 17023 202
10716 13249 202
10717 13640 202
10729 13854 202
10734 11882 202
10735 16447 203
10738 10740 204
10739 15695 202
10741 16534 202
10750 15691 202
10752 14234 202
10754 13026 203
10755 10759 203
10758 14328 202
10760 13358 202
10770 11791 303
10773 16525 303
10775 10948 203
10776 15061 202
10777 18378 202
10781 10782 203
10784 16518 303
10792 18231 202
10793 10891 202
10805 10898 203
10809 13009 202
10811 15039 204
10813 15038 202
10829 10951 202
10837 13668 202
10841 10933 202
10844 16204 202
10846 16206 202
10847 12861 203
10850 10853 204
10852 15032 202
10854 17908 202
10855 17492 203
10858 12151 202
10859 18059 303
10860 13046 204
10861 15030 202
10862 13847 202
10864 14778 203
10865 15693 204
10868 14689 304
10871 10879 203
10873 13010 202
10876 14688 303
10881 14316 203
10884 12871 202
10888 13018 202
10889 11780 202
10903 13032 203
10904 13033 202
10917 18735 202
10924 10927 203
10932 16207 202
10938 13028 202
10942 10945 304
10949 10950 204
10956 10959 203
10958 10963 303
10971 17270 202
10972 18058 202
10973 15698 202
10977 15699 203
10978 13038 202
10980 11770 202
10981 16197 304
10982 13767 303
10989 16219 203
10993 13030 202
11001 16972 202
11003 15918 203
11004 17190 202
11005 11040 204
11006 16961 203
11009 13894 202
11011 13440 203
11023 16821 202
11024 14718 203
11026 11652 304
11031 11655 202
11034 17051 202
11036 17048 202
11041 11661 202
11042 12401 202
11052 11705 203
11054 11616 202
11056 16327 202
11057 11217 202
11060 11064 203
11065 11068 202
11069 11071 202
11070 15432 204
11072 15433 203
11073 11224 202
11076 11632 204
11080 11082 203
11083 15453 203
11092 13494 203
11095 11096 204
11097 11726 202
11100 13161 202
11101 11586 203
11103 11107 204
11109 16457 202
11111 11259 205
11112 11611 202
11116 11121 205
11124 12326 304
11125 11128 202
11131 11686 303
11132 16253 202
11134 11137 204
11135 17052 202
11136 11672 204
11138 12377 202
11142 11146 207
11145 11679 306
11147 11681 205
11154 11495 304
11155 15450 203
11158 11503 202
11160 13132 203
11164 15919 202
11165 15259 203
11166 15406 202
11170 16469 203
11192 16308 202
11193 11551 203
11196 13281 202
11197 18218 202
11199 11276 205
11200 11965 202
11202 11554 202
11203 16306 203
11210 16345 202
11215 11544 202
11229 11232 203
11230 13052 202
11231 11741 202
11233 11698 202
11238 14710 203
11239 17325 202
11245 13881 202
11248 11606 203
11251 11252 305
11253 11257 205
11255 11258 203
11256 11605 204
11264 11533 202
11274 16319 202
11277 15417 204
11284 11286 203
11285 13489 202
11292 11295 203
11294 11297 202
11298 12670 202
11301 15671 203
11305 11307 204
11306 15072 203
11311 11316 202
11314 11455 203
11317 11459 202
11319 17466 202
11320 12681 202
11322 16520 202
11323 13114 203
11325 16928 202
11327 12661 203
11328 16850 202
11329 13342 202
11332 13115 202
11333 14726 202
11340 15977 202
11341 12070 202
11342 17224 203
11344 16665 203
11345 13821 203
11346 18239 202
11349 11353 202
11354 15956 203
11357 16256 202
11359 13110 202
11383 16647 202
11385 14728 202
11386 14729 202
11389 11391 205
11398 18916 202
11408 16988 203
11418 13105 202
11423 13104 202
11430 15402 202
11438 17994 202
11460 15664 202
11468 14952 203
11477 11484 202
11480 11549 306
11481 18355 202
11483 11548 202
11486 13135 202
11493 11496 203
11497 18791 202
11500 13898 204
11501 11535 203
11506 11536 202
11525 15896 202
11530 16812 202
11531 13072 202
11534 11555 202
11538 11540 304
11545 11546 203
11552 13468 303
11553 18219 202
11558 13153 202
11560 13152 202
11561 15270 204
11562 18169 203
11564 11689 305
11565 16251 202
11566 16276 202
11571 18709 202
11573 11574 204
11575 17056 202
11584 11729 202
11589 11590 204
11591 11730 202
11592 11986 202
11597 14504 202
11599 11600 204
11602 11607 303
11604 16333 204
11613 16331 203
11614 16330 303
11617 14553 202
11622 11626 203
11623 16311 202
11625 11630 202
11628 11633 205
11629 13904 202
11640 12346 203
11647 11718 203
11648 15413 204
11649 11653 203
11654 11657 203
11656 15288 204
11662 11665 203
11664 11669 203
11670 11674 202
11671 11703 203
11678 11683 202
11684 13154 204
11685 11687 202
11688 13156 203
11695 11697 206
11702 11742 203
11706 13436 203
11758 12357 202
11762 13187 303
11763 13717 303
11764 15644 202
11772 12156 202
11775 18109 202
11776 13923 202
11777 11778 203
11787 13195 202
11790 17870 303
11796 18052 202
11797 18281 202
11798 17917 202
11810 13926 203
11822 13715 304
11824 12805 202
11828 15618 203
11829 12794 202
11840 11855 202
11846 17652 202
11849 17915 202
11850 18069 202
11851 17914 202
11858 18175 202
11863 12159 202
11864 11892 202
11866 12199 202
11867 11894 202
11871 13216 202
11876 15138 202
11888 15737 202
11890 15729 203
11891 15732 202
11899 12994 202
11902 12204 203
11903 14150 202
11911 11912 203
11913 14378 202
11919 16155 202
11928 16151 202
11939 18398 202
11945 13974 202
11947 16613 202
11962 14087 202
11964 18291 202
11966 18402 202
11987 14506 202
11994 12458 203
11998 15265 202
12000 16300 202
12006 14262 303
12007 13819 203
12009 12036 202
12010 15782 202
12013 12352 303
12014 12077 202
12016 12355 202
12017 12076 203
12018 16245 202
12019 12493 303
12026 15563 203
12038 12876 204
12046 12753 202
12054 17137 304
12067 12310 202
12072 13321 202
12074 12408 202
12078 12356 204
12079 17531 202
12091 14441 203
12105 17992 202
12121 16830 303
12123 12583 202
12125 13384 202
12126 17379 202
12140 15358 202
12143 14480 203
12148 18280 202
12149 14474 202
12160 12200 303
12166 12605 202
12172 13416 202
12178 16949 202
12188 12969 203
12202 12709 202
12203 18130 202
12206 14993 308
12216 12218 202
12221 14623 202
12223 18347 202
12233 12337 304
12236 14432 202
12246 12322 303
12247 12301 305
12250 17855 203
12251 17829 306
12253 14515 202
12254 13178 202
12255 18102 202
12259 12260 203
12263 12441 202
12267 14849 203
12268 12316 202
12282 12354 202
12285 12315 202
12291 13320 202
12292 12474 202
12303 12321 202
12304 12452 311
12305 13462 307
12308 12313 202
12311 14514 203
12312 12482 202
12318 12320 203
12327 16303 202
12331 15626 202
12336 12338 204
12349 18279 202
12351 13454 202
12362 17880 202
12365 13491 305
12366 14529 202
12370 13485 202
12374 12376 203
12389 16470 202
12391 18387 202
12395 13487 202
12403 15901 202
12406 15416 203
12407 14537 202
12411 14433 202
12414 12491 202
12417 12490 202
12418 12421 202
12420 14107 202
12430 17859 202
12438 12454 202
12443 15579 202
12445 15521 202
12448 14850 203
12453 12455 203
12459 15866 202
12471 14626 202
12483 12510 202
12489 15806 202
12516 16301 203
12519 13549 202
12521 15829 202
12533 13592 202
12537 13567 203
12546 13749 202
12565 13573 202
12566 15632 202
12569 18089 202
12579 12581 202
12585 13623 202
12589 16541 203
12604 13411 203
12614 12616 207
12625 17997 202
12638 14208 203
12640 16912 202
12641 14063 203
12644 13088 202
12647 18921 202
12648 15997 203
12650 13658 202
12654 12743 202
12655 14606 202
12658 15747 203
12660 18839 202
12667 13661 202
12679 16406 202
12690 18311 202
12692 12909 304
12693 12694 203
12698 13632 202
12705 14193 202
12711 17932 202
12718 16704 202
12732 13677 202
12735 12955 202
12740 12927 202
12757 17973 202
12779 14162 202
12782 13620 202
12786 16371 202
12788 12791 203
12789 18351 202
12795 18795 202
12796 13710 303
12800 13705 303
12801 13577 202
12802 18021 202
12804 13170 202
12808 18018 202
12809 13578 202
12816 16383 203
12826 14645 202
12848 13025 202
12850 12967 202
12860 16753 202
12869 13049 202
12878 17954 202
12879 18140 202
12880 13333 203
12881 13806 202
12883 18160 202
12900 12919 202
12903 18764 203
12914 18310 202
12926 12950 203
12930 16248 203
12932 17971 202
12947 12949 204
12965 13020 202
12966 16591 202
12985 13848 202
12986 12988 203
12987 14319 202
12989 14692 203
13002 18879 202
13014 16208 202
13057 13437 202
13059 15882 202
13061 16807 202
13062 13144 202
13063 13064 203
13067 17198 303
13082 13145 202
13083 13121 202
13084 13086 203
13085 13139 202
13094 17467 203
13099 18092 202
13120 18038 202
13122 15920 204
13123 15923 203
13134 18011 202
13146 16305 202
13149 14352 202
13169 14060 202
13174 13176 202
13177 13520 305
13193 13924 202
13264 16046 202
13265 14589 202
13272 14399 203
13284 13486 202
13289 14421 203
13291 15893 202
13311 13802 202
13322 13448 202
13332 13816 203
13337 13807 202
13347 13353 202
13348 13998 202
13352 14001 203
13393 14035 202
13395 13397 202
13396 13853 202
13401 18602 202
13402 13407 303
13410 13431 202
13420 15793 202
13423 13969 202
13434 13948 303
13435 14304 202
13461 13463 202
13465 15431 202
13481 17188 203
13490 16798 204
13497 15916 202
13503 17919 202
13506 18403 202
13507 14086 202
13508 13510 202
13515 14530 202
13522 18251 202
13523 18252 202
13524 14811 203
13525 14812 204
13533 16971 202
13538 14559 202
13539 17825 202
13560 16586 304
13563 13736 202
13572 15634 202
13576 14163 203
13579 13707 202
13584 14287 203
13587 13589 202
13588 14288 202
13593 18227 202
13596 15111 202
13597 14794 203
13606 13608 202
13609 15461 202
13617 18030 202
13619 16867 202
13626 16581 202
13637 17815 202
13644 14140 203
13669 14616 202
13673 15303 205
13676 16902 304
13692 15981 203
13696 17068 202
13706 14209 202
13711 18023 203
13716 17827 203
13720 14810 202
13721 18182 203
13724 18032 204
13725 15724 203
13737 16563 202
13738 13740 202
13739 14485 303
13748 14793 203
13760 13763 202
13769 14247 202
13773 13870 202
13778 13876 202
13785 14251 202
13791 14312 202
13798 18671 203
13799 13813 202
13814 14671 202
13815 14669 202
13822 16666 305
13823 14273 202
13830 14289 202
13837 15611 303
13841 13842 204
13844 15755 203
13846 15694 204
13949 15395 203
13950 14393 304
13964 17363 203
13965 18763 202
13970 16547 202
13975 18399 202
13996 14003 202
14007 14102 202
14031 17653 202
14088 15443 202
14089 16819 202
14095 14847 202
14114 18688 202
14115 15619 202
14122 14857 203
14142 17225 202
14143 14144 202
14159 16090 202
14167 14825 203
14171 17722 202
14194 18007 202
14223 15820 202
14252 14657 202
14256 18736 202
14263 14614 202
14305 14497 202
14354 17882 202
14355 16285 203
14452 14753 203
14460 15569 303
14461 14543 203
14478 16562 202
14479 17238 202
14482 15513 304
14483 15106 305
14484 17121 202
14486 14989 202
14496 17282 202
14521 15905 202
14542 14545 202
14610 16847 202
14649 17105 202
14670 14672 203
14698 14705 202
14701 14708 202
14732 16601 202
14752 14757 202
14756 14759 202
14774 15649 204
14787 15499 202
14809 15617 202
14843 17095 202
14854 15610 203
14856 14947 202
14904 18860 202
14910 15505 202
14913 16500 204
14951 14953 203
14954 14956 203
14958 16927 203
14967 15739 304
15001 16149 202
15023 16758 202
15066 16744 202
15079 16091 202
15104 15181 203
15109 15113 203
15116 15780 203
15117 16565 203
15120 15792 202
15128 16070 202
15152 16093 202
15180 17104 202
15192 15195 203
15194 15823 204
15226 15939 303
15227 17879 202
15245 16273 303
15271 18168 203
15272 15274 203
15280 15282 203
15283 15284 203
15285 17178 202
15293 16453 202
15294 16643 202
15339 15985 202
15365 17005 202
15394 16771 202
15407 16468 202
15440 15442 306
15473 15477 202
15501 15503 203
15502 16486 202
15504 16489 202
15529 15616 202
15568 17115 204
15570 15640 202
15597 16483 202
15602 15615 303
15623 16677 202
15627 18004 202
15633 15637 203
15638 17554 202
15677 17134 203
15690 16946 202
15738 16546 202
15746 16929 203
15761 16514 202
15779 16956 203
15784 15807 203
15785 17831 202
15810 15817 202
15818 15821 203
15849 16578 202
15878 16462 202
15881 15883 203
15892 15930 202
15929 15931 202
15960 16632 202
15966 16006 202
15987 17459 202
16022 18101 202
16099 17346 203
16118 17798 202
16125 16234 303
16196 16747 202
16202 16211 202
16205 17268 202
16232 16778 202
16239 16241 205
16243 16247 203
16249 17724 203
16252 16254 202
16272 17044 202
16297 17035 202
16397 17959 202
16420 17072 202
16421 18159 202
16428 16767 202
16454 16600 202
16455 16873 202
16460 16471 303
16538 17626 202
16540 18883 202
16626 16976 202
16631 18670 202
16667 16981 203
16703 17259 202
16705 17924 202
16770 16790 202
16773 16776 202
16827 17778 202
16856 17779 202
16876 16889 203
16879 17770 202
16884 16886 202
16887 17771 202
16896 16909 203
16897 16911 203
16919 18319 202
16969 17184 202
16978 17193 202
17069 17070 202
17299 17301 202
17300 17303 202
17402 17982 202
17464 18157 203
17465 18882 202
17655 18119 202
17806 18093 202
17826 17828 304
17852 17857 202
17868 17875 202
17892 17894 303
17893 18386 202
17897 18114 202
17925 17928 202
17970 18145 202
17998 18699 202
18012 18180 202
18033 18705 202
18216 18226 202
18648 18783 202
18722 18726 202
18742 18747 202
18760 18920 202
18797 18801 202
